n 20
m 10
cap 20
Processing
57 60 52 72 64 73 83 30 4 2
78 73 100 63 73 96 32 75 29 91
71 87 30 4 51 81 80 41 8 20
28 21 37 27 5 48 46 52 93 88
69 45 22 45 13 29 85 23 50 92
24 58 93 54 92 84 67 20 16 67
51 42 55 97 12 69 45 29 27 27
78 39 40 93 1 4 69 53 2 47
86 13 65 56 69 5 77 6 86 65
3 27 72 89 72 42 12 71 31 42
16 44 25 6 54 93 15 67 45 64
3 48 70 55 65 74 36 4 57 79
18 41 86 8 14 81 44 1 39 11
5 1 43 88 80 82 36 97 45 58
93 47 4 18 3 94 52 36 39 50
10 85 97 74 82 70 99 18 9 99
80 62 8 63 73 99 44 68 72 37
33 40 11 89 17 58 90 29 80 23
17 25 29 46 20 50 100 36 24 74
27 28 23 97 24 41 68 8 43 56
Size
6 2 3 1 8 10 8 9 6 1
4 9 5 10 2 7 5 6 8 9
1 2 8 1 1 2 10 4 9 1
3 3 8 7 7 6 8 7 7 8
4 3 6 8 8 3 5 9 7 10
2 5 10 2 9 1 9 8 6 4
1 4 2 5 4 5 8 7 6 9
5 4 8 8 4 9 2 5 1 2
6 3 4 10 9 8 4 5 3 6
3 4 6 5 10 3 9 1 5 1
5 9 5 5 4 7 8 8 10 8
5 3 10 3 8 8 9 8 3 6
5 2 1 3 8 6 2 8 8 1
4 9 3 10 6 4 9 4 9 7
9 1 10 5 10 1 5 4 6 9
6 2 9 6 8 2 7 7 7 7
4 10 2 6 6 5 8 5 3 3
7 6 5 7 8 2 2 9 2 2
7 1 7 1 10 6 1 7 2 4
7 10 5 3 8 7 10 7 7 3
NoWait times: 3
2 5 6
