n 20
m 10
cap 30
Processing
8 62 71 79 36 41 64 42 34 7
97 67 13 40 72 5 16 95 82 99
32 98 74 65 36 5 55 96 80 80
92 35 26 54 18 89 22 50 77 96
82 49 50 45 59 19 28 65 6 69
88 59 49 63 52 30 45 2 19 89
63 69 2 13 42 54 90 96 10 45
75 70 70 32 35 70 34 78 15 16
70 35 73 31 39 44 72 6 33 6
10 77 26 20 25 100 67 71 43 74
98 83 27 34 75 94 27 40 15 68
96 62 53 65 26 85 73 42 64 28
88 72 80 67 85 22 52 58 18 24
7 85 90 71 77 75 87 82 96 60
50 12 73 96 99 36 31 8 80 55
85 24 61 96 13 22 63 24 46 46
97 20 77 38 1 8 19 95 23 42
2 33 8 99 57 77 3 24 52 53
23 91 43 66 97 19 1 73 46 31
7 5 58 21 17 62 53 1 32 77
Size
9 9 3 9 5 6 1 7 8 6
10 5 2 1 9 6 9 1 5 7
5 8 8 4 10 3 8 3 1 3
8 1 9 7 8 8 6 5 3 7
4 10 8 4 3 8 5 9 3 9
10 3 9 5 8 6 10 9 2 8
5 10 8 2 4 6 8 5 8 5
2 7 1 7 5 2 10 6 2 1
7 5 9 1 5 5 3 9 5 5
9 1 8 3 1 8 4 10 2 2
2 10 7 1 8 3 1 1 5 4
6 1 6 9 7 4 4 6 10 5
7 6 2 9 10 3 8 9 4 8
10 2 5 4 5 5 2 9 1 7
5 8 5 5 4 9 7 5 7 6
8 2 5 3 5 6 5 7 7 6
3 10 7 6 10 6 6 9 7 3
9 1 8 10 5 1 5 5 6 7
3 4 10 8 9 7 2 1 2 5
9 9 6 7 8 9 2 8 5 7
NoWait times: 3
3 4 7
