n 20
m 10
cap 30
Processing
69 35 20 21 90 61 4 15 17 27
26 45 59 18 64 14 91 56 97 44
55 47 23 49 38 34 28 35 20 21
65 14 87 99 10 12 2 21 80 53
91 81 3 82 56 31 85 93 49 40
8 75 56 8 88 73 86 71 23 3
91 99 72 16 86 62 50 28 61 56
2 29 97 40 1 12 78 68 8 8
56 42 99 27 42 26 1 59 74 7
35 22 44 85 90 34 76 13 70 17
27 25 49 36 83 72 64 19 3 15
57 20 46 58 30 87 31 59 80 15
76 72 72 67 80 4 21 67 93 34
34 86 89 33 37 7 30 97 51 68
22 91 45 89 87 58 12 17 12 86
91 87 88 97 100 46 95 14 94 68
10 64 28 84 40 100 88 37 70 64
4 92 15 51 43 98 85 43 10 60
90 46 98 21 56 78 97 88 91 81
78 13 94 11 30 46 21 50 66 24
Size
6 10 1 9 6 8 7 1 9 9
7 1 10 5 5 5 4 6 1 1
9 3 9 10 5 2 3 7 4 9
5 2 6 4 8 8 10 8 2 8
9 9 3 9 8 3 8 6 6 10
8 5 2 5 2 10 6 8 4 9
10 2 4 1 1 9 9 10 5 6
9 7 1 1 6 5 10 3 9 9
7 6 2 5 3 7 6 2 10 4
3 5 7 8 4 1 3 9 7 2
9 4 5 3 8 10 2 2 6 2
2 6 2 6 4 2 9 8 5 1
1 1 8 8 10 3 5 9 9 6
6 10 9 1 8 8 6 6 8 8
4 2 9 10 5 7 5 1 3 10
10 7 9 8 8 6 5 4 5 5
7 5 2 3 9 4 8 3 5 2
6 9 3 3 5 10 4 8 1 2
4 5 8 4 5 5 5 10 10 8
8 3 9 8 9 7 10 4 5 3
NoWait times: 3
1 5 6
