n 20
m 10
cap 30
Processing
79 43 24 68 66 26 42 10 25 39
23 92 47 26 21 38 93 33 70 12
10 30 86 7 74 8 74 60 55 83
76 91 23 100 47 91 43 17 60 9
28 58 7 2 54 10 51 28 72 50
91 27 38 16 13 74 95 52 22 41
83 61 69 100 27 88 67 3 28 1
99 98 38 12 11 52 24 47 67 15
14 95 39 16 82 75 22 91 42 19
16 18 10 46 92 49 81 53 51 95
20 1 93 83 23 49 32 79 46 6
40 96 80 85 19 27 36 98 82 30
27 31 21 60 53 5 12 83 23 20
77 6 58 79 11 44 29 80 63 74
5 32 65 91 6 52 51 95 67 84
84 54 89 61 28 23 33 74 55 50
29 6 66 47 96 19 89 37 22 95
45 56 86 22 5 73 32 33 98 12
79 45 79 68 56 20 48 79 95 36
50 62 69 86 34 47 38 73 58 5
Size
9 8 9 3 4 8 2 10 1 2
3 9 1 3 10 4 3 3 4 1
8 2 4 8 1 1 8 2 10 5
1 1 7 6 2 10 9 10 5 9
5 9 4 5 8 10 5 5 8 9
7 1 2 5 10 8 6 9 9 1
5 9 5 3 9 2 8 3 2 3
1 9 10 9 7 9 8 4 4 5
10 4 8 5 8 3 1 6 6 5
6 1 3 4 10 6 2 8 6 8
3 10 1 3 5 4 6 8 10 1
5 4 10 3 5 4 9 10 4 6
5 9 2 8 5 10 4 5 1 3
2 4 7 4 6 5 3 2 2 10
7 3 8 1 2 10 4 8 9 3
8 4 9 10 2 10 10 8 10 4
2 8 1 10 5 6 6 8 1 5
8 4 10 5 2 1 7 7 4 5
2 2 6 2 7 4 6 1 2 10
4 1 8 7 2 4 2 8 6 2
NoWait times: 3
0 2 7
