n 20
m 10
cap 30
Processing
4 8 92 83 16 35 62 24 44 6
58 47 75 23 62 4 16 32 52 96
36 99 7 71 66 96 68 20 38 80
37 63 98 58 32 8 57 1 1 14
15 43 94 15 36 62 8 31 44 35
35 61 22 90 5 87 57 29 62 20
31 70 89 29 11 36 30 51 18 51
77 5 34 94 70 80 11 20 98 73
60 1 11 63 53 87 21 17 55 21
50 10 51 53 71 46 55 42 95 20
54 5 47 19 26 17 48 11 99 53
16 88 27 79 54 96 100 64 83 93
24 18 91 36 4 96 47 47 22 41
60 91 19 74 4 18 5 51 38 73
77 3 86 80 100 75 82 83 84 52
61 17 60 41 39 10 35 100 39 86
31 79 73 78 97 99 64 10 39 90
49 88 74 90 20 22 100 84 58 97
7 95 86 4 53 89 95 95 7 100
32 88 50 89 97 11 15 70 42 9
Size
5 10 4 5 8 9 5 6 4 9
9 3 7 3 4 5 7 5 8 6
1 4 5 4 5 8 3 2 10 7
8 1 9 7 4 8 7 6 4 4
8 10 4 8 8 5 5 3 8 1
1 3 5 5 4 4 5 4 2 7
9 4 8 10 9 4 9 8 4 10
1 8 4 3 1 6 6 10 6 1
3 7 4 7 3 7 2 10 10 3
7 9 7 1 3 3 2 4 1 4
9 8 8 8 9 9 1 5 4 4
8 8 2 10 9 3 7 9 1 6
9 2 9 9 1 4 10 6 10 9
6 5 2 9 7 7 2 4 8 5
7 4 5 5 4 5 10 4 8 9
9 9 8 2 6 9 6 1 10 9
8 6 1 3 8 2 8 5 1 4
6 1 7 10 1 4 5 9 3 2
9 2 7 4 8 6 6 10 6 3
2 9 4 1 4 5 4 2 10 2
NoWait times: 3
1 2 8
