n 20
m 10
cap 30
Processing
95 46 25 47 45 6 88 11 50 56
88 30 49 31 52 41 35 83 84 21
77 50 43 75 70 91 56 96 35 17
47 66 79 98 39 33 64 12 1 76
26 74 24 54 98 77 89 1 76 38
26 62 14 17 43 42 30 82 82 49
56 78 71 79 78 62 1 48 59 89
20 29 80 69 76 46 29 59 88 91
57 18 10 36 88 37 7 31 36 61
70 20 12 17 66 29 79 42 43 88
37 34 20 27 77 19 51 100 94 4
28 79 77 30 74 82 3 99 74 52
52 90 31 4 8 2 50 79 43 83
95 82 79 11 82 44 2 14 66 17
8 32 51 5 36 36 49 76 72 3
27 99 44 56 70 14 97 4 59 2
90 53 59 43 65 35 74 46 2 57
80 60 30 86 86 94 63 55 55 26
16 33 71 100 33 46 99 54 77 13
60 44 46 58 52 29 55 48 51 56
Size
9 8 10 5 1 4 10 2 4 10
3 8 10 3 2 2 3 4 1 5
1 1 6 7 10 2 8 9 8 1
3 8 6 4 6 2 3 7 6 6
9 8 3 8 10 2 10 9 3 8
6 10 8 2 3 7 4 1 9 4
1 10 10 8 2 4 5 5 8 7
6 3 4 3 10 4 9 2 10 6
2 7 8 3 5 6 4 9 3 6
10 1 2 4 5 2 7 10 10 7
10 5 9 9 6 4 10 10 9 1
5 7 8 9 5 10 5 10 3 3
9 8 6 1 7 8 8 1 9 2
6 1 5 5 1 3 1 10 9 5
2 6 2 7 3 10 1 8 9 2
3 6 3 4 10 5 10 8 2 6
5 9 5 4 5 8 4 4 5 9
10 6 4 8 6 3 6 7 3 1
4 6 3 9 9 10 5 5 8 6
5 4 1 2 4 4 2 4 2 7
NoWait times: 3
2 5 7
