n 20
m 10
cap 30
Processing
43 49 90 29 21 64 61 70 74 22
27 51 57 95 82 20 97 63 30 19
56 38 36 73 46 10 40 69 18 26
23 3 49 55 30 95 67 15 31 39
18 65 31 60 52 1 4 69 60 20
91 25 3 19 16 61 68 20 48 31
12 89 1 65 61 31 61 54 43 75
54 11 65 59 42 38 18 29 61 33
66 27 9 61 29 38 28 59 90 28
5 9 63 35 94 47 71 71 8 33
88 80 7 37 83 59 45 27 10 18
63 23 20 15 15 48 59 28 26 96
14 83 34 55 62 94 97 100 74 26
41 4 52 35 32 11 71 75 19 49
14 8 84 82 48 28 10 13 25 36
4 58 53 14 81 95 99 42 41 70
23 53 88 77 97 37 69 35 34 71
26 96 25 93 74 54 53 43 71 79
71 50 9 41 9 69 81 83 36 42
34 23 46 58 15 96 3 58 74 18
Size
6 2 2 5 6 2 10 4 5 6
9 3 8 4 7 6 1 2 9 10
5 2 3 1 6 3 2 7 1 10
6 3 8 1 4 2 1 5 9 5
10 3 1 10 10 5 1 2 6 8
10 2 2 10 2 9 3 8 2 3
5 8 10 9 4 9 1 2 7 7
7 9 7 6 7 3 6 4 9 4
4 6 7 7 6 2 2 5 2 8
2 1 6 2 5 8 9 7 6 3
5 8 6 9 4 4 8 3 9 6
5 6 9 1 4 7 10 9 8 3
5 8 7 7 7 2 5 6 9 7
8 1 2 8 8 6 7 1 9 2
9 6 10 6 1 4 7 3 9 6
3 2 4 9 1 9 8 2 5 4
2 9 8 6 7 9 3 8 8 4
1 4 2 5 2 10 8 9 8 9
6 2 8 7 1 6 8 4 4 9
9 1 5 8 9 5 9 2 9 5
NoWait times: 3
4 7 8
