n 20
m 10
cap 30
Processing
45 18 65 36 33 12 85 4 95 42
72 7 93 37 22 77 12 18 90 16
30 72 45 28 9 78 72 4 32 8
89 95 56 42 54 48 44 21 41 39
96 75 58 96 6 65 45 89 99 99
98 46 5 92 28 32 83 34 7 75
65 58 47 89 84 99 1 65 73 51
50 89 26 70 90 18 61 39 95 38
63 21 92 86 92 37 100 12 63 12
75 20 6 82 25 20 14 38 76 87
31 98 68 9 50 11 96 29 4 14
6 48 35 26 96 36 49 28 47 97
80 66 3 72 42 91 71 77 100 19
89 80 21 73 19 88 82 32 94 93
91 77 52 8 60 40 48 35 34 69
26 8 83 60 70 17 91 49 94 12
99 58 87 83 14 92 8 36 53 11
30 89 57 19 26 85 20 61 17 22
29 71 87 31 7 95 98 94 59 43
70 63 7 86 90 96 75 7 43 88
Size
10 7 8 1 7 3 6 5 9 5
10 3 2 10 9 7 4 5 1 3
9 4 8 3 9 10 8 9 3 2
6 10 5 9 9 2 3 10 8 5
8 3 1 9 1 3 1 10 3 8
3 8 5 10 9 9 8 2 9 10
2 2 1 4 9 3 7 4 8 1
1 6 3 1 4 10 4 3 9 4
8 3 10 7 10 8 6 5 9 9
4 2 4 5 3 5 2 10 9 9
5 3 6 5 6 6 4 6 3 9
1 7 3 1 8 9 5 4 9 1
5 7 8 2 10 2 4 5 3 9
1 8 5 2 4 3 7 9 10 4
5 4 1 7 6 9 4 7 7 7
9 2 10 8 3 10 7 10 2 3
4 1 2 4 10 4 6 10 6 1
1 10 2 10 9 8 6 2 5 5
9 3 7 5 7 4 6 3 4 3
2 1 4 8 4 9 1 7 2 10
NoWait times: 3
2 6 7
