n 20
m 10
cap 30
Processing
87 50 92 56 94 91 91 46 77 79
40 45 39 50 77 83 8 21 70 94
87 37 8 83 5 21 100 82 2 89
34 31 43 62 30 60 22 37 6 17
42 31 91 26 79 31 46 64 52 27
88 79 48 76 18 66 8 4 84 68
46 42 94 16 74 98 36 50 54 21
93 33 3 72 77 13 65 21 87 62
56 45 64 85 2 97 30 95 24 99
50 58 9 59 39 41 95 67 20 24
31 7 14 21 77 17 52 97 53 23
9 57 82 28 22 64 98 55 45 47
54 20 73 3 40 70 71 63 25 87
52 60 88 18 46 68 60 63 37 49
91 70 10 12 98 70 86 61 19 87
51 91 4 31 35 22 51 93 7 17
29 47 13 56 75 94 77 53 54 37
3 51 65 81 86 51 98 91 85 95
7 91 20 39 51 9 57 45 26 88
64 68 10 12 3 65 40 46 3 86
Size
9 1 2 5 5 9 5 5 5 4
3 10 10 8 7 7 3 1 9 6
10 4 1 3 5 10 9 5 2 7
8 6 10 10 2 3 7 8 5 10
9 4 8 4 7 9 5 2 7 5
8 7 9 6 8 8 3 9 2 8
6 3 6 1 9 8 8 10 9 10
10 1 8 9 1 3 5 8 5 1
1 10 7 4 4 2 4 2 10 4
3 10 1 8 2 1 4 1 9 2
4 8 3 8 2 10 7 5 5 5
1 6 8 8 10 2 3 6 3 6
4 9 1 3 2 8 6 7 2 6
6 4 9 8 10 10 10 1 5 7
4 4 7 2 10 7 5 3 5 7
1 3 2 10 2 6 5 4 2 3
6 3 5 1 7 8 4 3 9 10
10 4 10 7 5 8 4 6 2 1
2 2 2 2 4 10 3 6 10 8
2 8 3 2 8 2 7 10 7 8
NoWait times: 3
1 4 5
