n 20
m 10
cap 30
Processing
37 10 80 71 57 25 52 61 55 18
20 16 41 21 92 13 11 81 16 31
40 81 27 26 61 7 49 69 44 72
77 37 55 48 76 58 38 100 69 69
47 63 26 61 34 83 61 13 77 13
78 4 64 7 80 93 67 64 51 8
57 97 13 55 9 91 17 29 95 86
42 41 43 7 22 49 63 13 4 68
70 34 41 80 88 85 39 51 82 72
50 66 60 48 63 11 48 68 91 67
56 7 54 26 34 27 16 35 71 93
55 67 69 41 100 43 5 44 47 21
7 56 51 44 34 73 94 78 27 83
19 58 56 65 36 54 68 1 84 54
31 19 18 60 53 80 33 2 85 24
44 58 75 99 49 97 85 79 22 37
23 1 37 51 78 62 54 91 49 65
8 61 17 22 4 98 90 63 46 15
55 27 21 29 66 48 26 17 57 2
54 100 39 74 37 95 50 48 14 49
Size
1 1 7 6 3 6 10 7 9 4
6 2 10 9 1 5 1 4 3 4
7 7 3 3 8 10 4 4 9 4
9 9 4 3 6 6 2 10 6 9
4 4 9 1 1 4 6 9 9 7
5 7 3 4 8 10 6 7 2 1
3 6 7 6 5 4 10 5 5 8
10 9 3 3 3 8 10 1 3 2
7 5 1 10 6 1 7 8 4 6
1 3 5 7 4 7 7 3 6 2
4 7 6 8 5 9 8 7 5 7
10 1 6 10 2 7 5 6 2 6
5 9 3 1 2 5 5 4 4 2
3 3 9 6 8 9 8 10 6 4
3 10 2 10 5 9 1 6 10 8
2 10 8 5 6 4 4 4 3 7
7 3 8 9 6 6 8 2 8 9
9 2 2 8 1 10 7 1 5 9
5 2 3 9 8 2 10 8 6 4
10 8 3 7 1 4 3 2 8 2
NoWait times: 3
0 1 3
