n 20
m 10
cap 30
Processing
35 77 77 88 50 21 42 52 47 6
23 48 35 87 7 91 94 69 89 80
40 4 17 57 83 30 17 78 71 70
55 95 99 93 87 7 65 41 33 19
95 70 19 87 95 95 69 37 71 54
72 9 31 78 81 41 52 97 2 75
37 70 30 94 18 23 45 86 9 75
45 28 72 61 26 15 14 42 82 73
9 17 20 78 4 68 8 54 12 32
43 44 43 27 43 53 99 43 69 83
59 29 22 94 43 55 33 18 68 34
28 73 99 13 35 73 51 5 28 85
90 77 8 24 92 63 11 66 99 84
28 14 70 61 91 1 25 79 34 10
17 17 26 100 65 63 73 76 15 2
20 84 83 26 52 60 87 95 69 28
43 34 10 36 62 16 66 74 21 47
7 3 11 25 74 80 20 64 54 50
33 7 98 12 3 71 19 74 7 61
95 46 90 89 31 82 28 83 36 99
Size
3 9 4 10 1 4 10 4 7 3
6 7 9 7 2 10 2 3 8 10
6 9 10 3 1 6 5 6 4 3
2 9 6 7 4 9 6 1 2 2
5 6 10 4 9 6 7 1 8 2
4 9 3 6 7 4 1 4 4 6
4 5 1 8 1 7 3 7 5 1
1 2 4 5 10 8 7 10 1 10
1 8 8 5 7 8 10 3 9 10
6 6 4 6 3 3 7 4 5 7
8 1 2 4 5 8 7 9 1 10
4 8 10 1 5 4 4 3 7 4
5 9 5 6 3 7 7 1 7 7
1 3 8 6 8 9 5 1 2 9
5 4 2 2 3 7 5 3 5 2
3 5 4 6 7 4 1 7 10 4
7 10 1 1 9 2 7 10 5 5
1 6 4 2 5 3 10 9 6 1
1 1 9 3 1 1 10 10 3 1
10 1 6 6 3 10 1 10 3 2
NoWait times: 3
1 4 5
