n 20
m 10
cap 50
Processing
87 65 52 13 5 19 33 22 31 40
29 10 72 36 4 58 48 86 3 97
47 85 98 27 80 15 97 86 60 73
63 66 41 24 36 88 67 80 6 92
10 63 49 89 87 65 34 16 89 32
22 32 13 22 12 46 65 48 77 89
30 26 78 41 52 9 34 97 100 75
29 16 82 28 77 2 51 25 33 43
21 68 93 9 62 42 73 20 71 54
58 59 30 18 64 75 14 74 53 97
17 97 7 76 34 10 84 10 57 30
67 86 67 5 25 26 1 9 99 49
66 90 58 14 11 11 35 30 74 67
85 97 55 18 17 32 37 44 28 59
60 10 88 2 86 66 63 96 74 52
81 53 23 25 78 62 75 97 55 42
11 93 2 21 9 89 73 16 29 34
79 96 53 28 23 67 15 93 85 58
51 64 50 55 7 57 10 87 88 38
78 94 9 41 31 11 54 59 95 67
Size
5 7 4 2 1 5 5 10 3 7
8 3 9 1 6 3 10 5 4 2
6 2 6 6 6 9 3 6 10 7
4 2 5 7 2 3 7 10 1 8
2 6 10 2 4 4 1 7 5 10
7 1 1 8 8 5 5 8 10 1
6 10 7 7 5 3 9 1 9 9
10 10 1 5 9 6 4 3 10 8
5 4 3 5 3 2 7 7 5 6
1 7 2 2 6 1 1 6 3 4
9 7 6 5 6 10 1 10 7 9
2 5 4 5 2 10 5 1 4 6
6 9 1 9 10 1 1 10 3 5
1 8 3 4 4 8 2 6 1 4
4 4 3 10 2 7 9 9 9 5
8 7 9 5 7 8 8 10 1 1
1 3 9 3 7 6 3 6 5 10
9 3 8 7 2 3 10 9 3 8
10 3 2 1 3 4 2 4 10 4
10 6 1 2 2 1 5 9 2 5
NoWait times: 3
1 5 8
