n 20
m 10
cap 50
Processing
79 6 17 57 54 100 95 48 63 81
80 36 37 45 67 19 4 53 20 53
96 64 44 24 64 84 6 60 89 20
34 5 79 22 1 84 16 77 49 31
40 26 78 3 39 98 75 50 14 4
13 25 84 72 47 3 40 99 44 53
94 76 67 62 86 39 92 39 86 99
36 84 46 18 16 92 37 13 63 42
51 51 90 45 22 5 100 73 2 73
80 58 65 30 85 67 95 36 47 24
64 4 48 71 67 93 39 7 19 53
82 12 36 44 30 23 22 17 7 73
54 64 64 88 73 80 18 71 99 51
48 12 94 80 34 60 32 12 31 94
39 53 69 39 11 66 22 5 5 86
28 87 69 2 78 9 49 4 98 64
78 57 29 13 31 44 67 72 47 80
25 94 75 29 84 1 7 77 32 2
59 78 76 33 32 28 50 32 20 43
34 34 20 63 26 61 100 4 10 13
Size
5 9 5 5 7 2 3 6 2 4
10 1 6 1 7 3 2 3 9 8
6 7 1 10 9 4 9 1 1 6
7 8 2 2 7 8 3 9 8 7
2 7 2 6 9 10 3 8 5 7
1 8 5 5 10 9 9 5 1 5
5 1 6 6 6 9 3 3 2 2
10 10 6 3 1 7 1 1 7 1
5 4 10 2 6 7 6 4 2 8
10 8 6 6 7 1 6 2 1 2
1 10 2 8 2 9 2 9 5 9
10 8 5 4 5 6 4 4 5 9
9 1 10 3 6 6 3 5 6 9
8 6 2 1 3 6 3 5 2 4
2 3 8 2 9 10 1 7 6 1
5 2 2 8 8 1 5 7 1 6
1 5 5 5 4 6 10 9 2 9
10 8 9 4 3 9 9 3 3 6
10 5 5 8 9 2 3 8 7 9
7 2 7 10 8 3 1 1 9 3
NoWait times: 3
1 6 7
