n 20
m 10
cap 50
Processing
47 93 44 84 84 9 82 50 45 24
86 32 4 2 90 65 56 66 82 37
73 44 84 9 23 75 55 15 2 92
81 28 33 29 30 8 75 77 79 35
71 62 39 89 89 44 100 99 6 40
27 2 67 32 69 20 45 49 82 82
18 77 53 29 86 97 57 41 44 37
69 76 90 12 54 99 59 67 44 27
20 15 30 71 92 97 89 1 37 25
75 84 68 30 83 95 97 86 49 34
41 30 26 7 33 66 83 57 50 53
38 81 29 91 61 81 40 6 46 41
24 68 96 65 23 69 29 78 65 7
74 38 61 90 30 24 97 61 65 20
33 28 78 5 56 32 30 25 63 6
98 34 86 51 88 56 51 54 36 59
6 66 17 5 40 8 43 14 40 28
34 57 3 26 53 48 57 86 98 70
63 51 44 41 47 62 17 72 50 6
56 26 61 67 27 24 80 90 20 13
Size
9 8 6 8 5 6 9 6 2 4
10 3 9 4 10 8 2 7 3 9
4 6 1 6 9 3 9 3 5 5
5 3 3 5 7 10 4 4 6 5
7 5 7 3 8 5 2 6 3 4
2 2 3 8 3 4 10 8 3 10
7 10 6 10 6 5 3 10 3 2
1 1 8 1 9 8 3 6 2 2
9 5 2 1 9 6 3 10 7 1
4 7 5 2 7 3 1 6 2 9
10 3 7 2 6 5 8 1 4 3
6 5 8 2 6 1 10 3 4 10
8 3 5 8 7 6 5 5 3 2
7 8 10 2 1 1 3 8 10 8
6 3 8 10 1 1 6 7 6 9
5 2 5 7 4 9 10 7 1 5
7 6 6 7 8 9 2 7 9 3
6 1 1 7 2 4 7 4 9 9
3 6 6 6 4 2 8 8 5 8
2 7 3 9 9 2 4 5 3 7
NoWait times: 3
0 5 6
