n 20
m 10
cap 50
Processing
79 85 98 46 33 70 28 58 82 80
44 81 80 56 95 13 92 10 37 15
77 24 81 36 39 8 31 72 2 59
9 50 37 56 42 42 50 7 41 99
65 29 49 61 5 64 84 83 87 98
39 44 20 26 28 79 25 88 72 13
5 22 54 85 18 19 90 57 82 40
7 39 62 81 51 50 79 4 8 64
2 88 9 88 16 20 38 33 54 11
64 17 97 60 53 3 70 4 55 90
72 2 3 14 72 21 52 89 14 76
62 78 32 59 26 83 33 12 94 41
65 65 73 59 86 36 74 51 37 39
5 83 99 98 51 72 58 52 91 84
68 45 56 60 97 89 25 70 2 34
78 69 98 47 87 45 65 60 55 83
68 90 85 33 22 59 97 36 26 12
37 6 51 99 27 94 10 26 18 59
99 13 99 45 65 50 22 39 33 77
40 83 78 17 34 80 34 50 97 16
Size
9 3 10 3 9 5 5 3 8 4
9 6 3 5 2 2 7 6 3 9
5 4 3 3 6 9 2 1 10 1
8 8 7 7 4 10 10 4 9 9
6 2 7 4 9 1 3 4 2 7
10 1 10 4 10 9 2 4 9 8
4 6 6 2 1 9 9 2 6 6
8 9 7 3 10 9 9 7 7 6
4 7 3 7 1 6 6 8 7 1
5 8 8 6 2 5 4 6 10 5
1 3 1 5 2 2 2 3 4 4
3 3 8 7 4 1 3 9 10 5
10 10 1 5 10 4 9 2 8 3
1 7 9 5 10 10 1 7 4 1
9 9 7 10 10 9 3 1 6 2
10 3 10 2 5 6 8 9 10 4
5 8 9 7 4 10 5 8 9 4
8 7 4 5 4 8 5 8 6 6
10 10 10 3 4 2 5 1 5 5
9 7 3 7 2 5 3 6 9 9
NoWait times: 3
0 4 5
