n 20
m 10
cap 50
Processing
7 35 47 26 97 61 71 13 100 81
34 64 23 41 81 7 37 41 18 14
84 23 58 80 3 7 65 21 14 13
73 25 16 58 98 1 60 22 55 70
4 66 94 75 5 45 61 53 74 73
62 83 46 40 73 71 59 47 53 25
11 64 93 41 51 41 56 65 69 59
71 14 7 27 31 7 46 71 16 70
59 82 9 75 39 91 93 49 74 5
92 33 12 29 40 50 7 99 86 5
87 100 92 17 5 60 15 24 32 43
46 15 86 58 10 57 67 85 39 2
33 84 61 25 4 69 44 31 32 86
46 10 82 89 15 72 54 60 76 80
50 36 44 8 25 51 63 46 62 58
92 13 51 72 43 36 61 1 63 13
44 81 50 16 9 49 28 20 77 1
91 100 79 92 100 1 70 22 38 32
53 85 38 97 68 21 43 6 69 42
93 30 86 14 84 82 45 42 94 81
Size
6 10 3 2 3 9 6 5 3 5
3 3 3 8 7 6 6 4 3 1
1 6 10 9 5 6 3 2 6 9
1 3 6 10 5 6 10 4 5 8
5 9 6 4 4 2 7 8 9 2
7 4 5 9 2 2 1 9 7 3
4 7 10 4 4 8 9 5 8 10
8 6 5 9 3 10 3 7 1 6
1 8 8 10 1 6 1 6 2 6
3 3 4 2 7 4 8 6 8 10
5 2 8 8 1 1 2 3 2 5
1 6 9 5 2 5 1 8 7 8
6 1 2 1 1 8 8 3 4 10
2 8 7 3 7 2 2 3 6 3
9 3 5 10 6 6 6 5 4 2
10 8 3 4 3 5 6 4 1 8
2 2 8 4 5 4 4 6 3 9
9 3 9 5 5 9 10 6 6 4
7 5 5 5 1 8 10 10 7 6
2 1 10 3 2 3 3 6 3 7
NoWait times: 3
2 3 6
