n 20
m 10
cap 50
Processing
89 29 49 49 32 93 27 80 74 97
32 81 80 60 78 54 74 12 63 14
85 97 6 79 72 37 21 5 38 5
31 71 43 36 7 71 28 70 17 13
88 68 96 12 69 70 6 98 76 43
10 94 81 11 73 25 93 46 41 13
66 27 1 69 72 77 5 85 30 3
60 46 96 39 84 43 28 34 66 72
90 66 26 98 29 4 52 54 8 70
69 26 95 32 13 43 52 9 29 42
5 89 67 88 47 40 69 22 28 44
80 38 49 85 4 22 49 10 88 68
51 27 41 80 57 21 18 49 20 48
59 75 82 44 92 17 66 89 27 53
58 81 67 57 94 60 56 21 90 57
1 60 9 40 37 44 50 4 42 72
50 76 52 44 86 28 30 11 73 76
90 32 56 96 8 82 22 95 51 98
94 37 96 26 83 7 30 74 46 37
75 23 93 30 80 52 13 42 100 41
Size
9 4 3 9 2 9 6 2 7 6
3 9 9 4 6 5 10 9 7 2
5 3 9 6 8 2 4 1 10 7
2 7 10 7 2 4 10 2 7 4
2 1 5 1 4 1 5 8 8 7
9 6 3 7 2 2 9 4 10 7
7 7 6 5 4 1 10 1 9 8
1 7 9 3 7 5 7 7 10 4
1 1 10 8 5 9 6 10 7 1
5 4 1 1 7 3 9 6 8 7
8 5 4 7 10 1 2 9 3 7
8 6 8 3 10 2 5 6 4 10
3 5 2 10 7 2 5 8 3 3
1 1 5 8 9 4 5 8 6 2
6 2 2 3 7 4 3 4 6 1
9 1 9 5 6 10 7 5 9 9
2 4 10 7 5 3 6 7 4 3
3 9 1 5 4 10 6 4 3 3
6 4 6 8 3 8 9 4 9 4
7 4 10 7 10 6 6 5 2 1
NoWait times: 3
1 4 7
