n 20
m 10
cap 50
Processing
71 61 70 6 10 35 92 29 43 23
31 21 87 59 77 77 12 30 25 29
91 1 47 55 1 39 5 90 27 57
47 88 47 88 27 44 24 20 23 16
42 50 85 46 5 92 41 25 26 13
26 80 21 23 27 63 16 96 90 25
65 44 82 76 78 45 63 68 43 67
55 40 88 6 76 97 3 98 98 93
61 85 41 75 65 27 26 20 91 8
83 43 48 63 95 95 46 84 40 8
41 73 53 86 12 19 59 32 49 24
53 98 7 88 85 42 93 28 52 18
41 64 1 5 93 65 93 16 57 58
53 31 34 53 97 55 95 70 89 76
55 81 72 62 22 17 60 54 23 47
100 25 89 93 57 38 21 82 6 32
89 33 9 84 6 55 92 93 41 29
30 40 81 32 18 44 82 54 42 17
74 18 77 49 14 20 3 82 25 96
60 52 23 65 35 68 54 45 87 36
Size
10 6 7 5 9 1 9 5 3 3
9 5 4 8 6 8 10 4 2 9
8 1 2 8 6 10 7 1 1 8
3 6 3 1 7 7 6 1 2 10
6 10 6 1 4 4 10 5 7 10
10 1 4 2 9 9 1 1 9 1
1 1 5 5 3 1 5 4 5 4
6 8 4 6 1 1 5 8 9 2
1 7 5 3 10 6 2 5 10 7
6 7 2 3 1 10 6 4 4 2
9 5 3 4 10 5 1 8 3 10
1 1 4 3 6 6 6 7 2 3
2 6 5 5 2 3 7 1 8 8
5 2 7 5 10 10 6 4 6 8
2 3 8 10 9 8 7 10 8 7
2 4 3 8 9 2 2 5 5 8
2 10 5 8 5 3 10 4 1 9
5 3 9 4 6 3 8 8 3 5
6 6 1 4 5 5 1 4 4 4
7 7 1 4 3 1 4 1 7 10
NoWait times: 3
0 5 8
