n 20
m 10
cap 50
Processing
70 60 59 85 50 79 66 68 78 13
42 21 4 74 79 5 39 77 36 8
56 60 29 89 12 28 63 36 58 80
90 64 82 98 31 23 2 49 50 11
84 10 61 93 9 68 48 86 93 68
9 6 3 51 23 62 9 48 64 23
79 93 78 70 59 9 23 90 97 49
38 69 62 88 70 4 68 91 100 12
75 71 64 100 84 30 61 25 84 50
39 49 86 88 83 97 55 84 49 43
63 85 85 38 87 21 46 31 58 11
3 37 5 90 53 60 99 85 1 89
13 43 6 83 2 56 24 6 47 48
8 2 64 88 45 79 12 25 72 48
43 24 17 26 90 64 100 81 53 67
68 71 86 69 54 4 96 3 93 63
94 39 3 24 85 68 68 12 87 57
64 97 55 45 33 45 49 77 24 73
57 14 20 25 2 94 96 61 24 59
25 43 38 83 4 79 51 29 79 7
Size
9 4 6 9 6 10 5 10 6 2
9 9 2 6 8 5 5 1 9 7
5 3 3 2 10 4 4 5 1 4
4 8 10 1 7 1 5 6 1 4
4 9 9 8 5 5 1 2 9 9
4 9 3 8 10 5 7 1 8 9
7 7 9 7 4 8 4 4 4 2
2 10 10 10 2 6 10 4 7 9
6 2 4 5 10 10 5 8 1 2
6 5 9 5 9 3 6 6 5 9
9 10 10 7 2 10 10 2 2 7
7 7 6 2 7 10 3 1 3 1
3 5 2 5 4 2 1 8 7 5
6 9 8 9 10 4 6 10 7 10
3 9 8 1 8 6 1 7 6 10
9 3 7 7 9 3 8 10 3 3
8 5 7 3 8 1 3 5 2 2
10 8 8 6 6 10 5 1 6 10
2 2 10 10 10 2 2 2 2 3
2 4 7 1 10 4 1 2 2 3
NoWait times: 3
2 3 7
