n 20
m 10
cap 50
Processing
78 8 39 22 60 85 84 98 41 91
17 42 55 16 47 73 12 7 81 23
95 83 72 61 4 97 96 29 81 90
57 79 35 95 9 17 23 56 67 91
100 43 74 82 7 38 15 10 23 45
51 17 73 18 33 72 56 31 54 93
50 3 6 60 76 54 33 71 45 59
19 64 43 40 78 93 47 16 5 55
2 23 19 50 53 47 56 53 88 63
86 18 50 84 96 37 24 33 92 90
45 26 47 30 67 19 37 28 98 17
64 68 64 17 25 58 73 97 89 22
99 55 60 18 100 34 14 18 54 50
70 66 88 53 32 15 79 16 85 73
55 44 67 68 63 29 46 44 17 87
91 42 72 33 71 75 23 42 30 86
60 80 39 39 49 74 15 18 55 23
48 56 49 21 89 88 20 91 19 9
51 15 70 9 41 10 40 23 60 50
86 31 12 23 100 52 69 10 68 76
Size
2 3 5 8 9 2 6 7 4 6
4 10 2 5 6 5 1 6 10 10
6 8 1 8 3 1 7 3 2 1
5 8 8 3 7 7 10 8 1 10
3 1 4 4 7 4 1 2 5 6
8 2 2 6 6 4 10 6 9 9
9 10 4 9 6 10 4 9 4 10
10 2 5 10 10 7 10 4 2 6
3 7 3 5 6 3 6 6 6 2
9 1 5 3 4 6 2 10 8 3
3 10 5 1 5 1 1 1 4 6
4 1 2 1 10 5 3 8 1 1
6 8 6 8 5 3 5 10 7 2
10 1 7 3 7 9 8 6 8 7
4 4 6 9 6 4 5 2 8 6
2 8 3 9 8 6 5 7 9 7
8 6 9 3 2 3 2 7 6 6
7 8 5 4 7 1 7 3 7 5
3 5 10 4 5 9 6 4 4 5
6 10 10 9 9 9 5 1 7 4
NoWait times: 3
1 4 6
