n 20
m 10
cap 50
Processing
67 98 73 27 57 20 60 79 4 13
99 63 96 50 17 20 70 20 53 37
90 92 78 55 71 98 38 45 68 3
97 63 26 97 73 19 11 25 23 31
76 7 86 100 65 52 70 96 98 81
98 55 47 3 26 85 20 16 69 33
82 51 44 93 37 41 10 80 64 8
39 97 7 57 73 28 80 38 17 91
71 79 75 60 86 47 10 63 90 44
20 39 10 81 87 47 96 18 84 100
61 88 98 25 21 15 29 29 65 4
58 66 5 42 28 65 62 69 50 78
28 27 24 77 99 12 11 8 86 97
19 44 33 96 49 69 23 17 91 20
25 16 18 80 13 53 88 32 60 37
25 41 26 25 37 75 5 6 21 10
15 8 58 29 31 36 81 74 82 53
34 41 82 96 97 43 72 61 8 13
92 37 47 13 96 17 76 44 33 90
18 39 18 52 31 65 66 35 68 65
Size
10 10 5 9 3 5 6 4 7 3
6 5 7 6 5 9 1 5 9 6
6 8 10 5 4 5 2 1 9 8
8 3 9 2 2 8 7 6 4 2
4 4 9 6 3 9 7 8 9 8
7 7 8 2 9 7 8 2 5 8
3 3 7 6 6 8 1 4 8 7
8 8 2 8 8 2 7 1 2 9
6 3 5 8 4 3 4 2 4 1
7 4 1 7 5 2 4 7 10 1
2 2 4 5 2 2 6 3 5 10
6 10 8 10 9 5 10 3 6 1
4 10 7 3 4 1 8 1 2 4
1 6 1 1 8 3 1 8 4 5
4 7 6 3 4 1 2 4 5 5
7 9 2 1 6 4 10 9 3 10
4 9 1 9 8 2 9 4 9 9
9 8 7 1 6 5 8 5 3 7
5 7 7 8 2 8 4 1 3 9
10 3 4 1 10 1 2 3 7 4
NoWait times: 3
0 1 5
