n 30
m 3
cap 10
Processing
71 50 43
43 31 30
30 93 51
76 95 64
82 51 7
66 42 18
27 7 72
81 71 48
7 54 65
67 74 26
69 100 46
24 34 79
99 88 70
16 41 59
20 33 33
3 88 43
87 9 69
88 91 82
64 71 34
53 3 56
66 87 17
26 77 35
49 45 72
59 70 2
75 69 76
20 40 11
76 25 74
92 35 26
76 62 10
15 86 1
Size
3 5 8
2 9 6
1 3 6
4 9 10
9 9 8
10 5 7
3 10 6
5 9 5
10 9 8
5 1 4
3 5 6
1 10 1
4 2 4
1 1 4
7 7 5
2 1 4
7 3 10
3 7 8
4 2 10
3 10 2
10 3 9
4 5 10
9 1 3
9 8 4
2 7 5
8 5 7
2 5 5
5 9 6
1 4 4
1 4 10
NoWait times: 1
0
