n 30
m 3
cap 10
Processing
31 68 23
94 74 5
93 67 49
26 79 24
34 53 53
45 47 59
17 43 70
29 69 6
6 29 69
4 34 83
17 37 37
29 50 37
30 29 31
15 85 13
54 64 86
94 35 95
41 21 89
28 79 16
93 98 26
12 46 13
31 57 73
25 86 17
54 95 39
22 25 100
2 86 79
46 70 40
58 7 97
44 62 70
31 44 51
72 24 62
Size
7 4 9
1 1 6
4 9 7
5 7 8
7 5 5
3 5 10
9 7 8
8 5 4
4 10 6
1 7 1
8 9 5
4 9 8
5 5 6
1 8 10
2 9 7
3 5 6
4 9 5
6 8 1
7 5 2
1 4 5
1 9 3
1 9 3
1 6 5
8 9 2
8 4 10
3 6 3
8 10 10
8 10 3
4 6 5
3 9 9
NoWait times: 1
0
