n 30
m 3
cap 10
Processing
44 26 69
40 11 81
83 43 12
5 79 100
78 10 59
51 79 7
58 70 67
36 54 30
26 61 49
96 64 93
26 66 18
91 83 29
65 80 22
77 8 16
8 47 24
21 58 59
84 91 98
42 79 76
29 96 28
63 97 47
49 17 23
25 52 83
37 86 19
5 39 73
58 64 27
75 17 52
21 1 24
34 2 89
24 64 26
92 74 79
Size
7 1 4
4 8 7
8 1 1
10 8 5
3 2 6
9 3 5
8 5 9
6 5 10
7 2 6
2 4 1
10 10 1
3 6 1
4 9 4
5 2 7
1 1 2
1 2 8
7 7 1
2 4 4
7 3 2
4 3 10
8 2 2
9 3 1
8 9 10
6 9 9
3 10 10
10 3 2
9 1 2
10 9 7
2 7 5
7 2 5
NoWait times: 1
0
