n 30
m 3
cap 10
Processing
13 23 35
59 49 56
83 38 38
89 45 23
58 75 47
71 90 23
93 25 38
100 10 72
46 34 18
67 89 87
16 68 82
49 7 21
71 54 100
71 28 87
97 81 99
12 4 64
44 35 85
43 74 28
67 90 45
88 68 64
100 72 42
10 16 1
11 63 11
67 47 39
55 37 40
4 96 10
26 62 23
90 92 99
11 18 42
64 56 100
Size
5 10 9
9 9 3
6 6 5
6 10 10
5 9 2
3 3 10
9 3 5
6 1 7
7 2 10
3 10 7
9 6 6
5 7 1
2 10 3
10 10 10
8 8 6
9 10 8
1 1 3
8 4 5
1 6 2
5 10 2
7 6 8
9 8 8
6 7 4
6 6 7
6 5 5
2 9 4
9 6 6
2 3 3
10 3 5
10 2 2
NoWait times: 1
1
