n 30
m 3
cap 10
Processing
68 91 32
45 46 46
72 75 82
4 39 21
47 13 79
8 30 90
44 100 93
72 74 72
49 71 96
30 65 75
39 89 70
47 36 80
4 40 67
54 64 17
92 10 89
48 92 5
70 89 17
90 51 81
37 21 13
54 64 50
94 85 34
77 19 28
88 22 59
53 15 82
11 80 1
75 83 33
52 25 14
43 88 48
23 17 80
28 56 88
Size
5 6 5
7 1 8
9 5 5
8 8 9
8 2 5
9 4 4
7 5 6
4 6 4
6 4 5
9 1 3
5 10 2
10 5 10
6 2 9
7 8 9
9 10 10
9 8 6
9 2 6
2 8 2
9 7 2
4 7 2
5 9 5
4 7 9
8 6 9
8 8 7
8 2 1
8 9 9
9 8 1
6 5 7
10 5 5
4 5 2
NoWait times: 1
1
