n 30
m 3
cap 10
Processing
36 64 87
85 57 56
92 58 57
78 50 47
21 35 59
72 78 33
82 23 3
24 42 99
38 90 67
26 46 86
37 56 79
100 2 87
86 91 22
30 46 68
100 49 64
11 90 82
27 55 25
8 54 47
88 26 11
62 89 83
10 65 26
68 65 100
99 61 3
28 47 62
60 40 87
74 94 100
34 32 26
23 89 51
18 36 9
70 52 9
Size
4 7 9
9 3 10
7 6 9
8 2 1
7 8 9
7 3 6
8 9 8
10 1 4
7 1 3
5 8 1
8 9 6
3 7 5
8 5 1
1 10 9
9 7 7
7 4 4
9 3 8
3 5 10
2 5 9
10 1 1
7 2 8
2 9 5
9 1 4
2 7 4
7 9 3
10 6 1
3 9 1
6 3 10
9 9 1
10 6 10
NoWait times: 1
1
