n 30
m 3
cap 10
Processing
72 1 55
38 47 87
26 74 79
81 95 33
67 71 14
73 17 45
71 60 7
97 56 10
90 87 67
72 13 21
97 5 43
15 14 60
55 63 87
76 91 37
59 53 30
76 56 70
21 41 12
48 41 5
78 7 54
67 100 29
69 92 27
35 90 63
74 92 45
16 62 57
53 95 36
33 29 51
41 94 75
77 86 66
49 12 44
17 11 97
Size
3 4 5
10 8 2
10 8 7
2 1 10
9 9 6
5 9 7
5 8 4
10 10 5
3 4 6
8 7 10
2 6 3
7 1 4
10 1 10
5 5 2
9 7 3
3 3 8
6 4 2
8 9 4
1 10 10
5 2 9
1 1 4
3 10 1
5 5 1
5 1 10
4 3 9
5 10 6
10 7 8
5 1 10
8 5 4
3 4 1
NoWait times: 1
0
