n 30
m 3
cap 20
Processing
36 76 83
69 99 56
98 24 39
91 89 61
86 81 85
76 41 94
19 86 100
13 46 100
33 40 25
77 32 30
37 2 47
18 57 15
50 19 39
51 45 97
83 3 55
26 10 71
22 54 62
89 80 70
98 7 3
75 80 11
77 27 78
36 64 100
93 5 46
68 15 19
38 99 36
46 91 14
87 40 31
56 37 57
47 95 1
29 52 72
Size
9 6 1
4 7 5
7 4 10
8 9 8
3 6 4
3 6 5
1 9 4
8 3 3
6 10 1
9 5 2
10 3 5
7 2 10
3 5 5
8 2 8
7 9 8
10 7 4
5 1 6
4 8 5
2 4 7
8 4 6
3 9 9
6 10 6
4 9 8
3 9 6
10 1 4
3 3 8
8 3 9
4 5 4
5 2 3
7 9 1
NoWait times: 1
0
