n 30
m 3
cap 20
Processing
23 35 55
1 15 65
80 9 36
58 7 61
80 7 66
16 9 29
82 76 49
86 38 56
53 52 57
96 73 51
24 100 44
35 83 60
71 95 26
71 96 83
59 82 16
8 78 81
50 70 80
74 58 94
96 89 17
73 2 8
87 35 34
42 30 98
22 89 48
26 14 28
33 38 85
74 34 64
68 93 41
12 53 83
100 65 100
84 23 51
Size
1 7 3
8 5 9
10 7 9
8 7 10
4 4 4
5 4 10
6 1 4
4 7 10
5 6 5
3 6 3
6 10 8
5 2 2
8 10 10
8 5 5
5 1 6
9 3 6
4 2 6
10 7 2
10 9 2
5 5 4
5 2 7
6 8 7
3 6 6
2 3 3
8 5 4
2 6 4
6 5 8
7 7 2
9 4 10
2 1 8
NoWait times: 1
0
