n 30
m 3
cap 20
Processing
49 38 97
90 65 41
39 84 31
76 61 31
12 54 78
86 45 83
8 2 44
79 77 46
86 96 45
61 10 69
24 13 40
58 25 12
46 82 25
33 16 63
77 10 74
96 82 100
93 85 23
46 30 51
59 50 50
37 86 23
47 2 39
4 37 35
19 22 24
17 97 48
48 52 72
92 36 58
18 85 47
95 100 75
68 86 19
78 68 85
Size
10 7 8
3 1 10
9 4 6
3 7 10
1 10 1
8 10 7
3 5 9
9 5 1
6 6 1
9 3 6
3 10 5
8 5 3
10 8 7
1 3 7
9 2 3
4 10 3
6 5 4
9 4 8
8 6 3
9 4 6
4 7 5
7 4 8
3 4 4
7 9 8
8 6 3
4 4 2
7 2 6
5 8 1
9 6 10
9 2 1
NoWait times: 1
1
