n 30
m 3
cap 20
Processing
43 8 25
9 11 96
31 99 30
5 19 30
17 47 84
54 53 87
97 95 92
88 33 21
82 63 19
92 24 72
43 11 24
40 12 53
13 10 17
84 2 61
26 10 55
23 82 47
33 22 79
68 65 77
95 39 98
74 61 48
70 43 42
2 57 47
91 44 65
81 86 43
25 49 20
27 57 35
70 1 93
43 52 31
11 73 54
78 48 100
Size
9 3 3
2 10 2
1 10 9
8 2 6
5 9 7
2 5 5
2 3 3
9 10 4
1 10 3
3 5 4
7 1 4
2 8 2
5 5 6
3 9 3
8 6 5
9 2 9
10 1 2
8 6 3
4 7 6
8 3 7
8 8 10
1 8 5
5 7 1
2 8 2
1 5 9
10 1 7
1 8 8
5 5 8
9 10 3
7 6 2
NoWait times: 1
1
