n 30
m 3
cap 20
Processing
27 93 32
38 83 51
83 74 24
61 64 37
82 1 43
67 26 92
56 88 13
35 62 11
83 82 99
2 27 96
9 16 62
30 54 40
16 92 60
55 35 25
56 73 56
13 47 54
94 83 8
45 8 28
43 61 7
46 19 61
66 49 99
18 32 70
46 21 95
49 99 35
49 16 8
26 25 61
20 56 84
93 3 93
62 72 73
70 92 9
Size
5 4 5
4 1 4
4 10 10
8 9 7
9 3 2
10 8 7
3 3 3
3 2 7
3 9 2
7 10 7
3 2 5
9 10 1
7 4 5
4 9 7
4 2 5
7 7 7
8 3 8
7 6 2
2 8 9
3 5 3
3 3 8
8 2 5
5 8 5
10 7 10
6 4 10
2 1 4
3 8 4
4 5 10
7 2 9
4 10 6
NoWait times: 1
0
