n 30
m 3
cap 20
Processing
96 90 55
60 48 44
50 20 87
38 74 95
71 68 12
1 26 47
14 82 42
6 4 90
56 95 61
56 96 28
71 76 6
10 27 93
53 63 71
13 11 36
9 99 5
13 67 22
79 61 41
34 14 81
34 40 54
71 15 86
95 51 85
7 27 26
30 29 66
54 82 70
83 86 22
42 84 26
18 23 55
94 47 33
49 77 66
75 47 73
Size
1 4 8
2 3 10
2 3 1
7 8 1
3 1 5
10 6 5
4 4 1
2 10 3
4 2 4
4 4 10
6 2 8
7 1 2
8 1 3
6 8 7
2 4 8
1 9 6
10 3 7
1 10 7
4 9 10
9 7 7
7 8 7
10 2 3
9 3 6
6 1 8
9 1 3
6 3 3
3 3 2
3 3 10
5 1 2
8 9 5
NoWait times: 1
1
