n 30
m 3
cap 30
Processing
73 79 70
73 94 37
51 68 75
24 24 50
90 55 97
90 90 25
81 46 31
74 66 64
5 19 98
18 74 41
80 13 67
67 98 98
80 86 16
56 91 98
69 68 53
60 3 91
17 54 100
43 46 81
76 48 31
74 39 2
25 28 43
81 71 70
77 97 95
13 62 2
52 94 36
65 67 27
100 71 55
72 97 27
8 14 95
60 48 71
Size
7 3 6
6 3 6
7 6 5
9 4 9
4 7 3
5 6 8
2 1 3
10 9 10
10 6 2
10 8 6
9 8 2
3 1 5
4 1 4
6 4 8
9 2 3
3 1 7
4 4 4
10 7 8
7 7 7
4 2 1
4 2 2
9 3 1
6 10 3
10 3 9
5 8 2
10 8 9
2 7 9
9 7 4
10 9 3
4 6 5
NoWait times: 1
0
