n 30
m 3
cap 30
Processing
64 76 33
2 34 42
89 64 59
52 59 69
51 30 61
46 79 3
56 52 57
60 11 94
96 89 15
88 7 92
90 23 43
23 46 6
32 71 29
32 94 84
68 81 51
30 10 90
91 59 12
8 33 18
96 3 94
52 18 55
50 82 66
48 14 29
73 56 18
79 79 70
32 20 7
82 23 29
81 10 88
17 80 74
87 49 65
59 75 87
Size
8 4 5
5 8 8
6 10 5
10 4 2
6 9 4
5 8 7
10 2 2
1 7 6
9 7 1
4 7 4
8 10 6
8 10 9
2 8 9
8 1 1
9 6 9
5 2 5
1 5 4
8 1 1
10 6 6
8 5 2
5 5 1
8 3 1
8 1 8
3 5 9
5 9 6
7 4 7
9 5 5
7 3 10
7 3 7
9 3 6
NoWait times: 1
1
