n 30
m 3
cap 30
Processing
11 31 22
26 45 23
76 60 47
89 2 11
46 59 81
27 28 5
13 13 15
53 74 74
48 10 18
89 8 32
58 37 98
99 18 55
96 48 27
74 81 57
68 72 74
88 54 26
82 83 48
87 42 98
37 13 51
83 23 44
34 1 49
63 72 55
62 12 76
100 16 67
67 17 81
66 80 87
40 63 51
100 28 67
68 68 96
45 36 23
Size
3 2 5
4 10 2
1 4 3
9 3 10
10 9 10
8 10 1
1 10 9
8 8 8
3 3 2
3 8 10
10 3 7
8 10 4
1 1 8
8 4 3
4 5 10
5 9 10
9 9 3
10 5 2
2 1 2
6 10 7
10 8 8
4 3 2
3 7 2
10 8 3
10 10 4
10 7 2
4 7 7
2 10 4
9 4 9
3 2 5
NoWait times: 1
0
