n 30
m 3
cap 30
Processing
52 21 69
33 78 22
67 28 91
74 95 3
48 62 92
74 63 12
75 95 69
35 41 48
43 72 24
16 55 28
18 85 50
15 37 91
11 3 59
3 14 63
8 78 31
74 23 37
78 4 36
48 51 98
38 72 100
53 13 27
59 55 84
3 100 39
37 1 7
43 59 64
47 29 75
75 95 60
22 97 19
23 21 74
55 59 66
89 21 54
Size
10 2 9
4 3 8
4 10 3
6 3 2
8 4 3
4 3 9
7 3 9
2 10 1
2 1 10
4 1 3
10 8 3
3 10 1
2 3 9
6 5 2
7 10 5
4 2 5
2 2 6
7 6 9
10 8 8
8 3 4
5 8 2
7 8 6
3 5 2
6 2 4
8 2 3
8 5 2
5 2 1
7 2 7
5 8 1
3 4 1
NoWait times: 1
0
