n 30
m 3
cap 30
Processing
62 10 24
82 31 13
54 54 6
99 32 94
86 49 64
56 97 46
39 100 69
23 62 67
40 10 95
66 21 36
100 9 22
69 39 14
37 76 81
6 65 78
57 20 49
13 50 54
26 35 35
73 21 57
36 81 88
22 64 65
73 65 76
67 81 52
97 23 89
62 76 24
12 68 26
44 27 66
9 71 70
59 10 89
1 71 80
27 26 20
Size
8 2 7
1 10 10
6 1 5
8 5 9
7 2 10
7 1 3
7 3 4
7 7 4
10 6 9
8 3 2
9 10 7
2 1 7
5 10 9
10 1 6
1 2 9
8 9 4
4 7 10
10 4 1
6 1 6
9 6 1
8 4 5
6 5 10
2 5 7
5 4 6
6 1 9
3 8 10
9 1 9
7 3 4
4 8 3
1 3 8
NoWait times: 1
0
