n 30
m 3
cap 30
Processing
15 17 67
71 43 11
40 37 54
83 53 77
73 32 25
73 93 26
90 60 16
61 63 82
44 55 39
74 86 41
17 100 5
94 35 2
70 40 24
68 71 76
84 9 47
53 93 19
78 85 32
64 36 9
100 12 73
59 1 37
66 70 54
13 9 72
31 4 8
5 44 25
62 96 48
75 35 21
57 40 27
30 76 30
18 49 8
81 11 37
Size
8 3 1
10 2 5
10 3 7
4 5 1
7 9 10
9 10 6
8 1 7
3 8 3
6 8 9
5 6 9
6 7 4
1 4 4
7 8 9
9 6 4
1 10 8
3 7 3
6 8 3
2 5 2
4 5 9
10 8 4
7 5 5
10 6 6
7 10 9
9 8 3
8 9 5
8 6 9
8 9 2
3 9 5
9 1 10
2 1 8
NoWait times: 1
1
