n 30
m 3
cap 30
Processing
58 50 22
93 89 41
67 88 15
28 65 8
74 6 18
29 44 22
42 86 28
49 67 73
52 61 59
17 3 77
78 88 65
5 54 2
20 62 11
100 13 18
58 89 11
93 39 57
10 22 42
83 71 49
17 30 98
87 47 56
11 79 61
55 88 3
70 43 74
99 38 18
98 55 34
3 89 38
11 39 53
91 7 25
84 77 18
71 9 44
Size
8 4 7
7 1 1
4 10 6
1 4 5
8 2 4
3 3 9
9 9 4
10 5 1
9 4 6
7 6 6
3 8 5
10 5 8
2 2 3
8 2 8
9 10 6
6 1 5
6 3 1
8 2 9
1 6 6
5 1 10
4 5 6
3 10 1
10 3 5
10 2 10
6 2 10
2 1 2
5 4 1
10 8 6
9 4 3
3 4 2
NoWait times: 1
0
