n 30
m 3
cap 30
Processing
30 77 36
93 84 9
82 51 26
56 30 37
51 22 18
99 95 16
2 62 54
3 75 96
39 38 27
24 28 56
26 17 75
73 22 54
14 85 30
59 89 48
77 23 79
17 57 9
17 50 19
5 15 84
78 73 92
12 41 7
23 52 17
57 15 77
76 26 69
10 51 70
17 38 42
62 67 51
82 26 27
81 30 51
77 79 45
97 29 30
Size
2 9 2
4 10 5
10 7 9
4 2 4
2 9 7
9 5 6
1 5 9
1 1 3
6 4 6
2 6 7
10 1 8
9 5 1
2 3 8
8 10 3
8 10 8
5 2 6
2 8 6
5 2 5
9 8 4
4 8 10
2 5 1
4 9 10
8 5 9
6 2 8
1 1 6
5 3 3
2 7 10
1 1 6
10 4 10
9 3 9
NoWait times: 1
1
