n 30
m 3
cap 50
Processing
9 53 69
68 93 17
84 63 69
6 60 100
95 84 73
61 61 25
82 70 26
44 14 16
4 25 19
63 47 87
38 11 30
19 42 50
59 44 69
75 8 17
98 41 31
1 70 53
63 96 13
21 15 75
71 21 61
14 69 30
66 19 87
63 85 35
66 75 18
6 78 75
38 97 26
31 21 63
25 17 77
5 10 85
79 21 90
24 71 49
Size
6 9 1
7 6 3
8 10 4
7 10 6
7 3 5
9 3 2
10 4 10
3 5 3
10 3 6
9 1 2
1 7 10
6 3 10
5 7 7
8 2 3
5 4 3
4 8 4
3 8 6
7 6 8
1 4 9
2 3 4
3 10 9
10 4 9
2 10 4
5 8 4
5 10 9
6 5 5
7 4 3
9 6 1
2 10 9
1 8 6
NoWait times: 1
0
