n 30
m 3
cap 50
Processing
52 44 13
28 90 70
65 4 20
55 64 11
24 30 70
22 12 13
32 28 93
98 44 82
79 21 25
20 17 94
9 46 29
37 19 74
64 40 90
50 60 64
2 35 59
85 23 43
10 86 4
66 8 15
87 26 47
78 59 41
22 55 29
93 35 21
16 31 14
56 56 82
86 78 94
82 54 66
37 93 75
41 90 78
21 83 10
97 51 11
Size
7 9 9
5 10 3
10 9 10
2 4 5
5 3 8
4 8 10
7 4 9
5 8 7
8 1 2
4 10 6
10 1 9
2 1 1
9 4 9
4 8 4
8 10 4
6 4 2
9 4 2
3 3 5
5 9 9
1 2 5
6 7 10
2 7 10
7 5 7
6 5 1
4 3 6
6 9 9
3 10 4
5 8 5
3 10 4
1 4 2
NoWait times: 1
1
