n 30
m 3
cap 50
Processing
54 37 92
68 35 83
53 88 61
81 54 35
86 59 72
5 19 35
95 64 62
76 37 96
89 99 50
48 43 9
41 55 68
60 72 6
52 31 2
80 45 99
90 46 75
41 47 99
56 34 42
58 9 1
19 100 68
62 24 7
32 38 1
78 62 99
33 48 95
86 1 45
68 43 67
95 100 99
44 96 15
33 41 73
31 22 91
92 31 92
Size
10 10 6
2 3 6
4 7 3
1 10 9
8 3 5
5 6 1
2 5 9
1 9 10
3 4 2
10 3 8
2 9 6
1 9 9
1 6 2
6 10 8
8 8 2
1 7 3
10 4 1
8 6 8
3 5 9
10 9 9
5 7 8
6 6 3
10 5 10
10 10 2
7 4 4
9 2 2
7 1 8
6 3 2
1 8 1
5 8 1
NoWait times: 1
0
