n 30
m 3
cap 50
Processing
47 63 35
15 49 81
88 30 95
100 74 29
77 9 40
39 87 60
87 92 38
91 26 24
69 80 26
67 49 97
80 25 57
35 15 7
98 83 21
20 94 72
32 45 84
9 81 75
90 80 78
32 20 24
31 20 100
49 100 98
3 16 99
64 75 37
58 2 14
38 19 26
95 1 57
3 58 82
16 7 82
90 14 14
4 33 48
73 41 49
Size
8 8 3
4 4 7
1 5 7
9 3 8
4 4 7
2 1 2
10 7 3
1 9 1
3 1 9
6 5 8
3 2 5
8 3 6
2 1 3
8 8 6
4 7 9
5 10 8
7 2 8
4 1 9
2 2 1
9 3 2
8 10 6
6 3 6
10 6 9
8 1 7
10 8 5
4 3 10
7 3 8
2 5 5
1 8 10
7 9 4
NoWait times: 1
1
