n 30
m 3
cap 50
Processing
47 39 18
82 69 9
42 9 67
61 63 6
94 7 67
84 18 34
11 4 26
43 33 30
61 100 43
79 91 88
80 97 64
69 16 48
77 94 3
72 26 77
3 52 69
5 77 100
96 17 99
75 57 47
12 43 50
19 62 58
99 17 75
34 65 36
7 54 5
62 20 80
14 85 22
72 77 89
79 33 28
95 87 63
10 5 15
71 38 56
Size
3 3 3
4 7 5
6 2 6
4 10 6
10 5 7
7 9 8
9 6 10
6 7 2
7 3 8
5 6 4
6 5 10
9 7 1
2 1 4
5 1 9
6 5 5
10 10 1
5 9 7
3 1 3
10 5 10
6 2 8
8 10 8
9 6 4
8 9 1
6 1 6
5 5 5
3 3 7
6 4 4
9 3 2
4 4 6
2 6 1
NoWait times: 1
0
