n 30
m 3
cap 50
Processing
65 35 14
35 10 96
77 54 34
13 95 24
27 90 12
91 42 88
21 75 26
18 21 15
41 47 9
59 27 43
32 93 89
59 48 70
83 16 83
39 64 39
71 87 37
7 46 70
8 66 16
62 77 65
46 97 79
10 19 13
96 58 89
71 61 61
9 30 16
94 62 37
30 20 90
40 20 40
60 24 39
27 28 23
8 19 61
4 55 17
Size
5 8 6
6 8 10
7 10 7
9 9 10
10 8 5
6 6 3
8 8 9
10 6 1
10 5 2
7 8 4
4 5 7
5 9 1
1 6 3
7 10 7
3 4 2
9 2 10
5 10 4
3 8 5
3 10 10
7 7 6
9 7 4
6 8 5
1 3 6
1 4 5
5 7 9
3 5 9
10 1 8
9 9 1
2 5 3
3 3 8
NoWait times: 1
1
