n 30
m 3
cap 50
Processing
45 90 39
20 44 76
60 37 14
61 55 76
22 80 35
65 38 3
75 92 89
47 8 22
75 51 25
69 62 76
88 28 27
20 60 99
34 11 44
85 59 16
18 45 41
87 4 76
1 69 99
30 55 49
49 76 46
94 49 35
96 68 75
76 6 78
74 70 33
20 67 70
80 12 18
78 26 36
77 75 96
40 43 85
26 64 37
11 35 92
Size
2 4 5
9 6 9
4 5 8
9 3 3
4 9 3
3 9 9
6 10 9
4 7 8
4 5 5
10 1 6
9 6 1
8 4 9
5 9 10
9 10 5
2 3 8
1 8 2
5 9 4
10 6 5
10 9 1
10 5 10
6 9 3
1 9 6
4 7 3
10 9 4
1 1 10
1 2 10
9 10 4
2 4 5
5 2 2
4 4 3
NoWait times: 1
0
