n 30
m 3
cap 50
Processing
54 51 7
36 63 76
35 29 76
88 77 48
13 50 25
91 96 88
97 81 19
98 51 22
66 62 40
88 67 66
13 70 9
1 89 65
43 95 41
7 65 35
55 93 50
49 62 12
50 39 26
96 13 48
50 74 71
39 75 45
53 17 63
23 60 36
60 27 59
89 3 56
34 35 29
73 40 69
8 14 1
6 21 28
5 39 24
34 2 95
Size
7 5 4
10 2 9
1 7 1
3 7 7
3 6 3
4 5 3
10 3 4
6 3 6
7 5 8
10 3 4
6 4 6
2 10 3
6 7 6
5 7 4
10 10 1
3 10 10
7 8 6
6 3 9
4 8 8
3 5 6
9 8 10
7 9 3
5 3 5
6 7 4
4 10 7
2 10 8
2 4 2
3 5 10
1 7 9
1 3 2
NoWait times: 1
0
