n 30
m 3
cap 50
Processing
94 35 30
18 81 74
78 73 96
66 45 59
100 54 68
34 16 55
33 43 77
69 59 41
80 82 8
7 18 82
40 64 76
90 44 19
18 73 68
22 65 76
20 29 12
23 25 2
52 52 4
72 74 39
12 5 5
38 18 64
6 75 29
34 51 16
27 23 14
57 27 88
44 88 24
22 31 83
83 20 61
10 43 80
8 20 70
59 65 65
Size
3 10 6
6 5 6
7 1 10
4 5 1
10 4 9
6 9 5
7 7 7
2 2 2
5 10 9
10 7 10
8 4 9
8 1 9
10 9 6
9 4 10
9 7 6
10 10 10
5 5 4
3 6 5
8 5 7
7 4 7
7 5 10
2 5 9
1 6 2
9 9 4
2 1 9
10 5 5
8 5 9
7 6 7
9 5 7
4 1 9
NoWait times: 1
0
