n 30
m 5
cap 10
Processing
76 59 38 81 92
99 50 31 90 4
24 6 40 75 41
93 12 18 43 18
36 20 97 66 16
83 93 68 51 91
19 56 28 2 77
92 19 24 99 18
6 19 57 44 8
54 49 94 32 74
8 82 38 21 90
51 58 100 85 6
81 19 40 97 40
77 44 87 75 13
35 40 90 1 49
9 47 83 48 56
42 68 39 41 49
85 29 39 14 64
22 38 35 79 38
53 36 75 37 45
80 54 36 15 19
56 21 29 37 35
51 66 15 99 28
46 36 92 61 93
83 47 82 77 94
17 100 31 12 39
3 92 84 3 32
68 3 57 25 67
41 48 78 36 12
8 19 69 19 41
Size
4 4 7 10 7
1 9 9 7 1
4 10 8 9 10
5 1 6 10 4
8 4 7 6 1
7 6 7 6 5
8 4 3 1 7
4 7 6 6 8
2 8 5 5 4
1 1 7 6 2
7 8 9 5 7
9 10 5 8 3
1 5 2 4 5
5 2 2 10 2
1 1 6 6 2
10 7 4 3 9
1 6 4 3 6
7 7 7 1 2
7 1 1 10 2
1 10 4 1 1
6 10 2 5 4
2 7 5 5 3
9 5 8 6 6
10 6 7 10 4
1 7 9 8 5
2 7 5 7 1
2 4 6 1 4
1 7 10 1 6
8 10 7 1 8
7 10 5 4 5
NoWait times: 2
1 3
