n 30
m 5
cap 10
Processing
60 34 76 21 14
11 31 21 28 77
73 97 52 61 42
1 16 16 26 34
33 54 5 74 70
1 57 56 70 26
57 47 24 46 66
76 61 88 56 15
74 91 50 88 46
92 89 40 32 44
26 43 70 91 77
18 27 10 78 62
47 43 33 86 40
86 21 67 85 12
82 3 73 80 100
78 2 73 83 71
18 74 85 42 59
25 59 86 75 59
91 98 19 62 26
8 70 54 34 98
91 44 35 91 12
87 4 57 74 90
83 43 62 62 3
10 29 33 64 4
96 6 70 17 79
28 71 84 11 13
29 31 20 2 15
5 46 16 54 71
31 2 16 100 74
77 56 66 50 91
Size
1 7 3 3 7
6 7 9 6 1
4 4 1 1 5
8 3 4 4 4
5 5 5 2 8
3 10 10 4 7
6 2 7 10 10
8 4 4 3 8
8 10 1 10 8
9 5 6 7 2
10 3 2 7 5
8 5 4 2 6
3 10 9 4 2
10 1 1 5 7
10 6 4 4 6
3 1 4 7 6
7 8 9 8 6
8 6 1 1 2
5 3 1 7 1
1 2 1 5 7
9 4 4 6 10
7 7 5 4 3
6 5 6 4 5
10 6 1 9 3
5 3 4 6 5
6 3 10 3 9
5 2 6 1 5
5 1 1 5 4
7 2 1 6 5
3 6 3 9 10
NoWait times: 2
0 1
