n 30
m 5
cap 10
Processing
59 89 31 25 34
50 17 18 78 96
41 95 12 78 43
97 93 65 89 76
73 87 28 11 24
6 92 19 8 20
28 19 43 1 49
60 17 28 70 10
8 83 69 99 77
90 67 1 75 20
17 7 4 21 79
1 20 76 35 82
64 78 71 38 21
35 8 64 17 25
100 66 13 83 58
89 63 95 13 37
66 72 3 76 72
42 45 40 46 20
42 69 45 42 31
42 10 73 19 64
41 61 57 2 70
62 29 78 79 22
68 3 2 69 74
1 40 42 94 62
90 4 51 79 33
27 30 41 52 41
18 51 6 23 97
43 85 31 59 88
13 2 13 96 60
93 44 47 97 31
Size
7 5 4 5 3
5 10 2 2 9
8 6 6 10 8
7 9 3 7 9
6 4 4 1 4
4 7 1 9 2
9 6 9 1 7
5 9 7 6 9
10 8 1 8 10
8 5 3 7 9
6 8 5 1 10
8 1 10 2 2
5 10 10 9 8
7 10 8 10 7
2 9 8 6 4
9 7 7 6 9
8 2 5 3 9
1 9 5 8 10
5 6 2 6 2
10 10 2 9 4
2 3 1 9 3
7 10 9 6 9
1 5 6 5 10
2 1 3 3 6
4 3 10 2 7
7 2 6 8 10
1 7 5 7 4
7 8 10 8 6
8 4 5 3 8
8 3 2 8 8
NoWait times: 2
1 3
