n 30
m 5
cap 10
Processing
90 2 64 91 77
55 65 31 41 28
95 17 11 21 9
39 93 57 15 61
96 45 54 33 84
41 86 80 47 38
29 23 22 56 53
20 34 21 35 22
95 25 58 48 76
70 90 19 9 55
58 77 43 18 65
94 83 85 68 89
5 39 47 43 9
34 55 33 53 46
25 52 99 3 18
5 8 92 38 60
61 86 78 62 56
98 79 15 60 79
57 86 90 59 65
67 53 62 44 28
85 12 67 55 20
7 86 3 6 11
35 9 33 59 5
2 76 22 61 5
5 68 22 65 44
33 89 60 87 35
73 41 90 82 79
8 46 24 17 38
33 55 43 39 76
40 29 76 31 17
Size
9 6 10 7 1
7 7 3 7 7
6 4 3 4 10
1 1 4 1 4
6 4 1 3 6
3 6 6 5 10
7 3 9 4 9
2 3 10 7 3
2 1 6 4 3
1 4 3 4 3
10 1 1 6 6
6 3 6 10 4
1 4 7 7 8
4 7 5 2 10
7 7 1 1 10
9 9 8 6 5
10 9 3 1 3
6 2 9 3 4
9 2 8 7 1
10 9 3 6 6
4 8 10 9 8
2 6 4 4 9
7 7 8 10 7
6 4 4 1 3
7 7 6 10 8
9 10 10 8 8
6 5 7 4 10
8 2 5 6 6
10 5 4 2 5
10 1 1 6 6
NoWait times: 2
0 2
