n 30
m 5
cap 10
Processing
99 5 48 59 89
6 67 14 7 93
59 84 45 93 52
78 34 39 52 40
16 47 75 58 45
23 95 21 44 96
21 86 74 45 82
93 4 79 45 72
16 1 77 44 66
5 4 87 74 37
45 77 20 50 64
59 70 79 16 19
99 8 91 21 8
99 28 82 22 92
39 62 67 68 77
81 27 20 90 43
32 11 67 54 74
18 15 5 77 81
65 1 45 8 78
66 70 58 98 63
4 26 4 97 100
64 81 74 78 68
37 4 22 73 45
1 29 24 97 64
23 46 29 90 2
22 58 94 71 32
12 35 45 46 83
96 81 62 60 84
75 5 71 45 97
87 53 29 58 65
Size
9 9 6 2 3
7 6 5 5 6
2 4 8 10 4
8 6 6 2 4
4 6 2 5 5
5 6 10 3 8
8 4 7 2 9
4 3 1 9 3
7 8 10 7 10
6 2 5 3 7
8 8 4 8 10
7 4 1 7 5
8 10 9 8 3
7 1 1 6 5
9 8 4 1 10
10 1 6 1 4
4 3 9 4 2
4 2 8 3 4
4 7 4 9 4
8 4 2 9 5
1 9 5 2 1
8 4 9 1 5
9 10 3 10 9
4 2 2 5 9
10 3 4 4 10
6 3 7 6 1
9 9 10 10 3
9 1 2 3 8
5 4 1 6 5
10 7 2 9 4
NoWait times: 2
0 3
