n 30
m 5
cap 10
Processing
74 98 48 30 38
51 11 72 70 73
80 41 29 57 42
81 27 9 11 81
4 32 5 2 52
75 100 49 2 71
85 26 67 13 90
87 96 27 38 4
31 60 6 71 96
42 56 58 13 22
8 35 67 93 81
26 46 93 94 45
36 13 52 27 15
100 51 16 70 8
34 4 21 62 78
71 13 94 75 88
33 55 66 17 38
48 78 79 60 46
65 2 56 70 78
35 52 30 78 17
26 48 13 94 5
92 79 13 44 26
23 76 9 19 41
23 37 50 73 51
99 75 45 44 21
67 92 97 65 32
49 11 15 11 13
14 55 6 81 55
12 72 58 6 26
97 36 29 70 31
Size
6 3 6 2 6
7 8 4 5 9
3 4 9 3 6
5 1 7 2 5
8 3 1 10 8
5 5 1 8 7
3 8 1 6 5
10 3 4 5 3
3 1 10 1 6
5 3 7 5 8
5 7 7 7 8
10 8 6 7 7
2 7 10 4 4
1 5 1 4 4
8 4 5 4 2
1 5 9 1 6
2 4 5 5 1
6 2 6 2 8
6 10 4 8 6
4 1 3 3 6
8 6 6 6 6
5 5 8 8 6
2 1 9 9 9
8 4 10 5 4
3 1 8 7 3
4 8 3 9 8
2 7 5 10 2
2 4 1 7 5
5 6 8 6 7
10 3 7 2 7
NoWait times: 2
2 3
