n 30
m 5
cap 10
Processing
56 43 43 53 74
56 35 25 3 85
74 79 16 1 58
57 15 47 33 20
28 49 32 87 42
14 2 33 92 64
3 36 78 35 2
33 7 67 96 10
82 29 18 97 24
22 72 22 27 52
48 9 36 93 55
82 41 49 23 53
13 21 71 72 73
82 51 48 3 83
42 8 64 38 71
3 54 38 28 37
98 88 70 55 100
94 61 39 15 87
17 47 58 22 8
26 22 18 7 33
64 70 99 83 49
88 50 47 3 21
98 37 29 35 35
28 78 91 81 20
68 89 2 96 83
91 48 8 62 7
70 95 34 28 5
23 82 6 4 26
75 85 96 30 33
96 42 61 91 76
Size
6 10 9 8 6
5 6 1 9 5
7 9 6 9 7
6 9 10 4 10
2 5 4 5 2
5 7 4 10 8
10 5 3 4 10
1 1 1 6 8
1 5 5 6 1
7 5 4 8 5
8 4 6 10 9
10 7 10 9 2
9 5 3 3 9
4 1 6 3 9
4 3 4 9 9
5 3 8 5 7
5 8 6 4 6
10 7 7 2 8
1 4 9 2 6
10 7 1 4 5
9 1 10 1 7
9 6 1 6 3
1 5 3 8 7
3 1 8 8 7
3 7 3 8 2
9 6 6 2 1
6 7 3 7 10
8 4 5 6 4
9 10 7 10 4
7 9 4 6 3
NoWait times: 2
0 3
