n 30
m 5
cap 10
Processing
20 78 95 93 61
32 64 43 55 2
5 45 59 49 54
58 61 13 14 6
28 70 79 99 10
19 26 94 33 91
36 62 30 50 31
6 18 95 24 89
93 88 94 82 64
34 23 83 86 11
1 11 88 14 87
25 55 7 99 68
24 76 92 51 83
33 68 50 47 92
32 52 62 23 82
8 70 37 26 44
51 27 85 28 71
90 12 76 69 69
95 4 19 41 93
31 34 79 85 29
18 25 86 75 74
66 45 21 43 25
80 26 10 13 51
14 18 97 27 94
44 48 74 74 70
73 76 77 32 92
49 79 48 70 88
79 78 91 12 90
9 69 81 51 94
67 26 94 33 66
Size
8 4 4 10 1
9 1 1 3 2
4 2 4 8 6
7 5 8 7 7
4 5 7 6 4
1 8 6 6 7
7 3 6 1 5
5 4 9 3 10
4 7 7 4 10
8 2 5 6 6
3 6 4 3 8
6 10 6 3 8
2 2 5 9 1
7 1 7 7 8
9 2 2 10 1
2 6 9 3 9
8 8 4 6 5
7 10 6 2 7
6 6 10 7 7
5 3 10 7 9
2 2 6 5 8
1 4 3 10 4
5 3 1 7 10
6 1 6 9 10
5 4 6 7 2
1 1 7 6 9
3 8 3 9 6
2 2 1 3 2
4 7 4 3 9
6 7 6 1 9
NoWait times: 2
2 3
