n 30
m 5
cap 10
Processing
75 3 41 4 3
80 80 75 25 81
65 82 82 47 96
60 52 57 9 29
31 17 51 76 87
59 5 1 96 27
7 46 18 67 63
26 21 98 15 18
97 94 90 95 28
83 41 28 58 27
9 96 70 11 71
12 92 88 37 18
37 40 25 36 13
99 50 14 90 10
31 63 59 92 81
2 19 50 33 32
91 30 77 87 75
62 69 5 5 88
94 87 11 34 71
23 92 99 54 91
11 11 49 46 41
41 97 49 42 44
36 31 40 52 41
46 98 10 10 30
5 69 27 18 5
12 39 56 71 88
23 32 68 77 11
36 34 70 52 62
7 3 64 31 13
76 91 13 11 14
Size
9 8 7 7 3
2 4 10 10 3
6 9 1 5 5
7 2 6 3 1
1 10 7 6 3
10 5 7 7 1
3 4 8 3 5
1 6 8 2 5
5 9 7 5 1
3 1 5 1 6
9 5 5 8 5
7 5 4 2 1
8 2 9 4 9
6 8 6 1 1
4 8 5 3 2
5 9 5 5 2
7 2 1 5 6
8 3 9 5 7
8 10 3 6 8
9 5 6 1 9
8 10 2 6 2
1 3 7 9 5
2 6 1 2 4
9 5 2 4 10
3 2 1 1 4
9 9 10 6 7
4 2 3 3 3
6 1 6 1 8
7 8 5 6 1
6 1 4 6 3
NoWait times: 2
0 3
