n 30
m 5
cap 10
Processing
58 47 52 96 79
23 94 46 17 62
49 34 96 15 95
8 55 49 30 70
62 34 66 61 22
8 91 89 46 40
17 52 35 82 37
96 22 94 28 2
2 90 52 52 73
33 41 36 93 5
58 27 59 71 80
5 7 66 60 86
60 26 61 19 64
91 98 36 33 38
94 31 61 51 78
12 88 64 1 11
36 54 66 72 42
58 19 92 28 50
86 81 36 18 26
15 45 77 80 42
74 53 75 69 5
8 68 56 93 24
97 85 61 10 17
28 16 98 8 75
59 85 100 89 58
33 71 70 51 39
41 70 46 62 63
52 81 29 67 34
59 40 49 23 17
19 89 52 62 22
Size
6 3 8 7 9
10 3 2 10 2
8 8 9 2 2
4 2 5 3 7
8 5 4 8 1
5 5 2 7 9
7 7 2 5 6
5 3 3 1 9
2 10 7 4 10
4 2 2 7 6
7 7 4 7 10
6 3 2 2 7
5 3 6 4 4
9 7 1 5 6
10 7 8 9 1
4 5 10 3 4
3 4 10 3 8
6 1 9 9 1
10 7 1 3 5
5 4 9 1 6
3 9 4 3 8
9 5 8 1 3
3 3 5 1 8
9 8 10 8 6
10 3 6 1 6
7 10 6 6 10
1 3 1 9 3
9 3 5 10 9
8 7 10 9 5
7 10 10 2 8
NoWait times: 2
0 1
