n 30
m 5
cap 20
Processing
71 34 87 44 46
21 65 14 10 19
56 69 87 29 20
86 82 79 72 48
80 82 67 9 21
94 56 78 71 1
7 17 100 86 6
13 36 75 91 17
5 88 30 6 20
41 73 36 74 64
76 9 43 31 46
8 11 28 53 53
22 1 40 70 50
57 84 75 85 48
23 72 66 70 6
44 98 32 91 26
81 78 2 44 86
87 24 39 4 11
60 76 57 20 26
39 98 75 42 62
93 5 7 97 66
20 14 89 61 41
9 8 31 64 76
95 14 54 98 25
62 95 31 56 91
51 11 40 51 25
45 7 78 52 84
93 82 72 98 85
37 23 86 65 34
35 56 57 95 90
Size
10 4 7 6 1
5 6 5 9 8
6 5 5 3 9
8 2 4 8 8
7 8 5 9 9
5 3 10 8 9
6 3 10 2 5
3 1 1 10 2
1 7 5 2 7
6 10 8 6 9
9 1 4 5 6
1 6 9 5 9
4 3 4 9 6
7 5 10 8 1
8 8 2 4 7
10 7 5 9 1
2 10 2 1 5
10 6 7 8 7
9 2 4 7 8
10 9 1 5 8
8 8 6 9 6
5 2 9 5 10
3 5 10 6 7
1 9 5 4 5
4 1 9 5 8
9 3 4 10 10
2 1 6 7 4
4 8 8 4 10
4 4 6 2 8
9 1 7 1 2
NoWait times: 2
0 1
