n 30
m 5
cap 20
Processing
21 64 36 50 47
63 83 9 67 95
17 99 56 66 30
86 94 1 9 59
86 9 78 39 61
1 20 99 15 70
37 2 13 23 81
29 44 41 37 20
52 32 90 79 59
71 51 13 35 7
55 46 91 11 22
42 99 43 78 92
84 34 11 62 88
88 70 67 25 64
64 49 40 97 22
65 37 77 42 10
92 58 3 87 2
99 65 95 23 77
73 55 27 76 80
7 85 36 14 45
75 49 49 94 75
7 21 2 51 48
18 77 33 91 96
100 74 11 41 21
89 78 35 85 10
91 22 49 39 46
89 89 28 2 19
71 36 62 16 23
21 81 14 64 41
35 82 11 6 8
Size
4 8 9 4 8
10 6 9 9 3
10 5 6 4 8
5 8 5 2 7
5 5 3 5 9
1 6 5 2 8
3 1 3 8 8
7 2 5 3 2
5 7 8 6 1
7 4 6 3 1
3 6 1 8 5
4 2 7 1 6
10 2 1 1 1
1 10 9 9 4
2 6 5 1 6
4 4 8 1 7
1 5 1 7 4
3 7 4 8 8
6 2 2 4 5
4 2 5 5 8
8 7 8 10 7
7 5 6 5 5
5 1 8 6 9
9 5 7 8 8
8 6 5 2 7
4 9 3 7 10
6 4 5 9 7
7 10 3 2 8
5 4 9 3 5
6 5 8 10 10
NoWait times: 2
0 3
