n 30
m 5
cap 20
Processing
18 36 79 49 45
12 1 87 34 12
11 77 47 28 33
6 97 54 48 65
14 88 21 59 99
9 9 81 85 45
50 31 90 59 28
74 90 76 4 46
12 1 73 40 60
80 52 49 82 21
29 28 94 95 65
56 93 71 76 81
86 78 35 13 71
86 28 90 13 78
56 25 39 97 41
98 59 39 65 84
26 53 79 68 36
49 70 98 87 51
8 100 62 3 50
32 24 1 5 49
41 11 79 87 68
80 40 51 39 26
91 79 93 4 9
44 44 82 82 9
91 26 72 33 83
7 42 58 78 78
69 37 18 31 32
63 74 71 36 43
82 42 40 11 58
52 2 29 70 37
Size
3 9 1 6 8
7 5 7 2 6
8 8 8 6 1
10 10 4 9 4
3 5 9 8 3
6 10 5 1 2
4 4 2 9 5
5 10 2 8 8
8 1 4 1 7
4 8 7 8 7
2 8 5 1 10
2 5 7 8 4
8 6 7 1 6
6 4 5 1 9
2 3 8 4 8
6 10 8 9 4
6 6 5 10 2
2 1 9 2 9
5 8 3 10 1
1 1 6 5 6
10 3 9 1 8
8 9 9 2 9
8 3 2 10 1
4 5 7 1 10
6 8 9 3 7
10 1 8 5 1
10 8 7 6 1
6 3 6 5 4
9 1 7 1 3
9 5 7 1 3
NoWait times: 2
0 1
