n 30
m 5
cap 20
Processing
49 18 29 96 41
82 22 33 98 70
48 28 92 61 45
38 94 49 24 48
93 71 69 31 95
75 33 52 19 57
72 24 11 53 44
56 17 85 73 51
97 60 82 15 1
23 99 41 50 99
43 56 44 80 15
2 75 96 56 42
43 60 37 99 85
70 20 42 91 37
42 58 48 87 42
23 87 88 8 20
30 28 62 23 30
81 83 66 41 90
63 80 51 13 39
3 62 63 92 29
66 85 50 52 62
87 60 44 73 57
51 30 29 35 14
88 48 4 13 4
72 45 46 81 65
44 3 7 84 60
71 96 35 90 84
99 90 19 51 72
62 2 98 67 96
71 13 24 46 56
Size
5 3 8 3 6
1 5 4 7 10
9 4 7 3 10
10 2 1 3 8
8 5 10 10 9
6 3 2 6 9
7 5 7 3 10
10 6 1 2 1
7 7 10 1 2
7 6 3 2 5
7 8 5 4 6
1 2 6 6 1
10 9 5 5 6
3 4 3 4 2
5 1 1 10 5
5 7 3 1 2
1 4 9 6 3
1 9 2 1 6
2 2 6 1 5
3 10 1 6 3
7 6 6 6 6
1 5 10 7 8
6 7 7 10 10
1 9 2 4 4
9 1 9 4 5
9 4 4 8 6
1 6 3 3 9
3 1 6 6 2
10 2 8 8 5
5 3 8 10 8
NoWait times: 2
0 1
