n 30
m 5
cap 20
Processing
55 38 85 88 76
98 93 20 21 69
62 31 22 41 98
25 42 84 3 78
35 83 30 30 68
41 27 11 20 60
99 38 72 8 21
20 5 60 17 85
1 36 22 60 94
45 17 100 70 26
8 1 78 51 39
7 23 72 81 18
74 62 87 77 13
72 34 39 35 74
22 88 55 36 100
16 66 89 81 26
76 95 49 5 24
82 21 62 54 50
20 33 70 53 31
16 3 41 36 89
25 3 67 92 69
98 9 80 78 78
62 18 20 61 79
27 30 1 40 30
13 58 36 15 40
18 7 32 2 15
96 66 66 91 14
88 40 26 71 25
49 91 28 52 55
8 11 22 94 75
Size
6 5 9 3 3
2 6 1 1 9
10 8 3 8 2
6 7 7 5 2
4 3 8 9 2
2 4 2 9 6
8 2 8 7 2
9 6 6 6 1
4 2 4 6 2
10 10 6 2 2
4 3 7 10 4
10 7 10 2 8
3 2 10 6 9
4 10 9 5 5
7 6 10 5 2
6 7 2 6 5
4 6 1 1 9
5 5 6 5 7
1 8 8 1 7
7 1 8 5 8
3 1 1 5 7
5 10 3 6 3
4 5 9 8 4
3 10 7 3 3
9 6 2 8 2
4 8 10 8 3
9 3 2 2 8
10 10 2 3 8
7 9 8 5 3
3 8 9 4 1
NoWait times: 2
1 2
