n 30
m 5
cap 20
Processing
37 23 82 29 49
10 99 83 99 26
76 43 4 40 35
87 76 41 5 66
96 32 46 9 78
55 93 53 28 77
9 91 32 25 48
7 60 46 31 55
17 85 88 69 18
17 86 6 94 22
67 74 58 34 24
25 68 88 5 28
63 31 11 4 94
43 26 91 56 100
5 83 50 3 30
41 38 5 83 34
63 13 75 83 96
88 59 81 84 59
28 73 25 81 93
89 35 44 5 33
65 13 53 80 1
64 51 98 33 4
29 17 61 58 33
77 52 59 74 29
73 29 54 20 33
44 55 57 83 44
46 50 88 31 98
5 26 87 48 62
72 93 63 62 64
49 48 34 33 35
Size
6 3 3 9 6
4 6 8 7 9
7 9 10 9 8
10 9 4 10 1
3 6 5 3 5
7 7 5 4 8
5 5 1 8 1
7 8 1 4 1
5 10 2 3 10
3 7 2 1 2
6 10 3 7 2
3 10 10 4 8
3 1 6 3 1
8 5 5 9 10
4 6 10 4 1
3 7 2 5 4
2 9 6 8 5
10 2 5 5 3
9 4 1 9 5
3 4 10 4 10
9 2 1 9 8
1 3 1 9 9
5 10 9 4 3
2 8 3 2 6
9 3 4 8 5
3 10 8 4 6
5 10 2 6 6
4 9 10 4 7
1 6 7 6 1
10 10 5 3 10
NoWait times: 2
2 3
