n 30
m 5
cap 20
Processing
29 89 67 17 96
73 56 100 14 76
93 5 62 43 45
63 100 57 67 73
53 18 47 1 48
15 34 70 47 5
16 20 67 54 80
48 36 44 75 17
89 3 19 74 53
52 95 13 70 24
44 57 41 72 20
87 52 6 7 20
56 12 24 8 5
62 33 79 50 78
52 76 18 55 95
52 14 82 29 19
20 16 32 99 78
73 9 71 80 26
49 78 1 92 43
47 48 80 95 68
15 63 59 82 45
45 23 24 6 80
29 63 92 94 80
32 100 69 58 85
40 22 90 36 43
33 17 3 53 33
69 8 5 86 61
93 72 45 56 42
88 71 15 56 71
28 7 77 56 94
Size
2 4 2 5 7
4 7 7 1 7
3 1 4 7 5
2 3 7 8 8
7 9 8 5 4
5 4 2 7 9
10 4 8 2 9
9 2 7 4 2
4 5 10 10 7
6 8 5 9 1
9 5 7 3 10
6 7 9 7 10
7 10 8 3 4
9 5 1 9 4
6 7 5 9 3
3 3 9 6 6
1 9 8 8 8
6 8 4 4 8
9 9 6 8 7
10 5 6 3 2
7 5 2 4 7
3 10 1 1 10
9 2 4 8 7
1 1 8 6 2
10 8 7 7 6
8 10 4 4 7
8 1 4 3 4
9 8 8 2 7
6 10 5 6 9
9 6 4 10 4
NoWait times: 2
0 2
