n 30
m 5
cap 20
Processing
53 69 77 3 28
40 87 24 27 71
88 68 17 92 57
9 70 79 68 85
15 28 63 9 67
5 29 99 77 39
35 59 78 21 61
22 80 7 19 45
57 7 47 6 52
16 2 92 70 39
90 11 19 100 83
90 40 30 2 79
63 67 28 15 5
19 87 55 61 42
68 12 99 98 4
21 45 5 53 94
61 12 9 17 37
27 14 72 83 3
85 99 75 45 34
48 76 86 58 1
5 73 63 24 96
77 72 13 48 14
10 35 16 8 78
13 58 65 47 63
38 74 4 51 14
30 37 34 88 20
75 34 100 2 72
26 1 5 95 92
68 29 21 5 33
34 78 24 9 76
Size
8 8 7 5 4
8 9 5 3 1
9 2 10 8 2
8 1 3 5 10
4 2 7 7 10
9 8 9 9 7
5 7 3 9 10
7 10 1 7 4
1 4 3 6 4
10 2 6 7 4
6 2 3 10 4
5 6 7 4 5
2 7 8 1 4
6 10 9 8 3
1 5 6 8 8
3 6 10 6 10
1 3 2 10 5
3 10 9 8 6
1 10 4 6 9
9 1 3 3 9
1 6 10 10 4
6 4 9 9 6
9 10 10 4 7
8 9 1 7 9
9 9 6 4 7
1 2 6 9 10
2 7 9 3 6
4 2 6 8 4
9 1 7 4 3
2 8 5 9 5
NoWait times: 2
1 2
