n 30
m 5
cap 20
Processing
65 12 34 76 85
4 42 100 68 69
81 92 58 62 28
50 75 34 54 35
81 58 73 36 5
39 16 13 15 48
80 10 15 30 61
93 65 86 8 40
24 70 13 83 28
34 56 48 15 80
53 1 40 100 17
59 16 14 37 21
54 3 54 17 50
84 21 91 45 49
8 81 35 13 42
17 23 97 45 32
26 30 28 87 61
46 95 74 82 2
35 93 38 52 88
36 71 27 27 43
6 83 31 73 29
85 30 33 80 62
13 6 33 80 39
35 63 47 90 76
36 3 61 15 76
92 18 76 78 2
5 95 47 19 92
9 20 4 54 50
24 83 96 58 77
57 96 32 23 52
Size
5 9 4 3 1
9 4 9 5 8
4 5 8 10 6
10 6 9 10 1
8 2 8 10 9
7 9 9 9 1
8 8 9 9 9
1 9 6 7 6
4 6 10 1 2
8 3 4 6 8
6 6 8 9 7
7 2 4 2 7
9 10 1 1 6
7 9 5 6 5
4 10 10 2 1
3 9 5 2 7
8 5 7 2 3
10 10 2 8 10
4 5 7 5 4
8 3 7 8 4
7 9 2 7 9
9 8 4 9 8
1 5 1 4 1
7 8 8 10 3
4 5 9 10 7
6 5 3 3 8
8 1 4 5 5
3 5 10 1 8
2 1 9 8 9
8 2 3 4 1
NoWait times: 2
0 2
