n 30
m 5
cap 20
Processing
79 26 95 85 87
65 69 56 72 41
57 7 58 93 4
72 73 35 70 100
8 23 60 70 43
5 87 36 13 6
70 98 20 54 19
46 84 52 22 95
59 35 35 48 1
3 10 74 58 23
70 49 24 40 39
100 6 89 17 88
40 91 63 35 72
83 26 55 5 69
15 75 47 50 100
33 3 99 1 84
88 59 74 71 79
16 59 42 14 70
47 55 31 16 85
10 48 24 88 45
76 44 24 20 86
18 3 8 23 3
20 73 3 23 61
44 66 75 10 77
94 92 81 66 86
88 57 76 91 85
55 55 47 31 76
94 84 71 54 20
11 90 57 12 46
69 28 71 11 37
Size
2 3 9 1 5
5 3 6 2 8
6 10 8 4 10
10 3 2 10 7
9 4 5 3 2
2 9 9 8 5
4 10 1 4 10
2 7 1 1 3
6 1 1 7 6
4 7 6 6 9
8 6 1 3 6
5 6 4 6 5
9 3 1 5 4
6 5 5 5 3
3 5 7 6 5
6 8 5 3 5
4 1 7 5 1
10 10 10 7 7
5 5 7 8 10
5 1 3 1 8
1 1 7 10 4
2 9 8 7 6
2 7 2 10 10
5 2 4 3 8
6 2 7 9 6
3 7 2 6 9
3 6 2 4 9
1 4 9 10 5
5 5 9 1 8
2 8 3 2 7
NoWait times: 2
2 3
