n 30
m 5
cap 30
Processing
97 86 52 17 23
75 73 84 28 80
2 72 10 26 95
79 29 5 15 34
10 7 100 25 88
53 47 58 74 25
83 53 68 63 65
42 23 69 86 53
52 5 3 55 85
15 5 86 86 60
58 90 17 32 43
48 100 43 94 46
75 17 53 3 67
82 69 57 52 75
17 45 79 84 84
65 87 9 7 50
19 82 77 64 16
59 84 15 34 2
7 40 19 50 46
42 73 19 50 72
23 89 45 5 81
68 75 72 98 62
84 64 72 79 30
90 15 27 48 87
63 4 45 1 9
73 95 3 14 49
20 29 92 19 93
100 97 94 64 29
70 98 4 20 33
13 64 86 8 31
Size
1 3 1 6 9
10 5 1 6 5
1 5 6 5 6
1 7 8 5 3
9 9 4 8 5
8 10 6 2 7
5 5 10 1 9
3 9 7 9 3
2 8 9 8 4
1 6 5 8 10
3 8 1 6 5
3 1 2 7 8
3 1 5 8 4
1 7 6 2 10
8 6 1 2 2
5 6 6 5 7
9 5 1 5 9
7 5 4 6 7
5 8 4 9 1
5 4 10 8 10
10 7 5 10 2
3 8 5 4 6
2 5 9 6 2
6 4 4 7 7
8 10 8 8 6
3 7 5 3 7
9 7 3 7 3
4 10 3 4 3
1 2 7 5 2
7 5 6 7 4
NoWait times: 2
1 2
