n 30
m 5
cap 30
Processing
21 74 21 64 9
66 58 7 14 59
86 20 92 99 12
73 27 21 66 43
76 21 19 1 80
45 51 85 87 12
30 82 56 42 34
19 8 22 2 53
94 93 85 98 20
39 83 86 8 28
24 45 15 38 65
53 7 46 36 8
48 50 21 70 76
91 6 7 17 50
1 4 51 99 55
49 43 93 81 16
23 52 6 8 31
58 100 30 2 10
44 31 57 55 97
4 28 96 61 80
44 62 46 6 94
7 88 65 31 9
57 31 58 75 16
86 100 91 35 86
100 41 44 23 78
68 97 78 89 79
80 56 61 8 50
100 51 87 69 89
95 100 31 80 22
68 82 84 19 80
Size
9 6 8 8 2
7 8 3 7 7
10 2 10 8 1
7 7 10 9 10
7 4 1 4 3
1 5 5 3 9
6 1 2 5 7
1 7 9 3 3
4 9 3 6 3
9 8 7 9 2
7 8 1 10 10
10 3 5 4 8
1 1 1 8 4
10 6 1 3 3
7 1 3 5 5
6 10 5 7 6
3 3 5 10 4
7 4 2 3 5
2 5 8 5 4
2 3 9 2 9
7 10 2 6 7
4 5 2 10 6
3 9 10 4 4
4 7 2 1 10
9 2 6 8 2
5 5 2 7 2
2 3 10 6 6
3 4 3 8 6
5 6 10 2 8
4 10 9 7 9
NoWait times: 2
1 3
