n 30
m 5
cap 30
Processing
60 8 96 43 36
73 100 41 7 51
6 78 26 85 42
20 79 40 55 49
83 48 44 81 47
31 18 61 97 97
49 95 59 58 23
25 6 63 1 41
43 20 90 72 70
34 53 99 47 86
71 8 94 84 7
63 49 33 22 30
87 78 3 93 65
74 42 14 35 7
50 12 53 61 81
44 15 8 79 9
50 34 48 45 1
1 54 78 76 60
87 18 92 98 4
63 56 70 49 66
79 4 69 22 77
84 100 5 25 28
80 67 66 80 13
76 2 47 85 33
6 82 16 78 52
83 29 36 36 93
50 66 16 80 18
57 30 59 34 4
22 69 58 51 35
63 97 81 28 75
Size
10 7 2 8 5
5 6 4 3 3
5 4 3 3 7
10 8 4 4 7
7 7 7 1 1
5 4 6 5 10
3 4 10 9 3
9 1 7 10 7
6 1 9 7 10
1 2 1 1 7
2 1 6 5 4
7 7 9 2 7
5 5 8 4 9
6 3 4 8 10
2 2 5 10 2
9 1 4 9 6
1 8 9 8 1
8 5 8 3 10
8 6 6 3 8
6 6 1 4 6
8 2 4 3 8
5 9 8 1 8
8 1 5 8 8
7 2 9 1 5
5 3 6 5 7
5 4 4 8 1
8 3 7 9 7
5 3 4 8 10
9 3 5 3 7
2 3 8 2 10
NoWait times: 2
2 3
