n 30
m 5
cap 30
Processing
77 1 13 60 20
58 3 66 43 52
85 39 34 67 79
45 55 90 37 62
65 34 39 22 47
67 15 89 21 11
80 17 17 7 91
39 11 67 62 56
67 82 15 56 31
66 88 13 39 59
85 48 68 54 66
41 4 60 92 49
10 44 15 48 93
44 96 88 6 17
81 17 41 10 65
52 75 70 80 37
97 100 6 22 62
91 62 63 40 60
70 14 19 21 36
19 17 24 80 27
77 74 1 38 6
84 33 7 65 74
31 17 7 72 47
100 81 54 49 82
77 98 71 70 52
81 49 15 57 62
12 90 20 13 86
87 72 70 28 71
95 74 23 87 76
83 81 96 73 15
Size
6 2 8 9 6
10 4 2 2 2
3 6 3 4 2
3 5 5 8 6
8 5 3 10 3
6 8 6 2 7
2 4 8 6 6
6 4 4 8 8
10 9 10 2 9
6 5 10 4 5
1 5 3 4 6
6 6 10 4 8
5 4 7 5 8
4 7 5 5 5
4 7 7 9 2
4 8 10 7 9
6 7 1 9 6
10 2 10 3 7
1 9 3 3 7
5 7 10 1 10
1 6 6 10 10
2 5 10 6 10
1 6 9 8 8
4 7 1 4 10
3 10 8 7 6
1 4 9 10 4
1 6 3 9 3
10 7 1 8 9
8 8 9 8 5
1 1 6 5 1
NoWait times: 2
0 3
