n 30
m 5
cap 30
Processing
38 69 85 1 18
33 66 22 14 92
43 38 97 81 90
89 59 79 93 84
31 9 28 22 59
68 90 23 73 80
46 37 37 21 50
36 84 85 82 27
2 47 69 69 29
91 51 63 58 90
80 42 88 31 60
94 81 44 41 37
60 30 60 92 3
41 49 64 58 91
49 88 100 6 94
2 17 45 22 41
97 24 85 13 11
67 46 67 100 54
73 100 26 10 37
6 68 61 74 22
33 17 41 27 39
36 68 2 25 34
40 61 17 98 96
8 27 94 76 92
98 60 61 33 59
25 63 35 53 74
77 29 45 29 4
37 78 33 70 93
69 65 57 68 57
79 67 49 90 84
Size
2 8 8 5 7
2 5 9 5 9
1 7 1 5 7
2 5 10 7 5
10 2 10 5 10
10 7 7 8 7
5 4 2 8 8
8 3 1 6 6
2 3 4 9 5
7 4 10 7 7
2 6 7 7 8
6 3 5 7 1
1 1 6 3 4
10 9 5 10 5
4 8 1 8 4
3 2 2 5 7
10 9 6 10 10
6 4 6 2 4
6 3 2 6 9
3 5 4 7 9
8 5 1 8 7
6 5 5 8 9
4 2 3 7 6
10 1 4 3 4
5 8 4 1 8
9 8 6 9 2
2 4 7 9 4
4 5 1 6 2
1 8 1 9 5
2 2 4 10 8
NoWait times: 2
2 3
