n 30
m 5
cap 30
Processing
6 66 92 9 68
75 25 25 4 23
52 9 43 16 7
83 24 83 100 69
46 83 12 57 49
47 48 9 29 93
96 28 12 10 78
13 39 86 77 100
68 57 74 66 6
22 92 40 1 64
76 71 4 67 42
9 88 19 23 7
66 14 15 51 3
81 72 65 81 90
41 92 21 65 47
83 80 17 76 84
24 36 51 58 23
27 87 70 44 2
6 4 52 47 58
40 58 5 7 77
48 64 2 54 81
38 11 51 58 43
43 86 3 19 7
53 38 92 12 24
87 95 59 16 83
98 55 46 31 22
11 38 88 37 26
5 32 58 31 60
34 54 1 52 69
42 15 63 80 59
Size
2 5 7 1 9
1 8 4 5 2
8 10 9 5 1
8 2 2 1 9
5 5 6 2 9
5 3 3 4 7
3 4 10 2 2
10 7 6 6 3
4 5 4 8 3
1 9 7 6 5
2 10 6 5 6
2 4 3 2 1
4 9 8 10 9
7 3 10 2 4
5 9 8 1 4
2 7 2 1 5
1 4 10 2 1
7 1 7 2 6
8 9 7 6 4
1 3 8 1 6
8 5 10 1 9
3 5 2 9 9
3 8 9 8 2
7 9 8 8 1
4 8 10 6 7
9 1 4 1 7
4 7 4 10 5
7 4 5 9 1
4 8 5 3 2
3 1 5 4 2
NoWait times: 2
2 3
