n 30
m 5
cap 30
Processing
77 61 44 6 89
44 93 32 76 91
40 2 34 35 28
57 76 66 97 1
79 37 77 75 83
80 11 64 59 88
21 18 24 58 26
97 12 48 10 52
100 51 15 32 3
67 2 6 32 90
1 15 3 25 41
61 17 24 47 81
89 62 45 43 90
43 58 18 30 9
4 38 37 87 11
87 34 53 49 16
38 33 83 19 69
19 73 45 87 86
42 75 1 71 89
14 34 54 67 36
34 84 76 53 70
21 33 41 63 13
88 55 86 79 67
50 46 8 40 53
81 52 23 8 69
66 100 4 63 11
61 78 44 25 83
54 33 29 99 66
6 12 97 63 15
82 35 89 5 17
Size
10 10 9 4 1
9 3 10 6 4
7 10 4 8 4
10 9 4 4 10
8 2 3 7 3
5 6 9 1 8
9 8 4 2 5
4 9 4 1 4
3 3 5 9 3
3 7 4 9 5
4 7 7 6 1
7 1 10 2 10
4 3 10 6 1
2 4 6 6 7
6 3 3 8 1
10 10 5 3 2
5 9 2 6 3
6 6 2 7 5
5 7 8 9 3
9 1 4 5 6
9 4 4 3 9
8 2 5 8 10
10 8 9 3 10
6 3 8 10 6
5 5 6 2 1
1 10 9 1 3
8 9 1 5 3
8 10 10 8 9
7 7 7 3 7
1 6 6 4 6
NoWait times: 2
2 3
