n 30
m 5
cap 30
Processing
97 55 51 100 48
50 36 1 81 66
79 74 47 58 24
82 55 70 97 97
46 97 22 63 28
25 93 50 38 46
89 67 49 52 63
27 74 6 74 29
27 18 91 17 70
89 50 58 7 25
54 56 68 47 19
22 1 38 39 69
80 84 20 54 5
71 44 44 82 60
87 40 18 77 7
61 32 87 12 63
47 31 47 96 41
26 60 96 17 84
11 27 9 29 76
60 90 20 29 91
78 8 81 61 8
55 91 67 69 91
87 45 77 3 65
69 47 25 50 55
4 81 9 35 80
44 12 61 41 21
8 55 4 37 85
81 46 39 53 81
74 64 2 8 71
55 54 72 2 30
Size
9 10 4 2 3
7 2 5 10 6
9 6 5 1 4
2 10 5 2 1
10 5 4 6 10
4 5 3 9 2
8 4 8 9 1
5 10 8 10 7
7 2 4 4 6
5 4 3 7 5
1 7 6 7 9
4 2 4 3 1
2 8 6 3 6
6 6 3 10 10
8 4 5 2 10
9 5 10 9 5
1 5 7 10 8
1 10 7 2 2
5 2 1 6 3
5 4 8 2 2
9 4 3 6 10
1 3 6 1 8
3 5 3 10 2
10 1 1 5 4
5 5 7 3 9
4 5 10 9 8
8 5 2 3 1
3 2 8 2 5
3 8 10 3 7
8 10 3 5 6
NoWait times: 2
2 3
