n 30
m 5
cap 30
Processing
33 89 10 9 94
86 31 89 67 89
38 20 37 45 95
25 16 24 88 59
41 100 40 54 85
60 85 88 10 84
97 28 89 11 47
71 69 93 79 98
34 29 17 97 9
41 26 48 27 1
25 4 48 92 71
81 67 34 35 77
47 96 55 25 11
33 64 58 3 23
45 42 31 89 53
61 80 1 19 39
67 98 89 54 4
74 34 94 89 48
42 73 65 58 83
28 8 66 17 56
92 17 87 27 53
91 3 42 22 3
77 84 41 31 10
85 33 79 75 50
55 41 53 82 29
53 91 90 70 93
65 98 42 70 36
1 69 92 69 61
79 46 57 31 11
28 11 53 56 82
Size
5 5 5 5 8
6 3 3 4 10
3 6 3 9 3
1 8 4 3 1
3 1 6 7 5
4 9 8 1 4
1 2 2 3 5
4 3 4 2 8
10 4 10 5 8
6 1 10 4 6
8 5 3 2 5
4 8 7 5 8
3 4 10 8 4
6 9 4 4 2
10 3 4 4 8
10 10 10 8 7
6 10 7 6 1
7 1 2 7 5
6 7 5 7 5
3 6 8 8 4
7 4 5 1 8
4 3 7 2 4
9 3 8 10 7
7 3 5 2 9
10 6 8 6 4
9 3 1 2 1
3 3 2 5 3
5 8 3 7 7
5 2 1 1 3
7 8 8 4 7
NoWait times: 2
0 3
