n 30
m 5
cap 30
Processing
17 34 27 35 4
62 31 91 95 65
58 93 100 39 8
55 29 11 100 72
64 55 43 45 98
9 46 20 97 50
91 19 75 31 31
15 73 85 15 3
59 37 91 5 73
70 37 57 50 36
34 70 42 50 37
24 83 43 78 38
28 34 66 40 33
84 89 95 48 69
78 12 38 79 23
10 14 47 77 22
98 77 43 38 21
80 13 80 24 66
41 11 13 65 83
97 48 53 98 100
45 94 11 18 23
34 84 68 22 86
6 77 92 83 96
74 76 56 87 63
89 74 51 86 30
7 83 70 88 44
37 69 14 67 99
61 10 95 45 67
88 20 36 57 75
98 43 96 80 2
Size
9 8 3 5 5
10 4 8 9 4
4 9 6 8 2
6 3 4 5 4
4 6 5 6 8
2 5 4 10 1
8 5 9 5 9
4 3 8 6 6
10 1 4 3 9
6 10 2 9 7
4 6 1 1 3
7 8 2 7 8
8 2 1 4 10
6 2 4 7 8
4 10 10 3 1
8 5 1 7 1
1 10 3 6 9
5 9 3 6 5
2 4 10 9 9
5 9 5 3 7
10 7 3 7 4
5 7 10 3 6
4 5 2 7 4
9 5 9 9 10
10 5 3 7 3
3 2 3 8 4
5 5 8 10 8
2 9 4 6 4
4 10 9 2 1
6 6 3 9 5
NoWait times: 2
0 3
