n 30
m 5
cap 50
Processing
11 80 80 21 82
70 66 47 61 27
52 98 7 7 84
72 53 4 51 88
29 35 83 78 32
75 47 7 35 32
48 80 74 53 38
48 23 100 7 49
74 70 75 3 98
74 17 23 50 52
57 15 61 69 8
7 89 31 69 93
49 22 33 85 66
75 44 73 47 69
73 15 29 11 36
76 90 86 15 99
95 7 82 67 66
10 79 35 31 95
52 40 29 48 55
1 8 11 84 64
93 51 32 79 24
80 96 48 31 3
41 63 42 93 83
89 39 58 59 83
91 12 48 9 27
39 13 33 99 39
79 36 53 13 46
14 29 85 98 62
77 43 87 35 19
37 41 76 92 72
Size
6 6 4 10 10
3 5 1 1 3
4 5 9 10 2
6 6 6 4 4
1 5 5 3 5
1 7 1 8 9
2 8 8 10 5
9 8 4 7 10
10 2 3 10 6
4 9 1 6 6
10 2 2 6 1
6 10 7 1 2
2 7 5 10 4
10 10 10 4 1
1 2 10 10 7
10 3 6 2 10
1 10 9 3 2
5 3 7 10 6
3 9 7 5 4
6 10 4 7 4
7 5 3 10 10
9 9 6 3 8
3 10 7 9 1
9 1 4 2 4
2 1 10 2 9
1 10 2 8 6
5 10 1 3 9
5 5 2 4 3
5 5 8 9 6
8 5 5 10 10
NoWait times: 2
0 1
