n 30
m 5
cap 50
Processing
16 36 95 21 61
93 88 79 76 42
84 36 12 74 17
30 45 18 3 65
3 37 79 29 62
97 1 92 64 16
21 25 2 89 10
99 91 74 20 33
31 63 84 95 4
20 9 64 87 86
35 78 19 43 27
83 33 18 7 40
94 88 68 65 58
88 95 33 82 5
52 8 61 89 79
19 29 75 98 63
43 21 71 31 55
46 58 23 80 51
99 32 57 65 50
37 66 62 28 77
64 91 83 51 51
55 27 32 34 72
76 64 83 53 77
1 34 83 52 98
27 95 79 64 21
44 28 68 97 64
50 13 20 17 55
27 94 33 22 70
45 31 51 28 45
17 88 40 48 54
Size
1 4 7 6 4
8 8 8 7 1
5 7 9 8 7
3 6 1 8 8
2 9 5 1 2
9 8 3 7 6
1 4 1 1 2
3 4 4 6 5
9 8 4 8 7
8 7 5 3 8
6 9 1 4 1
4 8 2 2 1
1 2 10 8 2
9 2 4 10 8
1 7 4 9 7
2 7 2 9 8
4 2 6 6 4
2 8 10 1 5
1 2 8 1 5
8 9 10 6 10
6 4 10 8 2
5 4 7 2 1
10 3 4 7 3
7 2 2 2 8
4 2 7 8 7
1 1 2 7 9
4 10 5 9 10
10 3 3 7 5
8 5 9 5 9
3 10 4 4 4
NoWait times: 2
0 3
