n 30
m 5
cap 50
Processing
92 68 64 16 73
28 10 34 4 72
25 31 88 92 43
35 30 51 80 87
1 98 87 46 41
35 83 54 59 2
33 18 14 95 27
88 19 83 96 10
35 9 68 44 30
26 88 36 14 16
21 28 90 53 97
42 35 87 63 17
30 57 73 42 16
32 79 49 91 9
65 93 74 45 99
30 62 99 55 98
63 40 61 76 55
94 86 15 66 72
24 44 24 91 76
51 44 16 67 7
54 59 59 4 18
6 3 84 9 45
98 33 62 41 89
21 88 23 52 41
44 78 60 58 59
87 54 67 38 75
98 94 4 52 57
49 30 2 36 23
93 89 49 75 70
79 12 54 65 77
Size
9 6 10 7 8
5 8 4 3 6
3 1 1 1 1
9 2 6 7 4
7 1 8 4 4
5 8 10 1 7
9 2 7 6 4
8 9 9 5 3
9 2 6 4 4
6 5 1 1 3
8 9 5 5 7
6 2 7 10 8
6 8 8 10 6
8 1 4 2 5
9 9 2 7 1
2 6 8 7 2
4 3 2 9 8
4 2 4 3 6
1 6 9 10 8
5 3 9 10 9
2 1 2 10 4
3 2 3 10 6
8 3 4 5 8
3 1 2 1 5
3 8 8 1 4
5 4 6 3 10
10 8 3 9 8
9 7 5 5 7
6 6 10 1 6
4 2 8 3 9
NoWait times: 2
2 3
