n 30
m 5
cap 50
Processing
82 89 39 40 49
4 24 45 85 76
56 69 38 12 61
69 75 72 48 87
76 17 49 55 72
94 99 62 69 58
35 72 35 25 48
46 33 12 25 13
7 95 26 88 45
3 57 7 68 34
4 2 43 10 65
92 48 32 31 16
49 57 93 51 21
9 21 50 95 69
52 27 18 43 25
14 56 13 51 36
80 97 67 92 22
13 93 82 52 42
34 13 94 82 91
68 2 84 65 3
26 91 41 23 64
45 45 99 57 76
35 43 39 71 81
19 85 97 68 16
69 87 49 40 73
44 37 80 95 23
86 12 37 42 19
35 59 44 42 57
78 27 86 90 34
1 11 29 46 99
Size
1 1 6 3 1
5 7 4 2 5
9 1 5 8 9
10 6 7 3 1
7 7 8 10 1
6 5 3 6 9
10 4 8 3 10
10 5 4 1 5
1 1 2 6 2
6 6 1 3 6
10 5 10 9 10
9 10 6 9 4
8 4 5 6 5
4 3 5 8 8
2 6 5 3 2
6 6 10 4 6
7 8 4 2 9
9 4 3 10 5
5 8 4 6 5
6 9 10 3 6
3 10 8 5 1
10 10 3 5 8
7 9 1 8 6
5 9 7 7 3
4 10 4 2 7
10 3 4 2 3
1 2 6 2 9
9 2 2 5 10
7 4 6 3 7
3 3 1 6 1
NoWait times: 2
0 3
