n 30
m 5
cap 50
Processing
32 27 10 60 38
12 78 52 68 97
96 61 24 25 14
93 40 40 32 56
66 54 28 62 98
88 98 66 52 3
28 90 17 49 18
27 17 29 36 98
27 52 41 27 85
60 59 60 14 21
31 33 24 6 52
56 69 42 64 92
26 86 73 83 69
81 50 3 53 40
34 45 33 1 23
34 61 37 95 90
63 42 25 48 56
87 4 25 36 73
74 74 46 82 33
99 32 85 57 79
42 74 87 86 73
78 23 63 37 82
5 6 39 62 10
24 73 47 95 100
6 87 93 54 21
5 92 7 95 80
1 52 25 73 21
6 23 17 43 100
76 28 39 27 34
95 33 8 89 4
Size
6 3 2 6 10
10 3 5 3 10
5 9 8 4 8
7 9 2 9 5
1 10 2 6 3
7 6 5 10 9
8 8 2 9 10
9 9 7 8 8
9 2 10 9 10
9 3 5 5 6
5 5 4 8 4
6 8 3 2 3
7 7 10 10 6
7 1 3 6 4
2 3 6 5 7
7 8 5 9 3
2 7 3 8 9
3 7 1 3 10
4 6 6 7 1
8 7 8 7 10
9 10 7 6 2
10 1 3 8 10
2 7 5 8 6
7 10 10 6 1
2 4 5 3 2
9 3 2 8 8
5 1 3 6 1
6 1 5 6 10
10 6 5 10 7
6 2 1 6 7
NoWait times: 2
0 3
