n 30
m 5
cap 50
Processing
73 8 26 73 6
34 20 96 40 96
36 99 82 81 28
16 53 34 49 84
98 76 20 11 5
70 96 51 67 9
23 64 97 72 93
95 76 29 86 7
36 61 71 23 79
21 46 99 23 2
30 30 14 17 95
8 9 86 34 90
63 61 75 82 98
35 61 49 2 57
20 12 60 53 76
65 25 76 18 98
48 9 4 30 7
6 27 52 62 34
88 15 8 51 40
62 2 56 13 42
60 54 55 13 56
68 81 34 11 99
2 53 100 12 8
14 17 90 45 56
81 21 2 33 1
93 12 58 74 9
40 38 30 50 37
55 92 92 48 24
16 74 64 63 72
69 2 2 67 25
Size
1 10 5 5 2
3 8 7 4 7
1 4 4 6 6
5 1 1 3 6
8 10 6 2 3
5 9 10 3 10
7 9 1 9 6
8 1 1 9 10
2 10 3 5 10
8 4 10 8 7
5 1 8 10 7
6 3 5 4 5
1 2 7 10 8
10 9 2 4 4
3 6 6 3 2
1 10 3 1 5
5 3 6 5 1
6 3 8 3 10
9 4 6 9 4
2 7 6 9 10
6 10 8 8 5
10 6 9 5 6
10 3 3 8 4
6 1 3 3 4
7 1 9 10 2
10 6 2 4 5
2 7 9 9 10
5 8 7 3 8
9 3 8 1 10
3 4 7 6 7
NoWait times: 2
1 3
