n 30
m 5
cap 50
Processing
53 62 24 95 18
74 36 37 6 84
15 62 88 88 52
61 30 35 23 70
97 28 48 14 41
73 17 94 85 8
34 47 71 99 86
52 54 87 46 59
37 99 31 34 30
43 74 78 98 93
40 39 28 77 46
95 100 5 84 27
36 57 24 76 20
84 30 19 23 32
63 67 13 71 44
96 93 70 47 43
97 36 98 26 96
46 85 29 33 46
81 42 58 88 68
76 1 25 53 85
17 5 31 82 97
70 1 13 27 34
95 100 94 39 66
30 83 2 47 79
46 14 1 96 22
91 30 64 23 30
14 44 79 94 15
30 19 88 23 87
26 55 44 89 34
42 59 74 26 36
Size
4 1 7 7 3
10 4 7 7 10
4 7 3 10 10
6 7 8 1 9
1 5 2 1 1
7 6 7 9 4
10 6 7 8 4
5 5 9 5 5
8 5 6 5 10
6 10 5 3 9
9 6 10 3 2
3 5 4 1 4
1 6 9 1 6
10 7 6 5 10
8 10 6 4 5
8 10 5 10 8
2 10 8 1 10
8 10 2 2 10
7 2 6 10 6
1 6 3 10 1
9 1 5 9 10
10 8 3 1 3
3 1 5 1 3
7 9 3 10 9
1 9 4 5 8
5 8 6 8 5
1 4 7 10 4
7 4 5 5 3
10 5 1 7 7
4 7 8 7 6
NoWait times: 2
1 2
