n 30
m 5
cap 50
Processing
62 49 29 89 60
22 92 4 13 99
17 4 7 8 27
87 96 78 20 1
95 73 39 97 47
16 97 22 7 82
93 22 94 84 27
69 44 64 91 89
51 54 58 99 28
74 100 31 46 8
87 49 61 81 57
90 85 77 100 93
47 49 55 45 57
64 14 4 5 32
83 75 2 67 97
47 14 48 58 42
39 9 4 87 33
85 93 71 57 14
49 57 90 32 39
87 97 72 73 60
69 39 91 3 61
48 57 70 27 26
84 12 92 48 26
31 4 75 48 18
7 22 55 2 57
27 25 43 65 93
89 93 23 77 34
14 67 76 23 88
25 19 44 67 20
18 99 49 9 11
Size
10 9 3 3 7
3 7 9 6 6
2 10 6 3 4
9 1 1 6 10
3 2 4 8 6
6 10 1 7 4
9 1 2 3 6
8 5 6 7 10
6 8 6 2 6
2 5 10 7 1
3 10 5 8 1
4 8 9 6 8
9 7 3 3 7
6 1 3 10 8
3 9 8 5 1
7 10 5 5 9
9 9 4 8 2
3 4 4 4 4
6 2 7 6 5
1 10 1 9 7
2 10 5 3 7
10 9 9 5 8
2 6 6 5 4
1 9 6 3 4
4 7 1 6 4
10 2 10 10 2
1 9 2 6 1
8 4 1 1 5
9 5 7 10 7
7 6 4 4 1
NoWait times: 2
1 2
