n 30
m 5
cap 50
Processing
17 11 78 74 83
37 29 87 82 77
15 82 96 15 31
66 20 68 71 86
21 100 17 97 55
79 48 28 56 44
58 7 26 82 24
3 14 8 95 14
38 61 3 9 10
76 89 96 81 13
80 44 94 29 13
63 90 49 64 31
90 60 95 11 56
27 30 39 77 19
58 40 36 92 14
86 53 76 25 68
23 13 100 63 22
78 67 35 28 4
26 28 37 23 49
68 63 56 96 61
79 11 49 44 43
68 89 77 12 17
2 6 54 51 65
91 65 42 95 53
8 71 60 68 55
34 36 70 6 36
80 64 34 56 21
43 78 72 64 9
31 14 35 54 2
39 80 53 67 35
Size
6 1 2 10 10
4 4 5 1 2
5 3 4 5 5
7 5 3 8 2
6 2 6 7 9
3 5 10 9 8
6 5 6 2 9
5 3 9 6 3
4 1 6 1 5
8 1 2 10 10
7 4 10 8 6
9 10 6 10 6
3 10 8 4 2
1 8 4 1 9
8 7 5 8 3
10 6 3 1 3
4 8 7 4 6
6 10 10 5 5
4 4 8 5 3
5 4 5 6 3
5 7 3 7 9
3 4 4 7 6
6 8 10 9 6
6 3 3 6 9
9 9 3 4 8
5 5 8 1 5
9 10 1 8 9
9 7 7 1 7
9 9 5 8 3
8 5 3 6 2
NoWait times: 2
1 3
