n 30
m 5
cap 50
Processing
95 67 3 67 24
64 77 53 32 23
88 79 5 7 77
21 16 71 74 56
12 44 13 84 36
80 70 32 9 100
83 24 89 56 39
55 24 34 71 40
6 76 85 71 34
15 59 89 23 100
47 64 35 53 54
99 38 95 22 34
70 19 19 49 1
40 47 38 92 36
81 59 9 89 90
44 34 82 96 25
33 58 66 63 72
89 55 71 70 66
27 33 20 95 92
52 57 60 31 19
56 62 55 59 58
66 70 40 99 4
38 51 65 65 30
88 45 82 57 95
4 6 36 92 26
84 41 10 68 37
93 70 88 8 17
71 62 65 93 47
88 44 89 72 51
9 62 56 72 6
Size
2 3 2 6 2
6 4 8 4 1
2 10 10 2 10
1 7 6 4 10
10 9 8 10 2
10 8 9 10 9
10 4 3 2 8
9 10 1 5 10
4 8 1 7 5
3 8 6 9 8
6 3 10 6 8
2 2 10 4 3
5 2 10 7 9
8 1 3 9 7
6 8 10 1 6
4 9 7 7 9
1 4 4 6 6
6 7 9 3 6
5 4 9 5 8
8 10 5 8 8
4 8 9 9 9
6 5 6 9 9
6 3 1 9 2
5 2 4 3 6
4 2 2 8 4
10 7 5 7 4
5 9 9 3 7
8 7 10 5 2
1 3 4 9 2
1 3 6 6 6
NoWait times: 2
0 3
