n 30
m 10
cap 10
Processing
52 12 76 70 2 98 13 55 71 29
38 45 46 91 98 98 2 98 5 87
53 73 74 93 58 88 34 26 100 14
52 48 35 72 15 77 29 62 41 98
45 61 55 20 21 64 52 45 78 13
24 78 12 71 5 61 29 78 75 75
33 88 23 82 79 92 75 73 37 43
80 52 3 14 17 2 49 65 82 80
47 17 73 44 66 67 22 86 39 15
80 34 99 66 47 89 24 22 19 50
85 33 23 94 13 8 35 55 99 45
83 92 6 10 71 2 30 53 89 57
21 45 64 9 95 80 93 100 85 10
43 17 78 51 20 67 23 53 58 78
30 32 98 26 68 100 68 80 63 22
29 77 77 58 49 39 100 92 27 81
65 70 18 96 21 13 1 99 44 18
84 23 44 60 90 93 78 22 23 18
32 67 44 16 69 62 50 44 27 84
92 18 88 30 56 43 23 57 5 89
13 69 75 25 64 64 40 54 95 59
69 94 66 14 90 91 82 67 5 76
58 20 34 92 29 71 25 12 61 23
70 70 2 58 13 49 72 60 4 51
52 70 83 81 85 84 89 87 75 75
74 76 99 70 71 69 29 59 69 98
34 37 19 75 43 56 69 62 99 78
87 37 71 34 2 14 51 16 46 99
79 3 97 1 47 71 17 15 87 44
74 10 42 9 35 20 58 71 2 97
Size
2 8 1 3 10 2 6 7 8 9
10 8 3 9 8 6 3 6 6 1
1 2 7 8 2 7 9 7 3 9
2 9 6 1 7 1 5 8 10 6
3 10 10 4 1 3 8 10 4 5
8 3 9 8 10 4 2 7 1 7
8 10 9 7 7 9 4 10 5 1
5 2 10 1 9 2 3 4 9 8
2 6 10 10 3 1 9 3 3 1
9 10 3 9 10 5 2 4 3 1
7 8 9 10 9 8 2 5 5 10
9 3 10 3 6 10 9 3 3 10
5 1 6 1 4 4 4 6 6 8
8 7 8 8 3 7 3 8 7 4
3 7 6 9 2 6 3 8 1 5
7 8 10 2 7 9 5 7 5 3
9 9 3 8 7 1 5 2 2 7
9 8 8 1 7 9 9 8 6 5
8 6 7 3 1 9 9 2 10 7
7 1 9 3 2 4 7 8 10 7
1 1 3 4 6 4 10 4 7 10
8 9 3 2 5 8 6 5 6 7
6 2 6 2 10 4 10 10 8 5
3 9 2 1 10 6 7 7 9 6
4 1 6 3 10 4 9 5 10 4
10 7 4 8 8 5 3 8 6 1
9 8 1 5 1 10 2 2 9 4
7 10 4 8 7 5 6 6 2 3
9 6 3 4 8 1 5 9 6 9
9 4 1 3 4 3 10 6 8 7
NoWait times: 3
0 1 7
