n 30
m 10
cap 10
Processing
58 71 35 14 45 72 39 92 21 63
26 36 8 52 27 9 88 58 79 63
55 15 100 31 20 9 40 26 32 3
65 15 61 20 35 63 100 100 48 88
22 19 17 17 31 67 65 69 74 38
49 18 25 59 6 16 75 84 7 94
93 31 30 47 17 88 49 59 27 76
38 82 37 11 46 45 34 65 100 82
60 45 12 46 87 21 17 82 91 69
96 9 10 41 53 72 9 43 62 9
7 35 37 4 67 9 21 15 95 20
38 82 38 20 86 48 47 93 51 90
10 83 7 2 1 12 92 69 9 53
17 68 93 82 28 19 6 68 6 78
86 16 4 6 16 21 28 70 31 41
45 14 18 25 6 8 56 50 28 72
16 96 94 44 95 87 47 53 71 86
53 75 9 100 84 58 83 66 11 87
15 75 91 48 70 52 73 29 25 73
57 99 85 5 39 28 95 14 37 62
74 69 66 21 41 60 45 69 43 12
57 92 4 30 47 48 33 8 85 99
62 25 6 16 43 50 37 64 31 32
92 82 87 100 1 41 39 94 60 71
29 38 99 16 51 26 69 77 2 35
1 11 66 27 38 39 32 53 51 78
86 85 22 56 36 25 29 28 51 52
92 62 35 70 23 85 81 59 36 67
23 9 68 7 88 43 7 72 1 88
98 50 21 100 56 83 64 89 50 53
Size
5 10 2 4 1 10 6 5 3 3
10 5 4 10 6 6 10 10 10 9
3 4 2 8 10 9 9 10 9 6
10 3 2 1 8 6 4 8 7 6
9 1 8 2 7 8 1 1 6 2
3 3 1 3 1 10 6 1 10 4
4 2 6 3 1 8 1 2 5 1
4 3 2 5 6 9 5 5 4 2
5 6 3 6 5 1 9 4 8 5
3 2 10 5 4 6 6 6 4 1
10 4 9 5 1 4 6 3 8 8
4 3 1 10 9 4 1 3 6 2
2 10 8 2 4 8 6 8 1 4
8 5 6 6 4 3 5 8 5 4
7 1 5 8 4 3 2 6 8 5
5 3 7 4 4 3 1 8 5 10
8 3 5 1 10 4 10 1 9 5
7 10 2 8 7 6 10 2 2 1
5 7 5 2 8 5 10 3 8 4
4 1 6 4 7 7 10 8 6 5
6 4 10 4 3 9 6 8 8 10
6 4 3 10 2 5 9 5 8 9
5 4 5 7 9 10 1 3 7 10
3 10 5 5 5 8 1 3 1 2
1 6 1 5 9 2 6 2 2 6
6 6 5 9 5 1 5 3 1 4
7 7 5 7 8 2 4 5 1 5
9 10 3 8 5 7 3 4 5 1
5 7 6 7 6 5 4 5 9 9
7 4 10 4 3 8 4 4 9 4
NoWait times: 3
2 7 8
