n 30
m 10
cap 10
Processing
57 82 15 55 38 44 39 81 60 70
62 14 74 23 79 67 94 26 65 77
23 24 85 10 37 64 64 98 2 45
56 68 93 48 86 33 12 59 26 59
3 4 52 5 23 3 25 43 38 23
84 60 88 2 56 88 46 8 49 77
16 23 85 22 95 89 56 9 10 8
9 5 43 1 75 73 85 82 48 37
58 67 36 17 53 87 64 86 51 25
81 82 69 3 9 76 43 24 27 86
85 52 5 51 20 44 96 85 56 19
53 4 6 27 93 70 14 42 43 14
60 96 28 75 60 33 42 84 93 77
34 9 86 67 66 74 34 45 49 87
9 47 17 91 18 70 73 53 5 68
17 47 82 9 67 8 72 79 89 100
86 71 40 41 38 60 67 9 2 58
74 85 66 82 78 12 17 25 72 55
40 79 28 39 33 31 87 21 92 29
82 52 22 78 36 4 80 42 80 42
63 13 4 69 55 5 55 98 64 29
56 71 73 25 24 35 63 83 86 65
84 58 27 60 23 42 72 69 22 80
6 97 35 62 85 98 55 92 58 31
74 43 28 99 13 49 21 22 88 32
38 16 87 47 7 44 82 45 30 24
26 50 38 1 74 62 95 58 13 50
22 95 12 14 88 97 60 86 81 67
1 9 80 40 37 23 27 74 9 9
58 94 63 76 53 25 85 6 10 70
Size
4 6 8 5 1 5 8 7 1 9
5 2 10 9 3 7 8 3 6 6
4 2 8 9 7 4 1 10 9 9
5 3 8 3 8 2 7 6 4 5
9 9 5 5 6 6 7 10 1 2
8 4 7 8 2 1 3 2 7 5
1 7 8 10 7 9 3 5 9 4
4 1 2 5 6 4 9 10 5 7
9 2 9 7 3 7 5 7 6 6
6 4 7 3 10 3 3 7 1 8
7 10 6 6 6 8 8 7 6 5
8 4 8 4 10 4 7 10 8 4
3 7 9 9 1 4 10 10 1 3
5 10 7 4 8 2 3 6 3 6
8 3 6 4 10 6 1 2 2 2
5 9 9 7 4 5 1 2 2 7
10 5 3 7 5 4 4 6 1 7
3 4 1 10 9 6 4 7 7 4
8 9 2 10 7 10 2 6 10 2
3 1 1 1 10 5 8 2 1 1
5 4 3 6 7 8 6 4 5 4
7 1 2 9 3 3 2 2 10 1
7 2 5 9 4 3 7 10 3 6
2 10 5 6 7 2 3 5 6 4
1 8 9 9 7 10 1 2 9 4
3 2 2 6 3 1 10 3 6 1
7 9 9 7 10 3 3 1 8 6
3 9 8 10 1 7 8 5 10 2
6 1 8 7 1 5 6 9 3 10
5 9 1 7 8 5 4 7 9 5
NoWait times: 3
2 4 8
