n 30
m 10
cap 10
Processing
37 83 46 17 61 35 98 96 73 39
70 66 46 30 49 73 11 63 68 54
51 64 99 42 77 90 38 55 67 34
33 48 62 77 66 14 6 73 91 90
78 31 53 21 58 49 7 33 99 91
35 88 41 23 28 79 17 80 86 35
63 85 63 23 41 17 81 94 38 48
74 16 7 11 67 73 1 8 17 58
53 89 64 86 42 97 15 43 84 24
30 80 72 75 15 4 74 50 63 49
38 45 87 25 1 33 26 64 92 22
58 58 71 55 3 23 2 57 37 96
42 37 91 97 9 97 93 87 66 26
76 67 83 81 38 18 15 17 88 31
21 10 69 54 85 97 6 85 96 45
29 30 76 36 56 80 42 78 72 55
32 48 5 98 26 48 33 13 74 42
23 30 9 24 53 69 83 8 75 49
62 27 36 12 40 20 69 73 61 48
67 29 74 76 1 69 53 22 59 8
50 44 36 12 59 26 87 6 45 42
86 50 19 56 92 46 98 54 40 12
18 54 4 29 7 83 83 31 40 5
72 12 86 85 56 29 90 66 75 26
21 11 73 91 33 60 65 11 68 82
21 7 13 28 5 13 37 70 63 17
35 32 79 24 29 100 82 6 30 4
47 43 97 36 69 99 64 20 40 69
84 46 9 70 91 6 90 3 72 24
10 52 63 64 36 64 77 40 18 23
Size
3 1 6 2 5 9 1 3 1 2
2 10 6 6 7 9 6 8 9 9
7 3 5 3 6 7 1 9 7 4
1 5 8 2 6 6 5 8 8 8
3 5 7 4 4 3 8 7 6 3
6 1 3 2 6 1 8 8 10 10
3 8 10 8 3 6 6 9 10 7
6 9 10 8 3 10 6 7 2 10
6 9 5 5 3 4 10 7 4 5
8 8 5 2 9 6 8 2 5 2
7 2 5 10 3 3 6 6 6 4
5 9 10 10 4 6 7 6 1 10
1 2 3 8 1 4 6 8 8 10
9 9 6 2 8 8 10 4 9 7
6 10 8 6 3 5 5 3 4 8
6 2 4 10 7 10 4 10 2 10
6 4 6 10 7 5 9 4 9 2
1 1 7 7 4 2 6 1 9 2
7 6 6 7 9 1 7 4 8 2
3 8 5 3 2 1 10 1 2 4
3 10 1 4 2 6 6 3 9 6
2 5 10 9 1 8 4 9 8 6
10 2 4 4 3 2 8 6 5 3
6 8 3 3 9 7 9 1 1 9
7 10 4 9 2 2 4 6 6 4
9 1 1 8 4 10 7 8 5 5
5 5 7 1 5 8 7 1 9 4
5 3 7 10 8 3 7 6 9 10
4 5 1 10 7 5 10 4 2 8
2 3 9 4 7 7 4 9 4 8
NoWait times: 3
5 7 8
