n 30
m 10
cap 10
Processing
2 73 63 79 9 82 7 39 38 16
31 44 58 19 59 54 95 80 53 93
81 60 19 99 87 27 80 35 10 13
70 18 98 55 14 47 82 95 85 38
19 16 38 77 2 25 22 44 6 4
86 99 3 72 27 2 21 9 15 86
14 36 69 71 13 53 74 78 29 8
6 52 15 89 2 56 11 2 88 7
53 70 96 71 51 80 16 67 56 5
67 17 8 10 55 80 6 35 73 17
90 100 27 54 36 41 64 72 67 39
75 21 6 74 29 48 21 11 45 79
95 100 71 72 94 17 27 8 49 99
24 6 45 25 31 40 23 32 64 55
35 36 63 5 73 61 47 16 65 53
61 95 2 83 71 42 9 11 25 29
68 55 95 93 86 98 91 1 95 28
28 23 85 56 84 47 42 43 38 31
64 15 57 91 9 51 84 21 47 76
71 1 72 94 94 72 71 66 24 30
90 40 23 77 11 2 4 10 64 43
94 90 75 85 32 50 63 1 21 85
88 93 70 91 75 10 62 79 37 23
34 38 88 7 92 17 99 21 12 9
85 48 83 71 60 37 92 45 91 2
100 15 90 98 62 17 58 42 7 66
73 3 39 41 50 49 60 2 45 37
76 4 48 32 44 85 38 55 99 96
43 83 82 96 66 33 76 75 40 93
40 98 99 87 96 76 74 76 77 75
Size
6 8 3 5 5 6 3 2 2 2
1 3 9 4 3 3 3 8 9 10
2 10 7 8 7 5 5 3 2 1
4 8 9 3 6 4 8 4 6 4
10 10 3 6 10 3 5 6 6 1
9 9 6 6 3 3 9 3 2 10
7 9 8 5 1 1 9 5 8 6
8 4 4 8 3 5 9 4 2 9
1 5 7 2 3 10 9 7 3 2
10 3 8 5 6 4 1 9 7 9
6 7 8 9 2 2 10 1 7 1
6 3 1 2 10 3 9 8 5 4
4 6 7 1 9 4 2 4 6 3
9 8 6 1 9 5 4 9 5 5
4 4 6 2 4 7 2 10 10 9
3 6 5 5 7 2 7 10 8 1
10 5 1 5 10 1 8 10 5 5
4 10 4 9 9 2 2 6 4 8
5 9 1 10 7 5 1 10 7 3
5 7 2 7 6 7 5 4 3 5
9 6 7 2 10 7 4 8 10 2
5 3 4 8 1 5 4 2 4 6
7 2 3 2 1 9 7 4 3 1
10 5 1 4 2 8 10 2 5 8
3 9 9 4 8 5 4 1 8 8
1 2 4 8 9 3 3 7 7 7
5 6 5 2 3 8 10 4 3 7
3 4 4 10 10 9 5 8 3 7
2 2 1 7 3 7 10 5 4 1
8 5 7 2 7 8 4 10 8 3
NoWait times: 3
0 3 5
