n 30
m 10
cap 10
Processing
52 8 45 63 91 30 95 82 3 34
87 4 65 69 16 3 72 24 77 12
28 79 35 32 46 89 86 21 48 72
33 53 78 35 88 97 29 40 42 17
75 99 49 79 25 94 97 48 32 5
99 16 86 7 46 17 98 90 78 66
46 92 56 90 78 12 9 58 28 89
32 67 12 12 37 57 32 97 15 37
95 4 57 100 93 34 39 90 52 74
17 94 30 43 27 2 86 71 89 83
32 11 52 51 95 92 41 99 8 95
53 55 30 65 58 93 46 51 63 55
24 90 22 93 29 63 22 23 17 78
35 81 10 17 95 66 80 32 4 57
34 96 17 97 93 21 100 1 48 40
75 44 39 74 83 15 56 40 87 30
100 21 11 59 90 60 76 99 59 15
55 81 26 68 44 42 42 58 33 50
76 95 7 95 12 73 62 65 60 84
22 16 93 46 6 73 7 22 81 56
97 73 3 66 30 87 11 27 26 81
39 41 33 95 66 43 89 90 49 43
56 87 20 84 90 90 58 15 39 96
56 70 62 82 23 27 50 79 19 13
11 88 22 17 26 20 53 27 25 19
88 91 5 6 27 74 38 46 83 86
84 93 7 17 69 69 86 99 29 19
40 32 65 63 83 43 88 2 31 84
24 31 9 35 11 34 42 21 39 69
11 86 73 2 10 63 14 74 74 27
Size
9 7 8 8 9 1 4 3 2 4
2 8 10 2 6 2 2 3 3 3
5 7 2 7 4 7 7 3 1 10
7 5 6 6 6 10 8 7 6 4
6 6 9 5 3 6 8 5 10 9
2 1 9 8 2 4 7 1 3 1
10 2 4 2 7 3 1 6 2 3
3 10 7 1 10 10 9 3 4 8
2 10 9 3 4 2 8 2 2 10
1 5 2 1 6 1 6 6 7 4
5 4 2 2 6 3 3 6 6 4
2 1 3 8 2 1 2 10 2 2
2 7 7 9 8 4 9 2 3 10
7 5 3 2 7 7 9 9 9 4
8 7 4 4 7 6 2 5 1 8
3 5 10 5 8 5 2 9 4 6
3 6 7 2 8 1 5 1 9 8
10 7 7 8 4 1 5 5 9 5
3 9 10 4 2 7 3 2 6 5
3 3 2 1 10 2 4 5 5 1
4 9 1 10 9 10 8 10 2 6
10 10 5 3 1 2 7 10 1 3
9 2 10 9 4 1 8 7 9 1
7 6 3 6 7 8 4 9 1 1
4 4 1 7 7 7 10 2 1 2
6 10 4 6 5 9 6 1 1 2
7 10 2 10 3 4 7 7 8 6
9 1 1 5 10 7 1 5 10 1
2 2 6 1 5 6 6 2 5 3
10 9 5 4 4 8 4 10 10 8
NoWait times: 3
6 7 8
