n 30
m 10
cap 10
Processing
81 74 46 14 12 99 93 81 62 19
99 12 4 59 21 82 30 37 47 88
92 78 25 65 25 68 3 87 24 2
57 34 9 25 22 42 91 8 36 91
91 32 56 34 14 75 39 87 28 35
88 80 86 69 94 69 34 20 18 70
45 20 65 13 98 65 7 90 13 89
72 97 50 79 27 96 61 18 46 27
4 42 11 96 74 73 62 57 3 17
60 82 12 58 20 76 97 82 54 75
8 38 38 53 79 41 37 84 61 63
56 23 33 95 98 30 76 66 29 45
58 54 60 82 86 34 90 45 41 37
79 87 66 8 19 86 72 87 65 73
73 22 68 58 48 61 27 65 91 89
96 68 4 75 96 30 26 27 4 46
6 6 40 59 58 74 1 12 35 97
85 41 54 65 3 98 98 66 85 60
72 19 67 88 100 29 76 65 11 38
19 34 26 34 87 59 100 80 25 44
35 26 46 63 3 12 2 51 39 32
69 31 61 20 27 64 81 47 70 49
36 75 57 74 4 88 8 77 63 20
93 60 15 63 49 95 58 36 49 29
63 22 8 17 62 7 59 93 47 78
35 68 72 93 6 48 81 73 48 7
22 44 91 81 90 47 35 69 34 63
49 79 5 28 15 48 71 48 67 10
94 30 94 8 62 67 14 7 61 71
99 82 9 16 15 20 33 25 81 27
Size
9 10 2 1 2 1 8 4 9 8
9 4 1 4 1 2 4 5 2 4
6 1 5 10 6 3 4 2 7 9
10 6 4 3 2 6 1 2 8 9
8 1 5 7 6 9 2 2 10 8
10 3 3 3 3 10 4 9 10 3
3 4 7 10 7 10 10 9 7 2
1 1 1 4 6 10 10 8 9 9
10 9 3 10 1 9 4 4 1 8
9 3 3 8 7 2 8 6 6 8
2 1 7 6 8 2 8 2 5 5
5 4 2 1 3 5 6 3 10 6
1 10 6 9 3 9 8 10 1 2
2 8 4 10 5 3 2 3 6 10
1 7 6 1 3 3 1 2 10 4
2 2 7 7 6 2 10 5 2 6
5 3 1 3 9 3 1 10 4 4
3 4 8 8 6 2 10 2 1 10
7 3 8 1 6 4 3 8 10 9
2 10 4 9 10 8 7 1 7 9
8 10 1 5 8 2 2 1 4 10
3 10 9 6 10 9 10 7 2 5
10 5 10 4 6 3 3 2 9 10
1 8 5 4 1 8 9 8 8 7
7 6 10 5 2 7 6 6 3 10
9 10 3 6 5 9 9 4 10 4
4 5 3 10 2 2 1 4 2 2
5 8 4 9 4 1 2 2 7 1
7 8 4 7 10 1 1 5 5 7
5 3 4 8 2 6 4 5 5 4
NoWait times: 3
2 3 8
