n 30
m 10
cap 10
Processing
62 88 60 78 66 92 60 98 71 14
17 62 18 3 63 92 44 65 19 53
63 20 62 55 36 66 72 46 37 54
92 82 42 5 25 33 2 2 100 65
5 57 66 80 14 68 83 8 100 40
61 98 43 98 79 92 58 3 71 34
62 28 67 73 4 54 47 100 26 14
76 95 26 58 33 74 22 53 7 26
51 98 11 100 21 48 36 27 41 39
50 42 82 70 44 30 25 25 4 64
14 86 87 95 38 1 80 37 7 15
42 4 47 27 99 65 41 56 34 99
36 88 24 96 25 24 75 98 86 72
52 5 57 19 3 61 5 57 26 56
36 8 35 68 33 55 76 53 89 93
45 58 66 89 59 94 66 73 3 80
53 2 43 71 39 58 83 79 7 86
72 80 18 89 78 15 14 12 61 25
3 82 18 92 16 69 44 78 71 30
60 91 41 61 86 55 16 62 11 65
20 88 36 12 9 4 39 44 97 62
68 99 61 25 56 66 38 70 18 16
13 47 43 98 25 34 47 94 26 7
92 17 35 21 80 13 22 5 81 82
51 65 52 28 74 75 56 42 76 91
31 31 81 54 86 36 7 25 14 5
50 53 27 54 45 17 13 89 95 71
32 60 91 55 28 61 45 37 68 94
47 74 72 13 59 63 29 88 52 36
60 24 29 48 32 4 15 3 8 52
Size
8 2 7 10 2 10 7 3 5 8
7 2 6 2 8 3 2 2 9 4
8 7 8 10 6 6 10 7 4 2
2 1 4 6 9 3 3 7 10 7
1 7 7 4 8 10 1 10 3 7
4 5 5 3 1 8 6 9 10 3
8 3 4 10 1 6 5 4 1 7
9 5 9 8 9 6 3 9 7 1
8 2 2 4 2 4 9 3 8 7
9 9 10 10 1 2 3 5 1 6
9 4 3 3 10 3 5 7 3 5
8 1 7 3 3 2 1 2 6 2
2 3 5 2 3 6 1 7 10 3
7 1 3 4 4 6 7 8 5 1
6 2 8 4 4 6 4 1 8 2
9 3 6 6 5 1 3 10 9 8
8 10 8 5 1 3 6 6 10 7
2 10 6 1 3 9 5 1 9 8
4 7 8 10 8 2 6 3 10 2
4 3 6 6 10 3 6 3 7 8
2 8 3 5 1 6 3 4 3 6
3 5 10 9 5 4 9 9 7 8
9 3 7 3 4 1 9 5 4 3
4 1 7 4 3 6 1 2 6 7
4 9 6 4 5 10 7 6 9 9
2 2 8 6 10 10 5 2 9 3
4 7 5 6 1 5 10 2 6 9
7 5 5 8 7 3 5 6 5 2
2 3 8 5 9 8 9 10 1 5
6 2 1 8 4 10 7 10 8 3
NoWait times: 3
0 1 6
