n 30
m 10
cap 10
Processing
78 60 1 83 77 77 72 3 89 39
94 70 80 94 71 28 91 22 21 86
51 68 55 45 90 34 32 74 9 23
65 76 34 31 11 89 30 15 62 69
23 18 46 96 58 34 99 69 46 39
45 44 64 48 97 69 30 85 29 8
74 22 42 3 80 17 1 15 14 52
72 23 70 12 10 4 11 9 45 90
72 71 81 10 72 66 20 60 1 66
94 30 95 52 29 69 5 20 100 13
56 71 2 93 91 72 11 71 72 85
99 85 86 49 30 44 75 97 23 4
32 91 32 46 29 70 94 95 14 15
8 66 22 65 9 11 26 45 15 1
18 74 68 32 79 89 23 56 98 81
44 33 23 59 49 73 49 32 53 82
51 34 26 62 97 8 52 56 2 36
31 26 39 55 59 50 71 73 18 44
40 16 10 15 47 34 63 83 76 55
68 30 59 90 80 100 98 51 4 7
57 87 18 55 85 37 57 92 16 18
46 28 87 57 77 19 3 2 72 97
82 75 33 51 28 31 64 99 96 59
77 34 30 67 84 62 68 35 38 74
96 65 47 91 39 78 55 81 42 48
82 81 1 39 37 60 83 98 94 85
58 37 21 22 41 20 55 58 85 2
15 43 92 76 43 48 91 27 56 89
26 60 69 23 7 68 90 15 77 68
2 24 87 42 79 49 82 34 12 8
Size
7 6 10 6 9 7 9 9 9 2
7 4 3 10 10 2 7 1 7 3
2 10 3 4 9 9 3 7 8 4
8 2 1 3 7 3 4 1 10 3
5 1 1 8 8 7 8 8 9 1
8 9 8 9 3 9 3 2 4 5
2 9 7 7 10 10 5 9 9 8
10 7 7 4 3 8 5 9 2 3
9 10 4 2 8 9 4 10 4 6
1 1 9 8 2 5 10 9 5 2
10 4 6 3 10 8 7 10 8 8
2 3 9 9 8 5 8 3 5 5
9 9 3 3 4 3 9 6 1 1
2 10 6 3 2 9 7 3 1 5
8 9 3 5 3 9 8 9 1 8
2 10 10 1 2 2 8 5 4 8
7 7 5 8 5 1 2 3 10 8
10 1 5 7 10 5 2 10 8 9
6 5 9 6 3 8 4 3 2 1
1 3 2 10 9 10 7 10 5 4
6 7 8 4 4 6 2 2 9 8
7 6 4 1 4 9 8 5 8 8
5 10 7 4 7 1 7 6 5 4
4 5 6 6 5 3 10 4 6 9
5 2 1 7 4 7 4 4 3 10
4 4 6 9 2 3 3 9 2 2
6 1 8 5 2 2 4 5 2 8
4 6 8 3 5 1 5 10 5 3
4 8 5 6 8 10 3 6 4 6
10 2 7 6 2 6 5 2 4 3
NoWait times: 3
0 6 7
