n 30
m 10
cap 10
Processing
18 78 19 88 13 11 72 9 99 79
18 1 78 33 2 22 40 33 58 60
70 49 82 70 11 7 93 65 65 76
44 76 90 96 36 96 90 90 38 11
67 42 29 51 76 83 21 13 1 93
12 53 83 14 90 89 3 52 61 80
67 50 65 76 18 99 47 33 62 53
73 44 13 11 16 87 77 14 11 64
20 53 67 99 66 52 40 4 7 14
30 64 81 92 24 71 97 96 8 36
70 38 45 51 10 74 19 78 52 14
74 94 72 24 98 21 19 63 59 1
93 57 90 50 51 14 55 34 66 24
31 73 98 53 33 95 21 91 42 74
99 55 9 59 2 38 56 13 26 70
24 2 82 53 51 17 6 69 72 64
37 16 53 15 90 94 6 12 85 60
100 63 99 67 10 1 53 82 14 15
78 33 32 34 90 6 38 30 49 53
92 99 21 39 68 13 38 65 89 81
14 60 43 94 2 88 26 88 56 71
21 85 58 56 55 1 21 2 74 30
43 88 8 77 33 77 13 79 53 56
94 50 48 60 32 76 50 65 53 69
23 84 16 67 14 56 73 33 30 62
85 49 69 69 6 32 18 96 58 63
58 64 87 82 73 15 98 30 26 30
61 16 99 71 6 30 68 34 13 24
35 51 48 96 80 13 36 58 99 52
56 22 52 14 48 99 14 5 44 96
Size
7 9 9 10 7 1 3 5 10 5
10 5 1 9 6 10 8 7 7 10
7 1 3 9 8 3 3 7 9 6
9 1 5 9 4 3 5 10 5 8
9 5 10 2 3 9 5 10 10 5
3 3 2 4 9 7 10 8 2 4
10 5 6 4 4 5 3 9 2 4
7 10 3 2 4 8 6 1 10 10
10 1 10 9 1 2 7 3 5 4
2 5 8 10 3 9 3 3 2 7
3 7 4 7 4 5 2 5 6 8
10 7 8 2 10 5 9 5 6 1
2 9 9 9 2 8 8 8 2 1
5 8 8 8 10 1 1 2 1 4
9 7 1 2 7 6 8 1 4 8
3 3 10 4 7 6 8 6 1 2
5 2 8 5 6 10 9 2 2 6
1 9 10 4 6 9 2 5 6 4
1 3 3 1 10 3 6 6 1 3
4 6 10 10 5 3 10 1 3 6
5 6 1 3 1 1 5 4 7 9
9 8 5 10 1 7 3 2 10 4
5 2 3 2 10 7 2 2 10 3
10 2 8 2 5 5 8 9 3 10
10 4 7 9 6 8 5 9 10 8
1 2 1 10 8 10 10 1 9 10
8 8 8 1 10 7 8 4 6 7
7 6 7 7 1 4 1 1 6 10
8 6 8 4 1 10 9 6 6 4
6 7 1 4 2 9 1 8 4 5
NoWait times: 3
2 3 8
