n 30
m 10
cap 20
Processing
89 25 1 89 92 80 77 33 66 57
5 11 10 46 13 75 7 35 59 45
96 18 39 17 92 51 69 40 10 93
73 28 77 22 46 86 85 77 14 64
88 25 42 75 20 62 32 25 10 25
28 93 44 80 47 74 25 59 80 54
97 91 51 32 8 56 50 94 75 51
47 88 35 54 92 97 71 78 98 27
42 3 94 34 4 7 16 45 47 50
45 15 85 81 18 76 43 84 97 18
88 43 41 86 25 80 82 32 75 81
16 34 39 61 40 79 19 20 77 71
49 94 47 82 57 88 25 49 49 31
35 43 13 99 4 60 16 88 24 61
12 94 26 21 22 76 45 47 89 58
47 99 80 41 79 54 50 21 99 88
32 76 90 100 83 97 95 32 22 6
34 26 4 67 83 15 76 23 8 53
30 91 92 89 18 66 44 16 72 16
86 2 5 21 6 30 45 49 56 98
9 79 42 9 43 21 60 98 42 37
27 82 9 9 79 76 95 34 100 93
16 70 23 12 64 75 42 14 31 5
61 80 74 50 53 34 55 73 83 55
51 85 74 50 55 82 7 64 96 10
11 99 62 2 78 31 75 25 26 29
55 10 89 44 37 85 12 97 7 44
64 32 84 90 40 3 17 59 21 96
20 45 44 80 8 62 97 25 75 88
53 10 46 41 93 8 51 82 20 76
Size
3 7 10 10 10 2 9 1 9 6
9 5 4 1 5 5 6 9 1 8
8 3 4 10 10 9 2 9 3 2
9 6 7 4 5 5 3 3 6 2
7 6 7 3 1 7 3 7 10 2
5 5 9 10 7 6 10 6 7 4
6 2 9 3 4 10 5 2 3 9
10 8 1 10 1 6 1 9 8 10
5 10 6 7 10 9 5 3 5 1
10 1 3 4 2 1 4 3 5 8
8 8 1 3 6 5 5 6 4 2
9 1 8 4 1 8 7 8 4 10
3 5 7 2 10 8 3 6 4 9
6 7 2 9 8 6 6 1 6 3
3 2 9 7 10 9 7 2 2 9
10 1 8 1 6 9 8 2 6 3
1 1 3 8 5 5 6 2 2 9
2 7 2 9 5 8 3 8 4 6
9 2 5 1 2 8 5 6 1 2
1 6 8 3 7 4 9 10 6 1
2 6 10 10 8 5 1 8 2 4
8 5 1 9 1 1 2 1 4 3
9 9 10 3 3 6 6 5 9 9
6 3 9 9 10 6 5 5 1 2
5 7 9 6 10 8 6 5 5 9
10 6 8 2 5 4 7 4 3 9
10 5 1 4 10 8 7 5 3 9
6 4 3 9 4 1 6 8 4 3
4 6 9 10 10 8 3 5 1 9
10 2 2 4 8 7 4 10 10 8
NoWait times: 3
0 6 7
