n 30
m 10
cap 20
Processing
62 84 33 73 48 69 30 44 93 17
75 69 69 2 66 84 5 45 23 9
86 31 76 31 42 96 32 89 17 54
58 16 3 96 80 57 68 92 7 34
82 61 20 42 62 96 14 22 76 93
7 13 86 50 83 25 24 13 21 90
41 69 6 8 71 26 12 28 11 25
4 17 23 50 75 92 6 42 7 86
64 21 51 54 42 11 96 72 58 83
27 4 60 13 16 79 52 58 96 50
76 46 24 63 47 92 53 68 100 37
56 32 67 38 83 21 68 45 52 4
33 79 46 4 96 50 81 84 48 96
92 10 57 32 12 89 98 5 21 70
83 22 74 30 79 17 3 22 39 87
74 4 49 16 36 53 4 44 16 23
70 40 90 55 75 90 83 33 39 69
12 23 42 2 61 65 92 9 17 13
5 85 61 88 62 46 17 65 7 18
33 85 46 61 30 69 14 92 70 96
13 17 82 27 90 1 57 99 82 49
9 67 9 77 48 92 71 8 35 14
42 17 96 58 53 23 49 11 9 95
65 89 100 96 14 54 50 76 7 43
40 87 60 5 76 52 78 88 1 50
28 11 38 29 78 41 43 37 33 70
22 52 76 18 28 82 86 82 78 67
82 80 88 5 8 9 49 45 64 8
22 14 25 35 36 56 38 20 82 60
39 95 46 6 36 54 19 32 99 53
Size
5 7 9 3 2 9 9 5 3 2
8 3 1 2 4 5 9 7 1 10
10 8 3 2 1 10 6 4 5 1
4 8 5 1 5 3 7 7 8 7
2 9 8 2 5 7 6 2 4 1
10 2 8 7 10 2 10 8 10 8
1 3 6 2 10 9 5 9 3 4
8 6 10 8 4 8 4 7 4 7
7 9 10 4 8 4 9 3 3 2
10 5 3 3 4 2 9 7 4 8
10 9 10 1 1 2 1 9 2 4
8 6 8 5 7 7 5 4 3 9
6 6 4 10 5 6 1 3 3 1
4 4 6 3 4 7 8 6 3 3
1 8 6 4 3 6 7 7 5 2
10 3 10 2 8 10 2 1 8 9
4 4 5 6 10 1 10 10 4 10
5 4 6 10 3 3 4 9 6 2
10 9 1 7 3 1 8 5 5 5
5 10 4 9 7 7 6 10 10 6
2 10 5 6 1 1 1 6 10 10
1 1 6 5 3 5 9 9 5 9
2 2 10 10 8 3 10 10 2 8
2 2 3 6 3 5 6 5 5 6
3 6 1 5 7 8 6 6 8 4
7 8 9 8 1 2 2 1 2 6
5 10 5 8 1 10 6 4 9 3
4 10 2 10 3 2 2 6 10 7
6 3 5 1 4 3 1 8 9 3
6 7 7 1 10 2 5 1 1 9
NoWait times: 3
4 5 7
