n 30
m 10
cap 20
Processing
51 80 2 68 40 49 55 80 42 71
88 50 88 59 3 95 74 2 85 97
10 52 99 8 95 45 68 8 30 44
54 14 62 27 28 34 82 78 81 81
24 31 5 26 48 52 67 81 64 14
56 100 48 8 36 83 73 14 39 71
20 59 81 28 48 91 90 3 7 9
67 98 7 25 86 79 74 53 10 34
60 8 91 42 27 52 83 94 24 79
34 70 38 2 59 68 66 72 3 87
43 98 73 13 99 8 13 19 60 83
90 49 15 91 83 8 28 29 88 96
38 27 46 89 74 65 33 47 18 39
5 1 91 41 47 25 8 17 99 84
20 64 74 20 51 69 71 51 95 21
76 98 49 49 32 89 69 35 94 72
17 77 63 79 4 49 93 34 83 16
16 30 90 22 5 85 48 76 63 56
86 37 61 68 34 69 2 50 47 68
89 67 72 98 6 77 35 86 99 85
56 43 69 15 55 7 41 3 7 1
98 1 60 75 99 18 29 100 69 82
86 57 90 20 92 66 80 21 12 34
37 43 65 1 93 71 23 92 80 32
6 100 12 54 96 19 13 45 60 47
53 41 18 95 76 11 83 67 27 48
32 46 35 24 18 27 56 39 40 83
82 69 68 39 47 29 60 69 80 92
36 22 94 37 12 63 68 46 96 70
98 95 36 33 21 64 96 21 16 64
Size
1 5 7 4 3 1 5 6 1 6
4 10 4 1 8 6 3 10 1 5
4 10 7 1 4 1 9 1 3 9
3 1 8 4 2 4 3 9 9 1
8 7 10 2 10 2 1 6 9 4
7 3 2 9 4 8 6 3 8 6
7 7 8 5 1 5 6 4 1 5
10 9 3 4 10 5 2 3 8 9
4 6 9 9 1 1 4 4 4 10
9 9 9 6 2 9 9 10 9 10
4 1 8 6 9 4 9 1 4 3
4 4 4 3 10 4 8 1 2 1
2 4 8 8 1 5 4 9 4 1
2 7 8 5 7 10 3 1 10 2
7 1 2 3 4 5 9 8 2 1
8 8 3 3 9 7 2 10 5 10
8 6 6 10 9 10 7 8 5 1
4 2 3 2 2 4 4 6 8 3
9 5 9 2 7 8 5 5 1 2
1 6 4 7 2 1 1 2 8 1
6 3 10 5 3 1 3 1 6 4
2 3 10 5 7 4 10 5 7 5
5 5 1 1 4 2 5 1 10 8
10 3 8 7 7 2 6 9 1 10
1 9 6 9 1 1 2 2 1 10
6 1 7 7 6 1 5 9 5 6
10 6 5 6 10 1 8 1 5 10
9 1 2 1 1 4 2 2 7 5
6 3 8 10 10 6 3 8 8 7
3 7 10 6 1 8 8 1 10 7
NoWait times: 3
0 7 8
