n 30
m 10
cap 20
Processing
50 91 45 48 74 82 25 28 14 27
77 39 67 76 79 72 50 97 39 37
21 96 93 42 50 67 82 50 90 46
69 48 15 5 33 78 13 15 71 84
6 34 49 48 78 87 90 19 49 39
2 54 89 33 39 77 26 22 2 47
34 31 27 51 55 22 23 62 89 49
71 35 79 5 61 15 65 15 57 99
29 40 87 56 62 35 32 33 77 72
72 57 77 51 54 4 74 46 52 90
4 56 6 32 60 4 2 99 34 83
40 56 32 40 3 63 27 95 91 85
74 90 8 94 60 11 4 21 90 53
48 44 10 39 16 73 69 58 95 48
21 87 46 82 50 51 46 10 14 88
98 15 71 73 46 33 82 2 21 44
63 93 51 64 99 9 84 75 47 81
49 53 76 62 86 26 4 9 75 92
85 55 25 65 37 88 94 42 39 19
7 98 63 38 3 4 82 20 64 62
12 43 81 79 58 87 57 64 30 74
11 19 23 71 54 30 6 96 42 56
51 52 51 88 90 90 59 3 46 5
46 58 29 90 92 27 67 76 31 33
70 66 96 21 58 94 79 58 12 60
9 14 47 11 68 77 13 20 58 87
99 10 38 23 94 13 79 43 62 42
28 32 44 37 87 92 90 52 80 80
60 52 3 22 60 55 14 51 32 41
71 99 58 60 46 49 77 12 88 9
Size
9 8 6 5 3 3 9 10 1 9
1 2 9 7 1 2 3 9 3 5
3 9 2 1 3 7 10 7 7 2
6 1 2 10 8 6 10 4 3 7
3 8 1 4 4 6 4 1 3 7
5 5 10 7 10 6 9 9 9 5
8 4 9 5 1 7 3 7 8 5
3 4 8 5 1 6 10 7 8 3
8 4 2 2 8 7 4 5 2 3
3 6 2 4 8 7 10 2 7 10
6 1 5 10 2 4 5 6 6 3
5 8 3 9 6 3 5 7 8 9
8 8 1 3 4 2 7 3 8 2
1 7 3 7 1 7 4 9 1 8
1 3 2 8 10 1 4 9 4 1
10 10 1 2 3 8 10 7 6 8
6 3 7 2 9 10 9 7 7 10
6 7 6 1 3 1 2 5 5 5
5 3 9 4 6 8 3 9 3 6
2 4 2 1 4 8 5 8 9 4
4 3 7 5 10 1 6 8 2 1
7 7 4 7 8 1 8 10 3 5
3 1 6 8 1 7 5 2 3 6
5 2 4 3 8 7 6 5 8 4
4 2 7 9 7 1 2 3 2 7
2 8 2 4 1 8 1 7 1 7
2 8 8 3 9 5 8 7 10 10
5 1 3 9 9 7 1 2 4 1
9 8 6 7 3 6 8 9 3 7
1 10 3 1 10 3 3 1 8 1
NoWait times: 3
3 5 8
