n 30
m 10
cap 20
Processing
77 11 24 79 30 2 55 89 3 95
97 48 13 27 88 19 24 28 20 99
15 13 28 64 91 53 75 80 8 100
63 7 2 8 28 97 17 64 37 37
29 70 100 70 31 86 42 19 75 50
29 47 49 17 59 24 70 73 46 69
62 28 49 27 19 89 73 76 39 39
18 20 60 21 55 36 58 56 86 49
3 3 82 76 68 49 93 60 25 83
37 26 46 37 34 86 25 90 9 63
2 58 45 69 92 17 25 32 96 43
62 17 42 39 37 41 59 21 98 33
59 85 81 10 71 6 53 11 68 11
89 19 86 34 95 96 75 98 79 59
61 76 41 87 48 97 82 95 99 67
100 20 72 75 95 87 16 66 40 28
1 17 54 12 54 3 94 21 11 85
97 17 29 15 52 38 18 1 99 43
80 18 53 22 22 25 91 97 92 6
63 5 33 12 94 55 45 57 4 70
58 48 49 27 28 75 10 1 82 30
62 48 72 89 65 82 52 13 52 3
24 14 34 31 13 38 80 100 13 35
26 12 34 28 8 51 42 21 46 31
85 19 95 29 21 36 11 82 10 90
56 16 43 13 5 99 68 30 14 55
63 60 84 28 32 82 23 96 83 17
21 22 89 86 72 68 58 97 36 76
45 39 15 55 9 8 97 88 7 38
69 46 84 25 74 25 62 9 32 52
Size
10 9 1 5 7 6 5 9 1 4
4 8 2 9 10 2 7 4 3 3
9 7 1 9 5 8 1 3 2 5
2 4 7 2 1 1 4 5 7 10
1 2 3 2 10 6 10 9 8 9
8 10 5 4 7 4 7 5 9 2
3 9 1 1 1 10 3 10 6 7
6 5 9 8 1 1 2 7 7 8
4 7 5 10 6 10 3 5 6 10
3 6 3 7 5 5 3 7 3 6
6 5 7 9 6 4 3 6 4 3
2 6 6 7 6 3 3 9 5 10
10 9 3 5 2 3 5 2 3 4
10 2 4 10 4 8 10 10 9 4
2 10 10 9 7 9 2 4 7 2
10 10 1 2 7 8 7 8 8 8
1 5 2 1 8 2 6 6 9 10
3 10 5 8 3 6 3 6 7 6
10 2 4 10 2 8 6 5 5 10
4 7 4 3 4 4 5 10 5 6
7 9 4 1 4 6 1 7 7 6
10 2 9 1 1 9 6 1 3 1
8 7 6 3 5 10 10 10 1 5
1 7 7 1 1 1 5 3 5 1
6 6 3 1 5 10 8 4 6 6
3 5 9 10 3 2 9 6 2 6
7 10 1 8 9 6 4 7 10 8
1 9 4 5 1 8 7 10 7 6
9 7 2 3 9 4 8 4 2 3
10 1 8 6 4 4 3 2 1 4
NoWait times: 3
0 3 7
