n 30
m 10
cap 20
Processing
17 52 61 10 88 84 81 8 4 27
100 99 86 74 11 44 59 57 28 100
28 45 83 22 10 94 8 36 2 16
12 73 9 68 28 23 50 62 40 10
46 20 64 73 32 11 89 25 8 80
56 28 47 83 90 63 28 46 43 42
45 98 67 59 38 34 1 76 2 92
16 20 70 27 61 46 95 81 45 25
1 90 17 84 66 82 80 22 67 9
30 34 82 19 35 85 86 59 62 88
82 1 5 80 44 41 44 32 41 57
28 15 91 51 36 62 30 71 83 92
3 46 71 11 76 34 95 63 56 97
81 74 82 42 50 38 80 93 96 78
17 66 2 92 6 90 56 90 42 76
9 39 25 85 30 32 68 54 10 62
62 80 39 88 53 27 91 57 9 89
36 26 88 84 63 66 35 38 8 86
19 39 50 38 36 13 29 35 41 38
97 100 68 52 44 81 29 38 95 94
94 14 94 97 56 40 100 60 5 9
81 65 5 68 85 39 55 37 8 91
56 73 98 46 35 48 76 39 29 52
6 26 30 94 41 78 58 82 65 72
46 35 73 53 1 50 85 63 52 99
66 1 79 93 42 8 69 88 95 81
72 21 41 52 61 84 41 87 39 10
58 57 95 13 99 7 73 47 38 66
31 7 50 92 39 94 16 60 94 54
28 86 68 76 29 26 49 78 22 45
Size
7 2 9 9 5 4 6 1 10 6
6 3 3 2 9 1 10 4 3 4
8 8 7 2 7 8 2 7 3 3
1 7 9 3 1 10 1 10 2 6
7 1 6 6 8 9 9 1 2 7
6 1 1 4 2 2 3 6 7 8
2 4 2 2 1 6 6 5 9 3
4 3 4 10 6 8 6 9 3 8
7 10 5 2 8 6 8 10 4 6
4 6 2 9 4 9 6 1 5 1
9 8 10 10 10 4 10 1 1 8
7 8 3 2 1 4 7 3 7 5
2 9 10 2 1 6 10 7 5 2
6 1 5 3 4 9 6 6 10 8
1 1 5 2 1 4 2 8 4 5
2 8 10 10 2 5 9 7 5 9
4 9 5 2 9 6 9 9 6 8
8 5 8 5 5 1 5 7 6 8
5 7 4 5 1 4 8 1 7 3
6 4 10 4 8 5 8 5 9 8
2 3 10 2 3 7 4 3 5 3
9 8 3 8 4 4 8 4 8 9
5 9 1 1 1 6 7 9 5 4
10 1 1 3 6 10 3 9 9 5
1 1 4 6 9 8 8 4 10 9
10 2 10 3 5 1 8 10 4 1
5 9 4 5 6 6 7 5 1 5
7 2 9 1 8 6 2 2 3 9
5 8 8 4 2 3 2 1 2 3
10 8 8 9 1 1 2 10 1 3
NoWait times: 3
2 4 8
