n 30
m 10
cap 20
Processing
60 21 83 59 32 80 73 39 53 90
57 92 21 28 31 51 60 36 35 11
5 39 45 82 28 54 8 19 60 39
92 98 41 77 3 32 53 55 45 100
82 26 8 16 12 40 84 60 7 89
47 66 5 48 10 28 76 41 81 59
84 22 66 6 38 30 53 85 12 96
25 47 23 28 78 68 88 33 89 10
10 2 76 43 15 88 99 40 28 78
37 84 9 91 46 61 12 95 19 94
63 87 92 14 72 21 48 79 97 68
42 75 11 97 99 22 100 94 92 59
1 69 15 66 5 71 57 63 100 9
41 66 1 34 57 22 68 6 66 11
98 41 67 54 86 73 57 41 77 94
11 30 94 67 87 18 43 93 3 41
62 70 23 71 41 1 19 69 66 24
29 51 48 8 36 14 80 99 80 76
36 66 6 53 20 45 39 65 3 100
25 38 51 6 99 82 1 78 58 19
46 5 5 33 25 95 87 25 10 62
77 39 13 89 100 67 85 9 57 74
37 50 52 27 33 93 93 37 42 27
59 76 89 53 21 36 80 15 75 90
4 68 53 95 79 99 79 82 3 42
9 17 39 91 2 19 24 3 43 20
5 5 72 26 32 92 85 61 60 51
85 68 42 88 90 63 72 79 79 5
67 62 96 27 84 60 77 38 53 48
28 3 87 74 85 84 71 45 12 31
Size
9 8 7 6 4 2 8 4 4 10
6 7 4 9 1 3 9 5 2 6
1 8 10 5 7 9 8 8 2 4
8 3 5 8 1 4 5 4 8 4
4 9 1 6 6 4 9 6 8 2
4 6 1 10 2 4 8 3 8 10
2 5 9 1 8 5 10 3 4 9
7 9 5 2 5 6 10 6 4 4
10 2 2 6 9 3 9 7 9 1
9 10 6 6 8 6 1 2 5 2
3 2 7 8 10 8 8 10 4 5
10 4 5 3 1 5 5 10 6 3
1 10 10 9 6 8 3 2 9 1
6 1 2 5 5 4 9 1 3 5
10 7 9 2 4 6 1 9 5 10
10 8 10 9 8 6 5 5 3 6
3 3 9 8 1 6 4 7 4 3
5 5 1 1 7 3 10 8 7 10
5 4 7 6 5 2 10 10 2 8
2 10 7 3 9 2 9 3 7 9
3 9 7 7 7 5 5 6 1 1
1 1 1 9 4 9 6 5 9 6
2 7 5 5 8 8 3 1 9 7
8 10 7 5 6 10 3 10 2 7
8 8 4 8 6 5 6 3 2 9
10 4 8 10 7 6 3 6 8 7
10 10 7 9 2 5 8 4 1 1
4 1 9 9 6 7 1 10 8 8
1 1 3 7 7 1 2 2 4 6
7 8 5 6 10 4 9 6 3 8
NoWait times: 3
1 6 7
