n 30
m 10
cap 20
Processing
67 5 58 4 66 33 81 25 5 93
100 21 46 19 55 72 24 65 92 27
78 52 72 73 46 28 20 72 88 4
54 93 25 44 24 55 80 24 49 16
47 50 34 49 47 12 53 5 71 59
75 81 21 11 83 48 3 35 89 8
9 71 84 54 44 97 66 74 12 26
71 37 88 15 15 40 1 61 38 32
75 48 34 40 92 76 28 86 32 90
95 35 16 32 13 56 23 76 76 18
83 97 25 17 30 8 67 25 99 66
65 92 54 1 62 5 27 21 81 17
60 81 46 37 29 25 6 89 10 20
81 53 49 20 39 13 48 23 12 45
1 76 18 58 84 46 55 83 94 83
16 47 4 71 36 75 67 79 19 24
98 24 28 25 96 91 69 57 82 27
93 55 85 73 62 93 91 48 82 16
2 41 80 94 21 77 79 55 39 85
59 1 98 49 67 93 75 82 62 91
19 28 81 11 66 26 30 7 98 96
32 73 82 2 82 79 29 49 59 71
51 10 96 53 46 44 42 13 53 53
25 77 90 52 33 37 73 85 76 39
24 10 19 22 43 99 12 88 39 50
49 7 38 56 61 57 74 96 39 68
90 57 5 42 10 84 7 21 13 72
93 96 38 7 57 2 65 49 82 29
38 68 37 64 86 86 64 67 66 42
55 47 17 74 43 41 66 18 19 61
Size
2 6 10 10 5 2 5 8 1 7
8 6 9 3 6 1 8 6 1 8
2 5 9 3 3 10 10 8 4 7
9 5 4 10 5 7 5 6 8 4
2 1 6 4 2 8 2 9 4 1
9 2 3 2 10 6 10 2 3 1
1 6 1 6 2 6 4 8 3 3
9 3 5 1 2 10 10 1 5 4
10 5 7 10 3 2 8 1 4 10
10 6 2 1 4 7 9 7 6 7
10 6 3 7 6 4 4 2 4 7
3 6 2 9 1 6 9 10 7 10
2 5 5 6 5 10 2 5 4 4
3 4 7 5 10 5 1 9 9 3
5 2 10 8 1 2 10 3 10 2
4 1 5 1 5 10 6 2 2 9
6 3 4 7 10 6 9 6 9 2
6 1 3 2 8 7 7 1 7 8
5 7 8 3 5 9 6 5 2 7
6 5 5 9 4 4 4 2 5 10
5 6 4 5 1 5 7 1 10 10
10 4 6 5 6 1 9 9 2 2
5 6 5 8 6 2 3 3 1 2
8 10 9 8 3 7 4 7 6 1
8 10 3 3 8 7 3 2 3 8
6 3 7 2 2 4 5 5 2 7
3 9 5 7 5 3 4 5 2 6
7 7 3 4 5 4 8 4 5 7
9 6 9 5 10 10 6 7 10 7
7 1 2 6 8 9 4 7 5 4
NoWait times: 3
2 4 7
