n 30
m 10
cap 20
Processing
33 33 57 42 12 25 34 59 40 73
8 81 4 88 62 39 81 38 43 25
59 99 34 30 1 2 24 23 72 77
33 30 69 36 16 44 49 2 89 60
48 18 92 99 5 69 96 21 50 63
36 79 23 43 94 31 36 66 66 86
64 86 42 77 58 67 5 57 8 77
47 10 40 82 66 26 5 75 33 92
15 25 3 29 13 26 22 45 52 33
26 12 91 45 4 23 39 98 13 77
100 91 76 7 4 69 24 30 53 36
40 19 96 2 17 72 73 71 82 46
43 64 11 24 60 21 40 99 41 82
19 44 94 88 4 79 71 11 24 78
1 76 87 87 95 89 62 35 81 21
19 21 88 56 58 20 7 75 70 79
20 7 96 42 82 66 54 41 94 2
61 7 72 84 95 19 83 85 84 91
35 25 39 94 79 7 4 4 98 18
98 29 14 70 23 57 40 17 86 29
73 47 84 98 7 59 78 49 95 33
18 28 23 63 7 3 26 38 22 16
23 61 60 77 69 56 78 51 1 19
36 64 26 3 81 81 62 65 62 56
8 100 32 59 59 87 56 66 93 44
79 8 72 25 17 68 70 55 97 13
36 58 35 35 31 29 12 31 8 95
69 40 3 31 38 23 8 7 46 55
21 42 83 28 9 58 94 73 34 49
85 70 8 66 25 11 68 69 44 68
Size
1 2 10 1 9 7 8 5 3 1
5 1 1 4 4 8 6 9 6 9
5 10 10 8 9 7 10 1 2 9
1 2 4 3 5 6 9 10 5 6
8 4 6 1 7 5 8 5 5 9
6 10 4 1 10 10 2 6 9 1
10 1 2 7 5 6 9 5 9 1
1 8 6 2 5 4 6 4 10 8
6 6 2 5 6 9 4 2 2 6
1 3 4 9 10 9 9 10 7 8
3 1 5 2 7 6 1 9 10 1
6 7 3 4 9 9 1 8 9 5
10 10 9 2 9 2 9 4 9 2
4 9 3 2 6 1 4 6 8 4
9 9 2 3 3 9 7 9 3 8
1 1 4 4 7 3 5 8 5 5
8 6 6 10 4 9 9 6 3 4
3 6 1 1 3 2 9 4 10 2
2 4 8 8 3 1 2 6 10 4
5 3 6 1 6 4 2 5 10 4
3 5 3 10 4 10 1 5 2 10
5 3 4 5 2 5 6 9 2 6
2 8 6 10 10 1 2 3 10 4
8 9 5 5 1 8 7 4 7 3
2 3 6 9 10 9 9 4 4 8
4 5 7 7 10 7 4 9 2 1
2 9 5 2 7 6 1 3 4 4
3 6 7 3 3 6 9 8 4 2
10 5 3 10 4 4 8 1 8 6
2 7 3 6 2 6 1 8 10 8
NoWait times: 3
0 1 6
