n 30
m 10
cap 20
Processing
90 94 54 26 49 50 15 44 52 52
57 52 41 20 31 41 52 77 13 75
71 66 88 68 32 68 95 57 65 88
16 1 41 14 9 71 67 84 95 47
67 96 95 29 35 57 99 4 49 16
27 55 68 74 28 57 100 84 72 33
16 91 40 23 86 97 66 4 92 83
22 48 37 3 12 26 36 8 39 73
55 45 76 65 37 98 63 64 86 92
27 38 78 77 40 36 63 40 89 25
65 34 25 77 39 6 5 7 93 48
4 35 43 45 99 45 31 66 85 76
97 95 95 62 15 45 30 95 89 33
90 22 19 47 36 84 75 96 79 55
79 27 84 82 63 88 16 60 34 4
26 100 86 28 26 68 88 56 91 56
10 27 21 30 68 1 46 85 10 28
16 7 67 60 37 37 14 28 43 83
85 19 88 56 47 58 60 25 49 68
80 82 40 6 15 85 25 87 41 55
12 87 96 96 74 6 83 25 9 98
14 86 21 43 65 68 80 95 87 57
34 5 92 29 60 37 34 5 66 49
58 72 22 18 8 39 97 71 37 99
9 99 70 89 50 92 33 65 25 78
24 87 88 39 25 92 58 45 7 69
20 60 4 84 16 59 55 70 41 64
88 92 53 34 40 26 63 63 3 88
67 3 50 60 92 83 26 97 13 64
99 31 85 64 29 94 79 36 27 23
Size
9 8 5 9 2 7 9 8 8 6
4 5 10 5 6 9 1 8 8 4
9 5 8 1 2 6 2 8 3 1
5 10 7 4 7 5 9 6 6 8
7 1 4 10 1 5 7 4 5 7
8 3 2 1 6 4 10 10 1 7
3 7 5 10 8 10 8 6 6 3
1 1 6 4 4 7 10 2 4 6
7 1 1 2 6 1 7 8 7 9
1 2 4 5 7 10 3 3 3 7
9 7 1 2 9 4 10 3 6 4
7 8 2 4 1 2 2 9 5 7
9 2 7 7 7 8 5 8 10 6
9 8 7 6 2 7 3 2 6 4
7 5 2 10 10 1 6 1 2 2
5 3 1 3 3 7 7 2 4 6
6 1 3 4 6 6 6 5 4 6
9 4 4 6 10 3 1 6 10 8
4 5 10 9 3 2 10 2 4 2
1 3 8 6 7 2 8 3 1 1
8 9 8 2 8 7 10 5 6 10
7 8 9 2 8 4 5 7 4 9
1 9 3 2 1 7 1 2 4 10
2 10 1 5 10 6 6 8 5 1
1 9 7 2 6 7 6 5 1 3
9 10 3 6 2 1 9 6 9 3
6 5 10 7 3 5 9 9 6 6
3 4 2 2 5 7 8 6 5 2
1 9 2 5 10 9 9 1 1 5
3 2 7 10 2 1 4 1 8 9
NoWait times: 3
0 2 6
