n 30
m 10
cap 30
Processing
47 31 40 72 93 41 72 17 12 21
31 78 5 39 98 57 72 20 44 75
47 55 17 46 61 60 1 31 54 61
4 25 75 78 21 3 1 52 82 5
24 54 1 40 31 21 53 23 12 25
70 4 15 46 68 70 8 1 4 26
54 5 73 50 49 22 57 64 22 49
70 100 30 26 12 55 90 50 94 33
72 60 7 16 100 54 57 89 15 70
88 77 19 27 82 55 39 38 75 89
100 35 67 18 97 35 69 70 11 29
1 75 49 9 98 3 1 20 63 27
79 70 89 19 71 38 77 30 2 66
64 29 4 85 99 36 10 43 73 49
12 86 2 9 84 96 1 82 20 20
75 76 59 7 49 44 44 31 62 49
17 67 94 27 52 31 39 78 100 71
94 30 84 19 33 64 75 23 94 78
20 92 15 67 29 54 16 89 4 99
42 71 94 73 78 79 73 51 4 60
100 52 19 19 50 2 13 26 18 51
94 80 90 6 58 50 81 79 77 92
72 47 38 24 99 91 22 54 58 72
50 78 42 23 91 13 76 70 19 50
26 64 41 20 92 81 8 9 12 34
98 87 88 74 25 45 78 24 4 50
35 60 18 9 13 35 4 16 69 29
81 75 71 95 90 97 43 55 6 57
13 15 25 41 37 2 22 5 22 69
72 93 81 25 92 75 96 61 18 74
Size
7 10 3 6 3 8 10 6 1 7
7 4 1 4 2 1 3 3 1 4
6 1 3 2 5 4 3 9 9 5
3 1 10 4 5 1 9 1 5 1
3 10 3 7 8 3 3 1 1 10
9 1 3 1 5 7 9 9 2 6
3 8 4 3 5 5 4 4 3 8
2 10 6 4 8 2 1 7 6 3
4 5 6 5 7 4 8 9 4 7
5 3 2 3 1 2 5 2 9 5
6 5 1 1 9 1 4 10 8 7
1 7 6 4 3 9 1 10 4 10
6 7 9 9 5 5 7 2 5 3
4 10 5 6 2 6 1 10 8 9
4 7 3 9 7 2 2 8 8 8
4 8 10 3 8 9 5 9 4 8
6 3 4 7 5 2 10 2 6 4
8 10 9 5 4 8 5 3 3 9
1 6 10 9 10 7 6 2 7 7
9 1 6 9 6 8 4 9 9 1
4 1 6 9 7 9 9 10 9 1
5 6 10 1 6 9 4 8 2 2
8 6 5 6 2 8 7 5 4 9
7 9 4 5 2 10 5 3 4 1
5 6 6 6 1 3 7 1 10 6
4 9 5 2 3 8 9 3 9 4
10 4 10 8 2 1 10 1 5 6
8 10 5 2 8 8 3 9 8 6
6 3 1 7 10 1 9 6 5 6
2 3 2 6 7 8 9 4 3 9
NoWait times: 3
2 7 8
