n 30
m 10
cap 30
Processing
71 34 93 42 10 91 81 11 44 73
98 1 91 45 80 7 55 84 2 35
47 61 58 29 95 58 75 25 56 6
79 3 74 78 11 66 24 31 62 19
30 78 78 60 31 32 30 71 47 79
28 9 81 43 61 9 84 80 9 18
54 54 72 88 56 45 64 15 92 78
80 9 1 74 28 23 54 14 5 92
26 48 16 60 88 71 6 77 61 57
66 26 20 99 81 44 96 58 77 59
18 75 47 84 48 7 36 98 40 89
39 69 96 39 50 60 88 23 28 38
62 64 47 66 88 87 45 16 82 40
52 94 69 83 38 46 95 37 37 35
36 30 49 53 1 91 10 43 46 1
55 45 68 85 14 82 2 70 54 31
73 87 84 81 39 2 95 31 55 3
61 64 19 80 21 83 82 71 46 96
37 15 84 27 85 73 13 4 82 58
14 62 26 10 11 3 48 31 12 55
72 68 69 24 74 34 13 9 67 34
94 49 13 25 59 40 35 33 96 94
47 86 11 55 81 52 1 90 56 22
27 27 92 59 51 69 55 69 72 77
100 99 61 76 50 88 68 98 97 5
42 4 78 72 78 15 87 30 37 28
66 57 55 17 28 8 10 38 21 82
15 58 24 33 3 79 3 81 64 43
68 34 52 6 21 66 84 5 99 42
43 95 52 1 87 73 72 11 16 98
Size
5 7 7 2 3 7 8 5 4 4
6 7 6 8 8 1 1 5 7 2
4 3 5 4 3 9 3 2 1 9
7 6 10 3 8 9 2 9 3 7
8 1 8 9 2 5 10 2 3 9
7 3 9 10 9 5 5 8 3 4
3 9 1 1 5 1 6 2 8 10
2 7 9 8 2 8 4 4 3 6
3 5 8 1 2 7 2 5 1 5
9 6 1 8 1 10 9 3 2 4
9 5 1 8 5 3 9 8 7 9
8 9 9 1 8 10 7 3 6 10
9 4 5 6 6 6 2 9 6 3
9 3 7 6 3 8 1 8 1 8
3 9 5 4 3 4 1 3 9 5
10 9 6 6 3 2 5 4 9 6
7 8 3 2 3 1 6 7 10 5
1 10 3 3 9 8 7 5 4 10
6 7 7 9 1 9 8 1 6 6
5 7 6 5 1 1 1 3 6 4
2 8 1 5 8 8 9 2 5 8
10 8 2 6 1 1 5 4 5 6
1 9 8 3 5 5 8 3 7 1
5 2 9 3 3 10 10 8 6 5
6 9 3 1 9 3 1 9 1 9
9 2 1 9 8 2 8 3 3 5
3 10 8 6 9 8 3 2 5 7
9 9 9 2 6 2 8 7 5 4
5 9 2 7 4 5 6 4 3 3
10 8 10 8 6 6 1 5 7 7
NoWait times: 3
3 5 6
