n 30
m 10
cap 30
Processing
5 61 60 31 4 34 100 47 28 30
47 2 96 98 65 46 55 34 23 33
9 74 80 64 43 10 48 59 48 49
32 90 5 45 70 26 24 22 11 45
49 51 100 70 68 29 83 62 23 94
48 72 5 56 62 61 89 30 42 95
60 71 89 87 14 15 88 42 49 27
50 100 81 87 22 15 90 64 37 66
87 14 87 25 80 29 60 13 36 65
1 26 81 26 31 44 36 79 12 91
95 37 48 36 85 62 47 53 70 12
81 13 20 13 88 55 91 27 22 89
51 34 82 5 94 14 33 93 41 2
18 92 37 100 60 88 94 30 37 8
81 43 96 37 81 37 56 3 28 90
15 64 65 55 73 32 73 8 94 95
60 71 16 99 18 76 44 42 37 66
99 27 95 12 40 26 58 78 31 68
4 27 79 79 9 88 69 6 46 77
25 6 35 41 9 87 73 12 18 2
79 38 99 34 46 11 58 98 45 11
3 18 36 78 76 61 28 10 4 9
24 24 98 18 55 75 59 87 24 59
59 18 5 22 97 50 25 80 39 26
32 8 71 56 15 79 17 59 91 62
40 74 31 98 70 98 30 99 95 63
29 88 99 10 98 31 8 16 42 2
19 17 87 75 51 90 100 46 20 27
4 49 27 3 55 68 93 64 58 28
63 52 45 10 8 14 35 8 4 22
Size
4 10 6 5 7 4 2 6 6 8
3 8 1 9 7 10 1 9 2 5
3 4 10 3 4 5 2 9 5 1
6 2 2 1 5 7 5 2 8 3
2 8 7 9 4 9 2 4 3 4
6 5 4 5 7 9 7 10 4 4
3 3 6 1 4 3 2 7 1 2
9 6 3 4 1 3 6 3 5 10
3 2 2 6 9 1 10 9 9 1
7 10 7 1 8 3 2 10 8 7
4 6 2 8 6 10 4 3 10 9
1 4 1 10 2 7 1 2 10 10
10 2 7 5 1 2 5 4 1 3
2 6 1 10 8 9 3 10 9 7
7 6 9 8 5 6 10 5 8 3
2 10 4 4 9 8 7 1 10 7
5 9 3 10 2 9 9 2 6 2
10 3 5 9 4 1 2 8 10 4
5 7 6 5 4 1 3 3 1 4
7 5 6 3 7 8 8 2 5 5
3 10 1 3 7 9 3 8 3 1
5 8 1 3 6 7 3 6 9 1
6 4 7 3 6 4 1 10 10 4
6 1 6 4 5 10 6 2 1 4
4 7 7 1 7 4 7 9 3 5
2 4 4 1 3 4 3 1 6 8
7 7 1 3 4 2 6 9 5 7
7 7 3 3 8 7 7 4 6 4
3 9 8 1 3 9 1 9 2 10
9 3 7 10 9 6 8 6 6 9
NoWait times: 3
1 5 7
