n 30
m 10
cap 30
Processing
49 78 14 60 25 42 46 76 28 46
73 29 20 56 54 69 27 91 20 12
79 100 86 97 18 96 44 92 4 94
56 83 73 39 8 24 66 95 49 82
69 81 49 14 83 66 32 31 79 61
29 57 44 87 62 98 78 35 33 19
28 2 19 23 36 16 2 67 51 51
56 60 14 12 17 7 1 87 1 93
16 68 96 59 5 78 74 44 63 33
75 45 70 34 10 70 62 41 56 16
63 70 57 87 43 9 23 16 46 6
16 92 66 33 65 49 52 77 67 65
46 34 57 78 61 28 18 33 35 49
79 89 51 86 37 88 56 44 26 34
27 49 3 28 77 74 59 71 61 88
93 84 57 71 63 29 67 3 95 5
84 16 22 75 37 71 11 19 10 9
5 43 31 1 34 96 36 93 5 6
93 94 77 70 42 1 96 10 98 27
99 56 36 51 85 67 20 47 58 37
57 27 4 38 14 98 54 92 10 24
90 88 12 60 92 45 99 20 2 17
65 77 80 9 62 8 10 1 14 31
74 39 30 17 75 42 96 42 48 8
35 98 54 98 83 95 75 28 32 6
14 40 82 72 65 76 22 47 20 93
27 48 3 64 17 98 69 33 87 12
74 98 16 39 100 36 17 16 2 34
20 17 66 41 20 13 100 39 60 77
82 93 50 99 56 67 26 19 60 50
Size
10 3 3 1 6 3 5 9 1 3
8 4 3 10 7 6 5 6 4 5
5 8 2 10 3 6 8 9 4 4
1 5 9 10 5 3 5 10 6 8
7 6 2 7 9 2 3 7 9 7
4 9 2 7 10 10 10 4 1 9
7 2 2 1 5 2 10 4 4 7
8 4 4 2 3 3 3 9 3 9
4 2 8 4 2 10 3 8 2 1
2 6 4 10 4 10 4 5 2 7
7 7 4 9 5 10 5 2 4 10
9 5 1 4 9 8 9 7 9 8
9 8 6 6 5 1 8 7 4 10
10 8 6 8 8 4 7 9 3 1
3 1 7 8 9 3 10 7 1 7
2 8 8 5 3 3 10 7 2 5
6 5 4 2 1 1 8 9 9 5
4 1 5 10 4 1 5 8 2 5
6 6 10 10 7 10 9 5 3 7
6 2 1 2 3 6 5 4 2 6
3 3 7 8 4 8 5 9 5 1
1 7 3 6 1 6 2 7 5 9
10 1 8 9 4 2 10 4 7 10
4 8 2 9 8 2 9 3 8 3
6 3 1 3 1 6 5 3 8 6
7 6 3 5 1 2 8 6 7 4
4 8 2 4 1 9 8 2 6 9
10 4 7 1 5 10 7 6 10 9
6 5 7 3 8 10 3 4 2 8
2 6 7 8 4 6 1 4 5 7
NoWait times: 3
1 5 7
