n 30
m 10
cap 30
Processing
63 53 29 8 81 69 86 16 90 63
77 42 86 37 71 65 62 19 41 73
25 18 87 42 44 83 30 19 66 73
45 60 81 36 29 46 39 56 68 90
50 85 93 45 59 18 100 60 91 15
46 96 63 90 70 91 46 50 38 83
92 39 50 26 29 81 35 24 80 28
42 56 42 27 50 79 65 46 51 89
55 62 59 79 1 96 95 62 31 37
63 99 55 37 58 16 48 61 2 25
67 10 39 14 1 51 28 55 27 60
25 61 56 14 56 68 76 91 40 27
8 21 40 19 74 18 16 99 29 84
97 1 8 33 59 86 46 17 21 42
91 34 24 13 74 26 62 29 45 80
83 26 84 29 16 29 66 29 69 36
71 73 64 32 62 46 85 60 18 89
2 41 39 4 87 27 91 29 16 66
63 54 29 74 6 97 9 31 39 96
31 5 93 40 90 81 76 53 89 87
28 73 1 75 85 1 45 85 33 57
57 40 48 43 77 27 6 54 89 11
15 66 94 12 70 30 86 17 20 93
61 14 92 59 10 43 43 74 66 91
3 2 95 67 46 5 57 30 71 39
47 25 63 81 95 85 63 82 68 38
96 50 26 97 24 66 26 54 70 58
64 43 88 7 59 52 35 81 48 2
60 15 16 92 19 44 42 40 53 14
33 31 38 7 71 97 96 35 69 73
Size
10 4 10 7 3 9 6 1 5 9
7 4 8 1 5 1 7 8 10 10
10 1 10 9 7 7 10 9 6 2
5 4 6 4 9 4 7 8 3 9
1 9 6 4 1 1 9 3 7 3
5 7 7 5 9 2 5 1 7 3
3 3 3 7 6 10 3 8 4 8
7 8 6 6 3 5 6 6 8 10
5 4 8 5 9 10 2 3 5 2
8 7 8 6 1 5 8 7 7 2
1 10 7 3 9 4 8 4 1 7
10 4 10 3 4 6 6 7 7 6
1 8 8 4 6 10 1 8 9 2
3 9 6 10 6 1 8 8 8 2
3 8 4 5 9 2 5 6 4 3
1 6 3 1 2 1 5 9 4 8
5 4 5 3 9 3 5 1 3 1
2 9 10 5 8 9 8 8 3 1
10 5 9 2 8 3 9 6 3 9
8 5 7 8 7 4 5 2 9 6
6 10 4 7 1 7 9 5 6 6
4 4 2 8 9 10 7 1 1 10
10 4 10 1 3 7 2 2 6 6
7 3 7 7 9 3 8 8 4 5
5 10 3 10 9 8 2 8 5 8
7 10 3 7 8 8 3 9 2 2
9 5 9 10 3 5 3 3 9 3
9 3 6 10 4 5 8 7 2 6
10 2 4 3 3 5 3 2 1 5
7 7 3 9 7 5 6 8 2 6
NoWait times: 3
0 3 7
