n 30
m 10
cap 30
Processing
32 95 94 50 79 16 81 2 55 23
44 1 72 5 10 90 5 61 82 80
33 14 37 50 34 29 6 3 46 41
48 94 96 8 78 66 22 5 64 65
94 2 32 25 41 42 24 74 25 84
26 12 52 79 97 40 53 16 34 62
84 63 39 36 20 51 15 91 69 82
89 96 4 70 9 11 99 12 45 86
9 54 8 20 74 53 12 89 2 42
31 67 39 62 48 63 67 64 78 92
34 62 68 63 94 76 49 53 55 35
97 60 34 70 35 77 75 71 96 94
24 53 50 2 18 87 76 48 82 55
81 83 9 43 33 69 6 40 48 72
56 87 6 40 35 79 36 1 19 91
33 66 44 83 86 57 39 67 100 89
2 99 86 51 2 31 92 89 12 57
89 11 84 67 40 86 27 100 65 56
55 67 21 33 91 9 33 66 86 80
33 54 2 55 61 6 84 92 34 63
75 21 10 67 78 51 69 82 72 88
38 31 51 37 82 90 94 5 32 45
100 85 56 67 6 25 30 18 95 41
14 52 83 55 83 4 11 43 76 33
43 40 46 87 77 3 46 46 74 63
21 5 44 39 40 18 15 98 7 65
56 9 18 27 84 28 13 82 25 44
44 97 14 26 98 98 37 62 98 52
77 8 21 69 58 82 18 73 3 86
5 15 63 87 20 81 87 40 96 84
Size
8 6 5 5 4 6 7 3 4 8
6 7 6 9 3 1 3 9 8 1
10 2 1 6 7 2 5 6 6 8
5 8 1 7 2 8 3 9 10 9
2 7 1 4 1 10 2 10 1 7
1 6 10 8 6 10 5 5 4 3
1 1 1 2 10 8 7 8 8 3
4 6 9 6 7 8 1 3 1 8
4 4 4 5 2 5 1 1 2 7
4 10 10 1 5 8 9 9 6 9
9 1 7 10 8 6 2 2 8 6
3 2 3 4 2 2 6 2 9 3
3 9 6 9 6 6 6 1 10 5
5 5 1 7 2 7 10 4 9 5
1 3 4 7 7 7 9 2 1 6
1 9 8 4 7 10 5 3 9 7
1 2 3 2 7 1 4 8 9 9
10 4 4 10 5 9 4 10 9 1
4 3 5 6 4 1 3 6 6 1
10 2 10 4 7 9 2 1 5 8
3 6 9 10 4 9 2 8 8 8
8 10 5 9 1 1 3 1 4 9
2 1 3 5 9 6 6 6 8 4
6 6 7 2 5 4 8 1 9 1
4 2 7 2 1 2 4 6 8 9
10 2 5 3 1 10 6 4 9 3
5 10 10 10 10 10 5 3 1 3
10 1 9 6 4 5 5 9 3 9
2 1 5 1 8 6 4 8 7 7
1 6 1 10 7 2 5 4 2 1
NoWait times: 3
1 7 8
