n 30
m 10
cap 30
Processing
96 59 96 37 38 7 79 93 62 68
48 5 19 99 52 23 39 47 46 46
97 92 27 47 75 99 71 3 6 10
61 82 11 86 61 47 18 17 74 88
9 41 86 88 48 7 1 89 45 36
8 91 39 25 53 8 58 59 70 81
34 74 21 15 39 94 69 51 34 79
92 31 52 47 100 90 95 37 4 75
58 18 70 75 38 79 1 46 62 84
27 16 72 41 50 77 78 73 71 5
25 50 14 23 10 56 61 94 38 48
5 28 55 46 21 9 62 43 99 38
87 40 58 16 23 55 66 34 95 76
89 50 53 80 9 12 20 12 89 41
84 68 9 77 80 62 78 73 73 86
19 39 61 6 68 91 77 4 61 40
95 5 16 61 65 20 45 18 92 72
17 87 4 58 40 34 41 44 100 50
13 18 33 33 84 63 35 51 62 64
47 94 56 61 86 52 76 97 54 37
86 60 31 54 33 26 54 3 72 10
79 16 16 46 55 71 26 69 62 57
37 39 11 81 67 74 83 39 66 75
39 4 87 15 75 12 12 7 90 8
55 25 45 85 90 43 93 76 11 54
92 68 92 93 95 25 19 64 64 18
35 40 95 37 63 62 7 8 38 48
52 20 70 88 87 43 75 78 10 97
57 33 6 52 7 88 56 84 8 98
92 90 30 58 91 68 2 12 43 28
Size
3 6 7 8 1 3 6 6 6 6
1 1 5 1 1 6 7 9 10 7
7 4 9 2 4 8 1 6 6 1
4 6 9 10 2 4 9 7 5 2
8 4 6 2 7 6 3 5 2 6
9 3 2 3 4 8 5 1 2 4
4 10 9 7 10 7 2 3 8 7
6 4 8 2 10 6 9 3 10 6
5 2 1 4 5 9 9 4 8 6
3 5 5 1 10 3 3 10 10 7
9 5 6 8 7 7 6 5 5 6
2 1 8 5 3 5 2 5 5 10
5 4 1 3 2 7 8 1 3 5
6 5 7 5 3 7 10 6 1 4
1 5 9 2 4 5 8 10 2 10
9 6 4 4 2 8 8 9 9 9
6 6 2 10 8 4 8 6 5 8
10 7 5 4 7 4 3 9 5 2
5 4 9 1 7 7 1 10 8 6
8 6 4 10 2 5 10 2 10 2
4 4 2 2 2 4 9 8 10 3
2 7 4 9 9 7 5 6 2 2
6 9 6 2 6 1 3 8 5 2
8 5 9 1 9 5 5 1 3 5
7 3 10 1 7 9 3 5 1 7
6 10 9 2 8 10 5 2 5 6
1 6 2 6 2 6 2 1 5 10
3 1 9 1 4 5 6 9 10 5
4 2 1 4 6 2 1 4 9 5
4 4 7 3 2 4 10 5 9 1
NoWait times: 3
2 3 5
