n 30
m 10
cap 30
Processing
36 27 59 48 7 42 26 48 96 1
12 17 48 59 51 66 93 51 89 5
100 50 39 33 22 8 95 92 19 48
42 23 22 19 12 97 30 14 42 3
59 98 27 52 37 14 95 14 39 67
29 98 64 31 14 49 85 91 71 100
76 46 82 41 7 75 36 98 15 81
61 13 11 94 92 73 41 50 44 30
95 67 48 23 36 39 32 88 79 96
79 41 73 19 95 87 93 89 61 65
89 93 49 91 46 69 13 21 96 67
95 92 78 53 78 98 94 60 93 50
90 40 49 77 17 5 60 87 14 21
52 22 93 83 79 64 98 68 33 82
61 58 31 37 11 88 96 98 10 22
9 33 80 19 36 35 47 22 76 37
41 34 88 33 52 6 80 9 50 92
61 38 69 85 47 14 39 88 23 1
28 36 66 80 19 51 81 36 60 46
21 91 22 80 64 69 56 29 97 72
65 89 3 8 92 90 38 15 77 73
43 88 41 5 21 60 58 60 60 77
5 36 49 36 49 95 14 98 85 74
19 56 23 1 11 17 94 39 90 37
97 26 28 100 44 21 90 72 77 80
13 39 68 36 89 57 21 88 81 97
39 53 41 49 50 71 66 39 82 16
85 93 49 23 41 42 33 95 7 67
8 10 20 45 23 87 1 91 35 71
85 81 44 4 50 41 93 76 17 5
Size
1 5 10 4 7 6 6 9 1 2
10 8 8 4 9 10 7 1 1 2
9 3 3 3 1 2 6 6 1 4
7 5 7 4 6 1 2 3 4 10
1 8 6 4 1 1 2 7 10 2
1 6 7 6 9 6 8 6 9 2
1 3 5 5 3 1 10 2 9 5
8 6 10 1 1 3 9 8 4 3
10 3 3 5 6 1 10 4 3 9
9 8 5 5 1 2 1 2 3 6
8 7 4 5 4 6 9 7 9 3
1 7 7 7 8 9 1 6 2 3
5 2 1 1 10 7 3 4 7 5
1 6 10 1 5 8 7 4 1 1
2 7 8 8 9 7 9 6 7 3
2 4 8 8 7 3 10 9 7 10
7 6 2 9 1 2 10 3 7 9
2 3 10 9 10 3 8 1 5 10
2 4 6 10 8 6 7 8 4 3
7 1 5 7 6 2 6 9 10 5
9 7 8 3 9 7 2 6 6 4
3 2 1 10 6 6 10 7 6 3
10 2 9 4 6 2 9 2 1 7
9 9 4 1 9 6 3 3 7 2
4 2 7 10 9 10 8 8 6 3
5 6 10 1 7 10 1 1 7 1
1 7 8 8 10 7 7 1 2 2
2 1 8 6 8 3 8 4 7 1
2 9 2 8 4 2 10 6 4 10
3 2 4 7 5 10 8 9 10 7
NoWait times: 3
0 1 8
