n 30
m 10
cap 30
Processing
13 32 51 10 79 54 7 95 63 90
61 99 81 98 73 32 57 36 71 4
61 66 26 55 76 23 81 9 29 42
20 17 54 40 16 6 92 66 25 98
44 93 50 55 73 98 48 91 42 22
62 73 50 62 35 85 11 14 56 50
30 89 70 64 13 78 43 97 96 71
36 7 51 89 81 64 61 91 52 66
80 57 46 92 67 84 66 18 40 7
22 95 55 82 77 8 71 100 27 81
40 26 40 46 95 99 24 73 51 5
15 46 52 20 80 97 79 26 44 8
2 11 91 42 69 69 50 68 33 55
74 32 1 44 89 77 11 52 66 9
45 28 33 69 21 77 71 95 61 41
100 35 66 30 34 90 43 16 40 84
33 80 44 4 45 93 99 10 22 21
49 79 74 71 8 33 44 70 5 84
59 87 16 12 99 27 66 39 23 56
78 32 74 43 21 25 65 13 66 22
60 71 25 59 91 66 65 48 73 88
25 77 87 97 69 78 84 46 30 5
33 56 65 55 7 90 27 50 10 28
48 8 13 61 26 58 51 63 84 82
84 57 83 22 97 95 11 65 6 37
2 28 86 18 89 93 85 86 46 44
67 41 70 75 48 8 42 82 31 21
99 13 57 35 54 45 33 74 7 32
39 20 53 61 62 40 17 6 73 17
22 49 70 59 100 22 71 79 1 97
Size
8 2 6 7 1 3 10 7 3 6
4 8 2 1 8 5 4 2 9 8
1 7 8 3 1 10 7 1 2 5
8 5 2 9 4 6 2 1 5 5
2 6 1 10 6 2 6 3 5 1
10 9 4 1 10 10 1 1 4 1
7 9 10 1 3 1 10 2 5 3
2 5 9 7 5 8 3 6 2 5
9 4 4 9 4 2 9 4 10 2
6 10 7 7 2 9 10 1 8 5
1 8 5 6 2 7 4 6 5 3
6 3 2 5 10 7 9 3 9 8
10 4 9 9 10 1 9 2 1 3
5 9 5 1 10 5 9 3 7 4
8 6 5 2 5 10 6 3 3 9
9 7 1 6 3 5 5 5 6 3
4 10 4 9 1 2 2 3 5 5
9 5 6 9 6 7 9 10 1 3
1 8 7 8 5 7 8 6 5 8
10 5 10 9 5 1 5 5 8 10
5 4 8 2 9 1 6 2 1 4
7 10 5 8 10 2 4 2 1 6
9 10 9 9 4 3 3 9 6 5
5 6 9 4 8 2 10 1 8 3
4 3 1 5 1 1 4 3 10 3
8 7 3 4 9 9 8 2 1 8
10 8 4 3 9 7 9 1 8 6
8 7 8 8 5 4 10 10 3 8
4 8 9 5 4 5 1 4 10 3
8 10 5 10 7 10 2 5 9 4
NoWait times: 3
0 3 5
