n 30
m 10
cap 30
Processing
25 94 56 22 19 73 57 62 74 71
26 86 62 65 32 25 10 89 62 50
73 8 35 100 17 15 20 99 9 72
90 26 9 39 47 8 35 1 35 42
68 93 35 37 43 9 86 99 50 50
7 18 54 25 40 13 8 83 6 58
74 82 5 61 86 34 99 12 94 54
87 99 36 53 99 46 68 18 35 15
54 95 66 99 100 95 96 67 10 46
13 91 11 62 93 55 13 49 4 19
11 60 30 61 14 9 59 100 46 88
24 45 99 14 19 29 97 48 63 77
78 10 30 41 23 37 73 13 80 10
49 63 73 75 41 23 97 44 48 74
10 87 82 64 63 29 31 35 6 38
70 87 32 15 93 3 63 32 75 56
21 60 69 91 82 65 32 35 35 58
24 55 63 93 85 20 41 2 80 32
9 66 35 23 26 42 92 21 88 4
82 12 66 26 98 72 12 22 27 38
1 65 79 15 92 80 36 97 78 54
72 61 89 82 82 98 31 64 79 96
22 72 20 35 46 12 61 24 22 54
24 21 78 68 76 63 51 5 49 95
29 14 83 7 93 12 35 81 54 50
79 22 51 90 98 37 17 22 34 86
44 62 14 79 23 24 76 48 89 45
92 69 17 7 61 32 53 33 90 54
44 85 7 22 48 49 13 66 52 86
39 23 42 64 21 87 24 66 23 35
Size
8 5 7 9 5 3 9 7 8 6
10 7 8 6 2 9 2 9 10 10
6 5 3 10 7 7 2 7 1 2
5 7 9 6 5 2 3 6 5 3
2 6 7 1 5 4 1 2 1 10
4 1 5 9 1 5 9 8 7 3
3 3 10 3 4 6 8 2 6 5
5 2 5 10 4 7 5 5 5 7
5 8 3 8 6 4 2 1 4 2
5 8 7 9 5 9 6 5 1 10
7 10 1 6 1 10 10 2 2 5
9 8 8 3 9 9 7 7 7 6
5 1 8 9 5 7 10 8 5 8
10 7 10 1 3 7 4 2 8 5
8 7 8 6 4 10 6 9 10 8
9 4 7 9 3 6 7 7 6 9
3 5 6 2 6 6 2 6 9 5
7 5 4 1 10 2 2 9 7 9
9 4 2 2 1 10 6 10 1 4
7 2 6 4 9 7 3 2 3 10
1 9 9 5 5 1 1 10 8 8
4 8 4 1 3 1 6 8 10 2
9 1 5 2 3 8 6 4 9 1
4 5 3 6 5 9 3 8 2 8
9 6 7 6 2 3 2 1 6 3
4 9 6 2 1 4 5 8 7 10
1 8 3 6 9 9 10 8 1 10
1 5 9 5 5 1 2 6 1 10
1 7 5 6 8 4 7 9 7 8
1 1 9 2 8 4 4 6 5 7
NoWait times: 3
0 2 7
