n 30
m 10
cap 50
Processing
61 80 89 90 95 92 55 55 37 84
69 8 34 37 2 20 40 61 8 80
5 80 4 45 22 45 23 50 72 100
83 9 55 36 77 45 92 94 89 44
51 14 77 10 98 48 50 14 41 22
63 78 25 34 71 100 54 62 25 35
79 79 41 89 14 47 35 50 33 82
73 78 15 99 87 14 23 19 93 9
25 42 36 57 72 10 61 20 66 25
60 100 25 78 37 72 23 28 52 93
51 82 65 58 19 16 27 95 66 20
78 44 19 72 18 34 98 99 76 81
15 16 67 13 63 62 43 83 23 34
82 20 33 87 55 27 4 77 8 27
71 97 86 14 25 22 99 50 86 81
30 70 83 68 59 97 45 80 14 94
71 100 81 35 45 50 53 65 21 65
55 49 94 95 51 69 41 74 8 30
14 16 5 19 89 91 34 2 55 49
7 55 35 94 86 81 99 22 76 2
76 95 45 90 26 52 23 82 34 95
24 34 73 39 25 33 86 19 17 73
81 67 54 5 48 78 85 42 52 82
100 35 19 99 50 73 24 30 45 16
78 53 77 11 31 27 12 18 2 55
95 13 67 66 92 3 1 58 47 98
12 15 31 74 19 59 23 91 97 35
94 92 83 5 61 75 23 78 21 68
68 87 60 8 30 41 80 100 65 11
92 92 88 78 4 82 63 33 92 83
Size
9 10 9 5 6 8 8 10 1 8
2 7 10 6 5 8 8 3 8 5
1 7 3 3 1 9 7 5 6 1
7 1 2 4 8 2 9 5 10 4
6 4 4 9 2 8 10 1 1 2
4 3 4 6 1 9 5 6 7 2
4 10 2 6 10 2 4 5 8 5
3 4 4 6 8 3 10 8 3 3
6 4 9 8 9 6 4 6 2 9
10 1 5 5 8 2 1 8 4 2
7 9 1 1 3 10 1 4 2 7
3 4 1 9 9 7 2 8 2 10
6 3 7 10 6 1 7 7 7 9
7 8 2 4 2 6 3 9 1 8
10 2 9 8 9 9 5 2 1 5
10 5 6 7 7 6 2 3 1 2
3 7 5 10 10 3 3 6 10 5
5 5 6 2 5 1 3 6 3 5
5 10 5 10 1 10 1 5 3 7
7 4 5 9 1 5 9 7 4 5
10 2 4 6 9 8 9 3 1 9
4 9 3 10 2 2 5 5 5 7
2 3 7 1 4 4 4 6 2 10
3 8 5 10 3 3 9 7 4 3
6 1 2 8 7 3 4 5 3 9
10 7 6 2 3 3 6 8 4 3
10 1 9 8 1 3 5 5 7 10
6 3 7 9 7 1 2 3 4 7
6 6 4 2 2 2 4 9 8 3
3 1 4 8 4 7 9 6 1 1
NoWait times: 3
1 4 8
