n 30
m 10
cap 50
Processing
83 55 61 9 23 83 50 79 90 80
73 56 49 48 78 79 48 73 61 81
74 33 11 63 50 89 8 58 56 3
88 44 76 67 54 4 15 61 9 84
24 85 85 65 75 58 4 9 11 4
64 93 42 30 65 45 42 96 95 49
36 51 66 16 29 49 96 89 96 15
23 17 16 51 21 6 72 21 23 78
78 52 3 36 20 73 19 70 21 92
95 76 1 46 27 34 7 71 93 9
73 46 22 72 64 11 21 70 30 29
24 33 64 78 82 19 49 3 9 31
38 49 92 35 12 79 85 89 58 83
76 99 95 41 51 56 13 14 27 66
61 59 34 46 43 10 45 100 6 84
90 43 23 54 77 17 88 59 12 43
81 65 92 43 19 69 53 48 20 62
3 75 8 93 36 3 49 9 13 16
71 30 43 1 34 94 7 70 54 64
10 63 63 53 17 31 63 51 47 40
20 56 99 18 79 93 10 1 10 60
30 5 11 45 48 40 46 1 57 5
50 96 48 78 18 96 31 40 46 88
77 24 13 60 44 19 97 63 94 13
71 23 90 44 81 22 12 72 5 5
26 14 55 62 72 30 48 33 6 30
9 1 83 30 98 54 5 29 7 13
57 76 12 70 81 100 62 13 41 28
29 6 65 54 51 93 10 45 66 33
22 87 80 83 9 26 26 27 81 50
Size
2 3 4 3 3 7 7 9 3 8
1 4 5 6 8 4 10 1 6 6
1 8 2 9 4 4 10 9 1 9
9 10 5 2 4 5 7 3 8 7
9 6 8 9 7 10 6 7 3 6
8 5 5 5 9 2 6 8 5 2
1 7 4 3 5 2 5 5 8 8
2 7 1 2 3 6 3 4 5 4
9 10 2 1 3 4 6 2 1 1
7 8 9 8 6 2 1 9 9 3
7 2 5 4 1 6 5 2 2 5
3 2 6 7 7 10 7 2 7 6
6 3 5 5 2 1 2 1 3 7
7 5 5 2 4 1 7 7 4 5
10 9 3 5 7 3 9 6 2 3
6 5 10 10 9 6 5 3 9 8
8 2 6 3 8 8 9 8 4 1
2 8 8 1 9 2 9 3 6 8
2 3 1 8 10 10 6 5 10 4
6 5 4 8 10 8 10 7 10 4
6 3 7 2 4 4 8 7 4 5
9 3 8 3 6 4 10 10 5 2
4 8 10 4 4 1 6 9 1 10
9 4 5 5 8 3 9 1 3 7
6 3 10 1 5 1 2 10 5 1
8 5 9 4 10 2 9 3 5 7
6 9 5 8 7 1 2 4 3 7
2 9 9 7 3 10 8 9 2 9
7 10 6 8 9 7 6 4 1 2
1 7 3 6 2 4 9 6 9 1
NoWait times: 3
1 4 6
