n 30
m 10
cap 50
Processing
84 7 58 77 84 80 35 52 2 18
36 39 76 14 26 45 9 30 52 71
36 36 97 32 50 81 33 86 89 48
45 60 50 14 58 39 13 98 88 63
17 5 92 53 65 42 31 78 9 64
70 96 2 96 98 89 67 86 66 79
34 3 79 96 83 79 89 21 13 10
90 75 91 56 40 15 83 42 25 30
95 57 89 1 9 79 51 14 76 48
26 44 57 36 13 75 75 57 70 61
75 18 87 59 81 9 66 34 34 10
29 31 4 61 99 32 43 51 68 27
17 29 23 79 75 6 49 73 75 79
85 8 92 12 7 21 63 72 33 1
37 84 15 42 36 69 28 82 69 72
100 28 88 69 82 78 89 92 89 38
11 86 44 89 18 18 61 23 91 23
51 62 88 70 90 16 13 34 92 25
13 97 40 31 36 1 46 84 39 40
25 19 65 73 37 51 76 66 95 18
58 91 10 20 12 90 19 42 37 93
55 57 55 79 66 96 73 64 55 69
33 1 46 52 3 54 77 84 32 28
88 46 78 8 22 64 84 28 100 28
77 92 87 3 78 78 23 13 72 32
40 6 6 49 52 80 33 14 52 94
56 30 42 13 11 68 19 94 93 25
100 7 18 81 45 100 44 93 11 85
31 91 35 49 23 38 57 72 98 51
11 57 94 97 31 83 16 64 39 11
Size
3 1 10 7 6 7 3 2 7 8
7 4 10 8 4 8 6 4 5 3
6 8 2 5 6 4 3 2 2 10
10 2 7 7 9 8 10 3 1 8
2 3 3 2 10 7 7 6 8 2
9 4 5 9 9 2 3 10 8 10
4 9 7 3 6 1 3 3 1 6
9 1 5 10 3 1 6 9 9 1
4 9 4 5 9 1 9 4 5 1
3 7 10 10 6 5 2 6 6 6
1 1 4 6 10 1 5 1 6 10
9 8 4 10 4 4 1 4 7 9
4 1 7 4 10 2 1 10 4 9
2 1 1 9 8 7 4 2 3 3
9 2 9 4 5 3 3 2 2 3
3 4 9 3 6 7 10 2 7 1
1 4 7 5 7 7 10 5 7 6
5 3 6 5 7 6 9 2 2 5
6 4 6 2 10 3 1 8 9 3
5 10 9 3 9 4 3 10 4 6
4 3 6 4 9 7 4 4 8 8
1 1 5 8 8 4 10 5 9 8
1 7 3 10 4 10 4 10 6 5
10 8 6 4 2 5 3 8 5 2
5 8 6 1 5 2 6 5 2 5
1 2 6 2 8 7 1 1 3 6
9 1 1 5 3 1 5 6 3 10
9 6 1 7 10 10 10 4 9 9
2 9 1 2 6 7 2 1 10 3
7 6 8 6 3 3 9 8 4 4
NoWait times: 3
1 3 7
