n 30
m 10
cap 50
Processing
1 3 92 20 90 42 94 91 30 86
26 20 8 63 99 48 49 70 54 74
85 21 6 88 35 25 28 4 76 80
42 14 7 30 9 13 31 40 73 75
11 84 28 63 9 4 88 77 68 45
14 60 20 23 20 67 70 25 10 49
31 77 43 38 68 73 35 71 61 76
38 24 42 97 29 83 83 74 11 91
43 56 5 46 74 13 90 45 88 51
91 29 7 62 65 68 89 4 37 28
83 31 56 23 95 6 15 71 89 6
42 31 81 29 66 80 18 45 94 10
51 23 43 79 88 12 87 45 50 10
68 24 91 88 71 12 61 57 89 5
43 81 56 48 9 52 66 44 82 63
48 98 17 47 39 20 88 5 62 39
11 25 66 88 43 4 39 87 83 67
54 23 90 83 94 82 67 51 20 46
55 3 59 54 37 75 99 51 88 87
62 44 63 92 94 7 35 77 85 33
77 9 52 50 98 41 14 75 59 26
80 34 26 23 58 77 40 53 37 97
79 36 5 8 71 41 87 46 100 19
10 61 54 98 34 13 34 98 27 21
33 19 42 71 5 34 7 53 18 81
73 19 34 50 7 63 29 4 43 16
91 25 79 4 13 28 99 90 50 36
46 47 20 6 96 33 63 12 69 63
69 88 33 73 88 79 49 22 34 61
93 39 57 89 75 59 49 91 74 26
Size
1 9 9 7 4 6 3 8 7 1
10 5 6 4 2 2 2 6 8 2
8 4 2 7 10 9 2 3 4 8
8 9 9 1 2 6 2 8 8 8
1 6 10 8 9 3 2 6 1 1
8 10 2 9 5 10 1 5 2 2
9 8 6 7 5 6 1 9 6 9
10 7 4 10 8 4 2 7 8 2
3 7 4 7 2 4 5 5 1 6
3 4 10 1 5 7 10 2 4 10
10 7 8 6 1 7 3 8 1 9
3 4 3 1 2 5 9 7 2 4
3 6 8 5 3 4 1 7 3 1
8 10 3 5 10 10 3 7 5 7
2 7 4 1 3 7 7 10 2 2
7 7 4 10 1 7 9 2 2 3
5 10 5 4 6 10 8 6 5 10
10 1 5 4 1 1 9 2 9 9
6 8 3 5 1 8 3 4 2 1
4 10 6 10 2 3 8 1 2 7
9 2 10 7 7 1 3 10 3 8
7 8 6 2 3 5 8 1 4 4
5 1 2 1 4 5 1 8 3 8
3 10 4 6 2 2 10 10 6 6
3 6 7 5 10 1 4 9 2 2
5 8 3 7 5 1 7 8 8 1
8 6 9 6 4 3 9 10 5 5
8 3 4 4 6 3 6 10 2 5
8 2 4 10 1 4 2 8 10 10
2 8 5 2 5 10 5 2 3 9
NoWait times: 3
0 2 5
