n 30
m 10
cap 50
Processing
95 62 99 10 4 73 61 54 30 87
42 33 76 41 93 60 12 88 35 57
15 40 23 28 71 73 6 18 89 57
72 21 80 22 37 77 73 49 12 7
4 10 14 65 89 31 34 5 43 86
23 20 72 13 89 43 60 72 79 67
26 17 19 37 19 54 75 35 53 77
11 29 38 30 75 60 65 77 95 87
45 37 53 70 34 11 49 36 80 55
55 76 91 75 43 65 40 10 62 8
98 44 73 59 32 17 84 45 38 17
88 27 16 12 70 53 11 36 56 77
60 57 42 90 12 57 67 22 61 55
97 85 80 88 11 54 8 50 98 61
59 84 55 13 92 81 88 40 16 59
92 63 33 91 98 5 42 25 89 57
71 82 98 92 53 14 92 83 47 27
21 97 27 15 77 16 35 55 71 37
27 66 6 81 7 59 55 74 57 25
49 73 83 98 74 79 60 54 4 93
47 13 14 17 41 26 12 40 27 65
23 13 4 90 71 60 88 46 79 39
34 4 34 51 95 16 70 34 97 85
11 84 2 81 60 76 27 30 96 88
81 20 89 17 95 53 36 93 24 76
48 80 55 67 76 41 63 43 9 72
19 28 23 10 7 42 81 99 51 83
66 46 71 63 84 11 42 2 14 95
74 58 59 12 34 2 7 28 59 37
47 21 14 20 52 80 40 10 38 93
Size
5 2 1 8 1 6 7 2 9 3
2 9 4 2 10 5 5 4 3 5
3 4 7 1 3 1 9 10 7 10
2 9 3 6 4 4 1 3 1 8
8 9 7 1 1 10 4 10 8 7
5 9 7 4 10 10 2 6 4 8
8 6 5 2 6 9 7 3 3 4
10 3 9 10 3 6 5 3 8 4
3 5 10 6 1 7 3 4 8 8
3 1 6 1 7 6 7 8 1 10
10 2 9 6 7 3 7 7 10 1
4 10 3 3 5 1 6 3 3 6
3 4 8 5 1 10 7 9 7 7
4 6 10 2 10 5 10 6 7 6
8 2 1 4 7 3 4 8 9 1
5 10 1 8 6 7 5 6 10 8
8 9 10 4 1 6 5 4 1 4
5 5 2 10 4 5 3 4 5 5
8 5 2 10 2 3 2 3 3 3
6 4 2 3 9 4 7 7 4 4
10 6 8 3 3 1 10 6 8 7
3 1 2 8 1 3 7 9 9 4
1 8 9 10 5 9 3 3 10 6
10 3 5 4 10 1 3 8 7 9
6 1 7 5 4 9 7 1 9 7
6 6 8 6 1 4 7 8 10 5
5 8 10 9 4 2 1 5 7 2
2 4 10 6 7 2 7 5 4 7
8 4 7 3 7 6 4 1 5 1
7 2 4 6 6 9 3 3 2 7
NoWait times: 3
0 2 6
