n 30
m 10
cap 50
Processing
17 51 30 34 65 81 59 42 77 52
17 52 40 70 5 16 79 44 93 85
35 25 41 85 16 98 19 40 42 64
64 15 81 26 2 44 36 53 23 59
89 100 4 56 6 94 66 39 10 69
99 62 88 51 83 26 28 92 53 47
48 26 79 94 64 31 48 65 31 17
14 61 44 6 69 19 27 27 87 49
44 23 84 29 81 61 12 99 44 68
43 91 52 95 44 95 45 38 30 42
100 22 49 31 25 14 62 19 59 6
1 94 33 31 78 89 84 15 35 43
37 70 8 7 46 78 25 88 20 45
85 67 57 44 89 21 93 69 4 44
23 97 29 5 72 5 25 49 74 85
78 8 86 23 34 29 72 60 60 37
27 99 84 97 49 36 86 68 35 9
38 76 43 30 42 83 44 51 28 15
43 36 22 86 53 99 44 70 27 24
5 98 45 35 9 74 33 47 19 73
54 47 86 44 21 98 84 80 96 77
79 12 12 6 73 21 42 18 44 4
70 86 28 85 5 92 24 1 21 18
80 65 39 58 50 42 71 80 74 43
21 30 95 56 4 11 25 22 58 72
60 98 32 89 25 48 28 8 29 17
53 70 8 80 13 55 59 80 100 18
13 24 21 4 93 75 74 39 54 62
58 60 55 69 1 86 51 3 78 62
28 92 47 34 49 38 13 42 47 35
Size
7 5 1 10 10 8 6 9 9 6
9 3 7 3 1 6 2 8 7 5
5 9 10 7 7 7 10 8 1 4
3 2 7 7 9 4 2 2 6 10
1 5 10 4 10 5 6 9 3 4
6 9 8 2 8 7 1 8 4 6
7 3 6 7 8 4 2 5 6 10
9 10 2 2 3 8 3 9 7 10
3 9 2 5 7 4 8 7 9 1
5 6 6 9 4 1 10 1 8 1
4 9 9 5 1 6 2 3 7 1
5 7 9 7 4 8 8 5 10 9
6 10 7 6 2 7 6 2 3 7
4 10 2 10 7 6 5 9 2 5
2 9 8 5 10 3 7 4 6 9
1 6 9 3 3 8 9 6 6 6
4 4 4 8 1 8 3 4 1 8
9 1 7 1 4 2 9 2 8 2
1 9 5 10 4 3 8 7 5 4
8 3 2 1 4 7 2 5 1 8
2 6 9 9 1 8 3 4 10 2
1 4 8 2 3 6 1 10 2 8
2 2 6 1 3 2 5 4 9 5
10 1 1 9 10 9 8 1 7 9
9 5 8 7 8 9 7 1 10 5
3 8 9 9 9 3 6 7 9 5
1 6 10 2 7 9 4 6 1 9
3 3 7 6 7 1 2 5 3 10
5 2 2 10 4 7 8 4 10 4
7 9 4 8 4 10 9 6 10 3
NoWait times: 3
0 2 3
