n 30
m 10
cap 50
Processing
41 18 30 70 43 20 81 14 70 7
10 67 56 36 81 98 47 46 53 96
46 59 19 78 30 10 14 77 23 9
32 95 64 97 48 92 91 94 99 38
55 52 53 12 86 36 23 60 89 14
93 55 8 86 60 41 22 86 73 72
41 1 89 5 51 29 31 74 92 83
66 16 100 84 33 16 100 44 88 44
87 46 85 90 99 80 91 97 77 75
68 62 62 92 58 63 90 5 5 93
80 75 9 81 73 29 95 98 33 35
52 42 71 59 32 63 62 21 73 80
5 22 71 45 49 35 55 91 71 97
81 12 68 66 65 62 49 17 5 61
99 87 3 28 64 14 15 89 17 97
14 79 42 11 21 96 48 62 88 35
68 3 16 32 7 36 27 39 85 24
58 29 47 13 4 43 95 50 1 39
68 85 30 70 58 27 55 54 62 100
7 74 2 92 84 71 55 51 80 59
75 2 13 75 68 52 4 1 94 2
87 33 30 94 57 46 47 3 3 44
41 40 78 74 52 49 28 100 73 36
5 74 32 63 70 30 14 65 69 80
32 50 21 5 27 54 92 52 54 67
35 49 18 15 63 81 46 96 44 85
96 57 40 53 40 10 9 5 89 69
86 71 13 92 77 26 51 4 85 90
82 65 69 85 70 15 45 46 36 55
30 94 26 39 62 100 46 80 11 2
Size
5 8 1 4 3 1 4 4 10 1
5 10 5 9 4 4 2 4 3 1
6 5 1 5 1 7 4 9 6 5
3 8 9 1 6 3 8 8 8 8
8 8 6 10 4 1 8 3 5 9
8 3 4 7 3 4 5 7 7 9
9 7 2 8 9 5 6 2 9 1
2 3 1 6 1 9 8 6 4 9
7 7 9 9 10 7 2 10 8 3
9 2 2 4 3 8 1 4 6 1
10 4 8 3 4 7 5 1 6 4
7 2 6 8 2 6 9 5 3 1
10 8 8 1 5 9 7 5 9 3
3 4 5 10 6 10 4 4 3 6
8 3 5 1 4 10 10 1 7 9
1 2 6 4 5 4 5 8 6 1
3 7 2 5 9 3 2 2 10 2
3 9 1 7 7 5 4 2 1 8
9 10 3 7 7 4 1 4 4 1
10 10 1 6 9 8 2 4 5 7
5 4 4 4 9 10 2 1 10 7
10 5 9 3 8 1 8 7 4 2
4 10 1 7 2 5 3 2 9 6
10 6 2 8 7 3 9 5 8 8
5 8 5 8 4 3 4 6 5 9
5 10 9 1 1 4 9 5 10 1
10 10 2 2 2 6 10 8 4 1
4 4 6 3 1 8 10 1 5 2
7 4 1 1 5 2 10 9 9 10
7 1 5 3 5 8 6 1 7 9
NoWait times: 3
2 6 8
