n 30
m 10
cap 50
Processing
35 56 56 2 44 50 67 23 51 100
100 10 75 87 100 84 50 58 60 68
41 75 8 93 52 3 2 62 91 39
44 80 23 91 86 34 76 19 67 90
29 57 38 100 46 59 9 24 35 16
58 39 30 100 10 20 92 54 47 38
27 66 99 82 30 78 16 19 20 40
27 91 87 51 25 9 50 28 29 26
6 38 59 6 48 51 27 92 61 32
45 58 8 34 94 32 49 72 19 13
25 36 73 24 59 36 33 52 8 6
93 89 73 87 64 58 46 73 1 31
20 69 12 38 13 99 8 6 80 37
59 42 85 73 89 63 52 64 6 66
94 100 36 64 29 13 49 79 94 75
25 33 60 49 37 66 63 49 71 18
51 49 33 88 87 1 95 20 33 12
34 62 62 32 8 20 94 29 58 33
1 75 19 67 69 76 25 6 70 40
74 2 94 38 39 75 9 27 75 69
25 72 23 43 33 88 58 77 91 59
32 100 5 10 38 69 57 58 29 68
57 36 63 12 43 62 52 18 59 46
27 19 59 29 54 88 17 12 27 72
44 98 86 31 40 33 94 52 31 38
22 63 68 75 53 22 83 24 40 12
31 8 43 82 11 26 99 26 40 60
98 86 40 64 19 62 36 73 70 49
49 94 6 53 82 90 22 95 33 22
37 53 31 64 57 58 23 16 3 6
Size
3 3 2 6 7 5 6 10 4 4
7 5 5 4 1 4 3 6 2 4
3 6 6 10 1 4 3 1 7 8
4 10 8 3 3 3 9 2 8 2
10 4 4 2 4 9 4 4 8 9
2 9 2 2 6 8 6 6 4 3
3 7 10 6 3 5 9 10 8 6
3 5 9 6 8 6 9 1 10 7
4 9 9 3 6 6 6 4 10 4
2 4 2 1 1 3 8 10 9 10
4 7 1 3 3 1 2 10 4 2
4 1 1 4 9 10 8 1 2 3
8 4 5 1 1 2 1 8 7 2
9 10 8 9 10 8 8 6 3 9
8 7 10 4 10 5 2 2 5 9
2 4 9 6 10 4 4 9 3 5
1 5 3 9 1 3 2 1 4 6
7 5 7 4 1 6 10 5 10 1
3 6 2 1 5 7 7 8 1 3
8 8 6 8 7 10 5 8 3 3
10 9 9 8 8 4 2 7 6 8
2 5 10 3 3 8 4 7 10 9
6 1 2 4 5 5 2 2 10 7
4 7 3 1 6 3 6 4 5 4
7 5 7 5 3 3 5 4 6 2
3 10 5 6 1 3 2 1 4 10
5 2 7 9 10 5 7 1 6 5
10 6 2 3 4 2 3 8 6 6
5 4 10 4 3 4 5 9 6 1
9 2 8 8 4 10 9 4 7 1
NoWait times: 3
2 5 7
