n 30
m 10
cap 50
Processing
43 52 96 22 72 88 6 5 7 20
82 40 44 82 68 15 45 92 33 98
68 56 88 50 49 10 91 61 92 76
5 5 88 90 34 94 48 3 58 79
33 99 71 27 80 57 19 17 42 1
28 76 73 67 85 78 2 63 17 90
67 9 91 14 66 15 53 52 33 92
73 60 54 85 80 86 25 92 91 4
48 36 87 44 70 75 74 49 79 80
12 87 44 53 34 20 91 74 39 80
28 56 81 67 80 39 42 22 85 41
82 36 25 80 44 99 7 77 98 19
28 7 23 41 37 53 31 34 28 48
85 23 96 100 71 79 5 41 36 21
70 81 70 22 100 4 48 94 48 83
83 3 67 61 10 13 91 25 15 69
40 1 88 71 26 87 60 80 84 28
25 12 91 35 88 68 68 67 63 20
65 41 43 38 51 71 75 43 100 22
39 50 31 71 11 12 58 12 53 88
19 41 52 74 74 38 12 11 53 27
13 34 60 14 22 1 54 94 94 96
32 98 1 57 1 44 43 5 49 92
63 91 67 50 1 72 51 39 2 44
61 61 86 6 71 7 53 30 78 64
73 35 91 87 77 53 83 90 25 57
24 86 3 80 95 39 25 24 35 39
27 28 73 39 43 67 95 36 56 97
78 26 51 40 58 26 62 17 35 98
31 91 49 56 75 86 2 43 3 62
Size
2 6 7 3 10 3 8 6 10 2
7 7 7 10 2 8 10 2 8 2
3 10 8 3 5 1 3 1 7 3
1 7 1 5 10 3 6 9 7 7
6 4 10 9 6 8 2 8 3 10
5 10 6 7 7 2 2 10 6 7
9 2 6 5 8 5 10 2 5 7
8 7 1 8 1 2 1 9 10 6
8 4 3 2 3 2 2 9 5 6
6 8 10 2 1 2 5 1 5 8
8 10 3 9 8 2 7 9 6 10
5 6 3 2 2 5 5 6 9 8
2 6 9 4 9 1 6 1 7 9
10 4 4 4 4 1 2 7 10 1
4 1 7 3 10 8 2 4 8 10
9 10 9 6 2 5 6 8 2 6
10 4 3 2 7 3 2 1 4 1
7 1 7 7 3 7 5 2 5 4
9 2 6 1 10 8 10 8 9 9
9 5 1 1 2 5 1 10 8 2
6 5 7 3 3 9 7 3 6 5
6 4 1 4 4 1 5 2 3 7
2 1 6 9 5 7 1 8 7 3
5 3 2 9 2 4 9 5 2 8
3 3 3 1 6 1 8 9 1 4
1 3 1 7 3 9 1 1 1 9
9 5 10 2 4 9 10 7 7 2
3 9 8 8 1 1 1 4 7 1
3 4 2 2 5 6 8 3 5 10
10 2 2 8 6 3 5 7 4 8
NoWait times: 3
2 5 7
