n 30
m 10
cap 50
Processing
50 67 43 9 84 32 79 56 98 16
69 67 34 72 2 6 49 10 54 14
47 31 60 12 13 87 79 64 15 69
72 8 65 36 60 46 65 15 40 64
17 5 64 70 72 31 24 38 84 35
38 23 91 9 85 84 20 71 45 29
40 12 61 7 54 62 62 42 5 92
96 63 34 89 65 31 27 2 17 56
26 97 54 39 31 32 29 79 74 74
96 3 12 84 93 42 3 39 7 26
76 72 73 82 91 27 77 75 87 92
1 95 73 63 21 3 6 17 23 51
37 66 71 61 67 79 34 43 3 8
68 80 67 54 66 80 89 11 46 61
67 13 21 8 2 26 27 91 29 35
13 90 48 90 6 96 65 69 51 74
94 85 31 28 63 9 89 20 81 81
48 8 54 85 34 60 18 80 64 21
28 77 65 72 67 48 94 13 43 35
34 19 41 44 19 7 22 85 71 60
44 9 24 65 56 46 91 50 41 56
28 39 66 9 53 19 47 56 50 65
20 72 41 24 70 13 71 70 84 84
43 76 32 7 96 9 66 27 35 14
72 99 78 58 87 97 41 59 84 89
94 44 44 97 50 89 55 28 81 36
46 59 89 73 77 85 45 5 89 14
66 79 73 86 92 31 96 97 24 74
39 62 83 4 16 81 28 77 14 17
72 61 50 73 23 100 50 67 55 41
Size
9 10 6 6 5 10 7 4 7 4
7 3 8 7 9 4 5 4 3 6
6 3 8 10 8 2 5 3 1 7
3 2 5 7 4 4 5 10 7 5
10 2 5 4 3 6 1 9 1 1
8 1 8 7 5 3 10 10 5 4
5 9 2 6 9 2 6 5 2 5
1 2 7 4 4 5 7 3 3 4
4 1 8 6 2 7 9 10 4 7
8 6 5 7 5 5 1 4 6 5
9 4 7 2 10 3 6 9 8 6
6 7 3 3 1 3 5 3 2 6
6 2 4 6 2 7 2 4 10 5
7 1 2 9 10 8 5 1 10 7
2 8 9 8 3 2 7 3 9 7
8 9 3 6 7 1 6 6 8 4
10 1 2 7 8 4 7 10 5 3
6 2 2 1 6 4 1 3 8 7
5 5 10 10 7 8 8 6 10 7
6 9 7 4 3 1 8 9 1 7
3 10 4 10 1 9 4 3 6 10
4 2 6 1 6 9 3 6 9 3
7 8 9 3 5 1 4 7 5 10
7 1 3 3 4 7 10 6 6 4
8 8 5 9 3 10 6 2 7 6
7 9 6 6 5 2 5 7 7 4
8 7 1 8 10 1 5 1 7 2
4 8 6 5 9 3 4 2 5 6
8 2 3 1 4 7 8 2 9 4
5 6 10 5 4 7 3 9 6 4
NoWait times: 3
0 1 5
