n 50
m 3
cap 10
Processing
61 37 54
58 25 43
97 65 72
47 28 20
66 4 75
68 1 36
17 71 34
56 33 77
22 17 49
47 51 65
78 80 54
76 50 61
43 11 56
17 25 8
27 87 10
38 29 25
97 44 85
18 12 17
79 60 28
90 51 52
97 28 75
71 84 41
82 57 56
45 98 41
5 78 58
43 21 75
1 78 93
48 91 54
1 21 88
25 23 95
44 44 65
12 36 75
75 89 49
15 68 1
27 38 51
86 69 57
73 50 87
69 12 87
81 90 20
27 75 84
25 34 58
5 8 38
79 70 25
92 44 42
82 42 65
62 4 78
37 66 85
83 62 24
64 97 78
98 94 74
Size
6 1 9
4 4 2
5 2 9
7 6 9
8 6 2
5 9 1
3 7 3
9 8 7
9 9 2
6 10 1
5 6 2
10 4 10
7 9 6
1 2 7
7 8 5
8 9 10
10 10 5
3 4 3
6 1 8
4 5 9
8 7 4
5 10 9
9 1 6
9 7 5
7 3 9
5 1 6
7 6 2
2 9 6
8 5 3
3 10 7
5 1 6
9 9 5
3 4 8
1 3 5
4 2 10
5 4 3
6 6 3
5 10 8
7 9 7
1 5 2
6 5 7
8 4 1
10 7 7
9 7 2
4 7 5
2 5 5
2 9 8
4 9 8
7 6 7
4 3 6
NoWait times: 1
0
