n 50
m 3
cap 10
Processing
25 46 37
86 41 97
13 52 30
4 45 10
24 35 32
63 89 95
39 17 36
77 48 30
24 4 31
29 100 9
90 94 54
12 95 31
94 81 72
90 48 29
33 35 92
33 67 14
62 75 70
26 40 7
63 95 33
62 64 40
4 40 73
68 60 46
58 45 48
70 83 99
53 80 91
62 50 69
16 43 24
22 100 43
99 43 24
85 50 60
66 60 55
75 58 49
66 47 44
87 45 39
88 70 44
31 41 38
87 47 66
2 6 55
30 59 89
75 57 49
3 21 97
72 23 39
27 24 13
6 57 70
90 53 28
10 54 68
75 12 65
33 19 63
22 51 30
12 27 89
Size
7 2 4
1 10 1
2 7 4
4 3 5
4 9 7
5 7 7
2 5 10
3 8 5
8 9 2
7 4 9
4 8 2
6 10 8
3 2 10
9 8 3
7 2 4
6 8 7
4 4 6
2 4 5
2 7 6
10 6 7
10 10 6
8 1 10
7 5 4
9 7 4
9 4 7
5 4 10
1 2 8
8 2 4
8 2 10
6 5 7
8 6 3
6 5 8
3 1 4
7 1 2
6 5 7
6 10 2
7 5 2
7 10 6
8 2 5
10 5 1
6 9 4
7 7 9
2 3 1
5 5 5
7 5 4
3 10 3
5 3 3
1 1 8
5 1 8
7 3 3
NoWait times: 1
1
