n 50
m 3
cap 10
Processing
48 63 84
21 94 5
48 79 5
72 97 24
85 22 52
29 95 68
95 75 89
87 36 16
33 48 82
17 30 92
30 74 18
69 58 21
93 72 76
22 29 75
7 42 10
22 96 34
68 45 34
92 98 27
92 66 97
75 19 76
26 42 43
95 20 62
66 9 17
5 84 63
78 20 31
14 19 82
14 79 46
15 85 87
91 90 10
63 96 62
64 3 61
54 84 85
25 9 68
37 11 34
3 81 2
92 64 64
88 79 46
62 32 3
54 90 93
17 93 5
13 16 44
71 2 2
19 24 42
72 9 97
15 31 79
67 34 53
6 33 29
64 6 98
95 97 4
32 71 84
Size
6 10 1
3 9 9
6 10 9
7 5 9
3 1 10
7 10 3
3 7 3
3 2 6
10 5 6
8 9 7
3 2 2
9 6 3
4 4 5
1 6 8
9 7 3
1 5 8
10 4 3
1 5 5
5 7 3
10 8 8
7 10 9
5 5 10
6 3 9
10 2 5
7 6 9
8 7 5
5 9 2
3 3 7
7 8 4
6 6 7
2 2 7
7 5 5
5 10 2
10 1 2
9 8 3
7 9 6
10 6 3
4 1 10
10 5 7
3 4 9
4 3 9
5 5 1
7 10 10
8 8 6
2 4 9
6 3 6
8 1 1
10 4 6
5 5 8
9 7 6
NoWait times: 1
1
