n 50
m 3
cap 10
Processing
72 84 95
9 30 50
14 79 87
99 12 1
66 31 90
2 3 63
88 16 36
47 96 69
57 94 92
54 34 77
97 50 27
86 62 82
76 15 97
23 10 26
82 33 94
89 30 38
85 34 68
79 2 23
80 92 55
5 73 50
73 17 19
47 77 74
100 4 52
75 42 77
77 56 24
24 88 58
51 81 43
49 3 86
1 50 77
17 12 54
63 56 35
5 57 56
70 70 43
96 23 11
36 63 84
24 17 95
47 9 89
44 90 53
89 82 71
17 71 63
98 63 54
90 10 58
19 36 21
19 96 57
74 22 2
49 87 80
84 72 37
74 33 2
29 26 65
98 71 58
Size
10 8 1
7 1 4
7 8 1
2 5 3
6 9 3
7 7 6
8 8 10
7 3 2
8 5 10
4 4 3
5 4 1
4 2 8
4 8 5
8 2 4
6 1 9
7 1 5
1 6 7
6 7 7
3 5 6
8 9 10
9 3 1
3 8 8
3 4 5
5 2 4
7 4 3
7 10 10
5 8 5
10 8 7
7 1 8
4 2 10
6 3 1
2 10 5
10 4 9
9 7 4
9 8 4
10 5 8
6 6 6
8 7 10
4 2 7
4 2 10
2 8 9
9 5 8
1 9 1
5 5 5
3 8 2
7 5 1
5 10 4
3 6 5
5 2 8
4 5 6
NoWait times: 1
0
