n 50
m 3
cap 10
Processing
80 95 60
34 9 71
32 93 24
68 35 63
39 40 11
26 9 7
22 41 7
35 64 71
48 43 22
18 26 42
73 48 70
35 72 18
82 27 50
96 66 98
85 100 29
8 45 40
90 46 1
88 64 87
24 70 57
95 72 75
63 91 6
18 3 33
85 87 33
85 56 56
27 25 99
46 3 47
37 93 47
27 22 5
7 70 5
62 98 17
58 51 56
36 68 33
39 73 21
37 87 10
100 84 52
75 78 100
78 14 2
23 2 28
21 81 19
88 81 55
49 72 92
97 85 46
68 66 25
22 22 8
26 52 5
39 22 56
48 7 88
72 77 98
57 68 74
90 32 92
Size
5 1 6
8 1 6
4 8 7
2 9 8
8 2 8
10 10 6
9 1 4
5 2 9
10 9 5
1 1 4
10 9 9
9 5 10
3 8 7
9 2 2
1 1 10
7 2 9
9 8 2
5 5 3
5 7 3
4 6 4
8 9 4
3 7 7
7 8 1
5 2 9
4 4 5
6 1 6
9 2 7
1 1 7
4 7 10
7 10 6
3 5 1
4 7 1
6 6 4
4 5 1
3 4 5
5 4 1
8 4 6
2 1 4
5 2 10
8 1 2
1 3 4
7 6 9
6 4 2
4 2 2
9 2 10
2 3 4
7 10 8
1 10 5
9 2 10
4 3 6
NoWait times: 1
0
