n 50
m 3
cap 10
Processing
31 41 30
17 13 38
80 60 18
13 46 91
1 32 80
53 80 62
12 93 77
44 12 2
12 84 95
10 53 52
27 17 48
42 68 87
86 19 60
18 61 30
7 66 19
11 17 45
13 77 27
76 89 57
100 63 70
58 19 81
85 76 4
16 72 5
88 73 70
59 28 54
59 64 72
32 53 37
21 8 12
18 82 29
13 10 22
30 11 1
55 69 64
85 21 47
97 19 58
32 35 61
10 97 35
67 53 62
55 77 36
84 41 14
61 38 39
56 15 96
37 30 13
44 12 33
53 10 33
52 67 57
57 76 91
66 41 10
71 8 55
71 68 43
98 28 52
61 20 82
Size
10 6 8
5 7 2
9 6 3
1 4 4
1 4 1
3 10 3
9 8 8
3 6 7
9 2 7
6 2 1
8 7 7
8 10 3
10 7 7
3 6 5
2 6 6
9 2 1
6 8 4
9 9 7
10 8 2
6 5 6
2 8 4
6 2 10
9 5 8
5 1 10
5 10 10
7 6 1
9 2 10
6 4 8
4 2 1
2 1 2
2 4 2
4 8 5
3 8 6
7 10 2
1 10 2
5 8 7
5 10 9
10 3 3
8 1 1
10 2 7
5 8 6
6 1 8
10 2 7
8 9 8
4 7 8
5 6 4
10 4 7
9 10 1
4 5 4
6 3 6
NoWait times: 1
0
