n 50
m 3
cap 10
Processing
60 41 81
65 54 36
3 71 5
99 47 14
84 77 97
79 47 10
90 63 2
97 8 90
61 99 21
81 60 65
54 32 33
32 49 93
86 5 7
57 45 85
81 19 68
19 88 44
51 68 70
10 78 27
42 5 48
3 88 9
7 95 52
83 99 61
31 67 21
44 3 3
42 62 95
99 85 78
33 78 55
56 58 32
49 21 99
72 90 3
63 80 64
20 39 49
97 88 43
58 59 100
27 69 65
84 38 7
44 77 88
82 69 73
45 38 55
67 13 78
22 3 52
89 50 76
16 74 74
64 70 61
81 97 63
78 58 99
64 4 95
81 33 39
47 11 88
58 25 11
Size
8 4 3
2 5 4
2 2 4
4 9 10
1 5 1
3 1 8
8 5 2
2 3 5
9 3 10
1 8 9
8 6 9
3 5 2
7 5 4
4 10 8
9 2 9
3 8 6
9 1 4
5 9 4
9 8 10
4 1 3
7 3 5
6 4 1
3 5 6
2 2 5
9 4 7
8 2 1
5 1 6
4 10 8
3 5 5
10 3 4
6 9 3
1 9 1
5 6 2
5 7 10
6 9 4
1 1 4
4 7 7
4 10 4
10 2 9
9 4 3
6 10 9
7 4 3
7 1 1
4 6 7
8 1 3
8 9 4
2 6 7
1 6 8
6 3 7
6 8 1
NoWait times: 1
1
