n 50
m 3
cap 10
Processing
20 98 70
12 31 5
48 79 36
55 74 14
38 86 50
42 1 86
76 86 21
92 57 79
27 97 46
50 11 77
94 30 27
10 10 13
87 61 79
27 38 73
92 71 66
31 8 82
37 60 48
89 96 79
13 54 35
88 30 30
1 72 61
12 41 94
27 21 50
56 12 54
50 42 82
20 48 94
68 78 79
72 27 4
11 1 21
24 17 11
49 99 84
28 33 57
66 16 10
52 10 49
35 71 42
37 33 43
75 18 19
50 25 39
91 37 74
31 63 56
57 49 65
83 2 47
7 76 50
16 59 1
75 99 99
43 34 45
96 44 75
5 7 62
31 71 55
53 58 3
Size
9 4 3
7 3 5
9 6 7
9 3 5
7 5 5
4 1 5
9 5 6
9 10 8
2 6 2
2 2 7
4 7 8
7 5 3
5 7 7
9 2 4
9 10 4
10 9 3
3 1 7
8 10 9
10 5 9
9 8 6
7 5 9
10 9 1
2 4 9
6 2 4
4 8 9
9 4 3
1 5 3
1 2 4
3 7 1
6 5 9
3 5 3
10 1 1
5 8 10
6 8 6
4 3 3
6 5 6
9 4 5
3 2 9
4 4 1
7 5 8
10 3 6
3 10 3
8 8 8
3 1 9
8 6 4
2 3 5
7 7 4
1 8 6
2 8 8
8 6 8
NoWait times: 1
0
