n 50
m 3
cap 10
Processing
78 2 44
23 87 31
15 64 83
82 28 35
62 73 71
57 61 90
77 99 87
22 19 68
79 59 32
67 20 56
39 50 75
59 15 69
41 3 85
62 32 8
91 33 97
71 25 66
100 39 13
100 79 17
22 61 80
58 77 74
97 6 3
67 42 45
39 24 18
53 50 72
33 67 54
69 20 81
6 90 15
79 2 21
64 74 24
93 44 92
97 30 85
79 67 78
74 21 78
76 51 11
97 38 95
8 6 93
4 81 56
40 32 83
3 5 47
89 16 74
3 68 78
4 78 47
47 84 50
5 25 35
4 38 91
94 61 3
88 53 78
24 90 86
63 33 73
35 59 72
Size
3 8 4
5 2 10
6 5 9
6 8 8
10 4 5
7 10 7
6 6 2
8 8 2
8 6 7
7 8 2
3 9 7
10 5 4
7 4 5
7 5 8
3 2 10
2 4 9
4 4 9
4 5 9
8 9 1
3 10 2
4 3 2
2 4 2
5 10 7
10 9 5
7 7 6
9 9 6
2 2 9
8 8 5
10 4 8
4 2 4
3 4 1
9 3 9
3 10 1
4 8 7
1 10 8
9 2 2
2 10 10
7 10 3
2 8 10
7 7 1
9 7 8
6 2 8
10 5 7
6 7 7
8 7 2
5 9 2
10 9 10
8 2 9
4 6 8
6 7 10
NoWait times: 1
0
