n 50
m 3
cap 10
Processing
78 48 15
48 81 45
35 21 97
5 88 96
61 33 69
53 1 22
82 13 66
54 42 55
12 24 98
37 42 87
55 17 38
68 13 16
5 13 1
73 64 29
85 95 25
89 62 46
87 52 73
87 24 2
26 90 22
53 92 85
20 14 52
41 96 86
88 22 73
66 22 45
1 55 81
12 34 43
51 23 40
44 53 61
5 63 76
39 7 45
32 35 56
11 63 87
77 60 97
7 30 22
6 51 29
57 52 87
10 23 59
39 55 21
9 49 89
2 9 16
81 75 19
92 84 4
10 87 53
59 2 4
94 87 84
11 33 45
2 10 37
37 82 21
35 5 38
61 8 51
Size
9 7 3
2 5 8
3 1 10
5 2 1
8 3 4
4 3 5
8 7 5
10 2 8
8 6 8
10 7 3
9 2 3
9 8 3
1 3 3
10 9 2
4 4 4
1 2 2
5 2 9
6 8 9
4 7 9
10 6 4
3 3 3
10 6 10
4 4 8
6 5 9
9 2 1
3 8 7
7 8 6
3 9 1
3 7 6
2 6 5
4 3 5
7 8 7
7 2 1
1 4 9
6 1 3
5 5 2
3 9 3
1 8 2
8 8 9
6 10 4
3 5 2
6 1 6
4 7 6
7 9 8
6 10 3
9 9 9
7 5 1
8 6 6
9 6 6
1 2 9
NoWait times: 1
1
