n 50
m 3
cap 20
Processing
63 44 88
83 28 92
41 24 91
71 13 37
89 38 99
48 91 78
58 48 17
32 90 45
75 33 4
90 59 92
59 74 93
90 16 60
100 18 37
99 68 3
98 84 10
50 49 98
44 43 35
33 27 47
46 6 55
36 74 12
87 34 19
9 36 52
61 35 33
80 90 99
38 40 52
57 33 32
34 43 4
29 4 39
11 32 61
3 92 98
76 62 91
27 51 1
32 17 3
80 82 80
12 69 60
85 68 23
13 59 98
13 11 11
2 86 60
32 4 54
15 61 93
86 6 57
1 97 25
58 35 5
14 39 16
12 72 24
38 72 24
22 94 23
79 94 2
31 10 17
Size
6 9 4
8 10 5
3 7 2
5 2 5
2 6 4
6 10 10
1 10 8
2 3 6
5 5 9
1 4 5
2 1 8
5 3 1
7 10 6
2 5 8
5 4 10
8 5 8
3 4 5
7 8 3
3 1 1
9 6 10
6 8 4
9 9 3
4 6 4
8 4 7
4 2 10
1 9 2
8 9 3
5 3 3
3 6 5
1 6 5
1 5 6
9 6 4
9 4 8
7 5 9
4 5 3
3 5 6
3 5 8
10 4 7
1 3 8
4 4 3
8 7 6
4 8 6
4 10 3
9 3 4
8 4 4
10 9 10
5 1 10
6 9 6
5 6 7
7 8 9
NoWait times: 1
0
