n 50
m 3
cap 20
Processing
53 16 13
81 45 54
84 12 60
14 48 99
49 75 52
15 29 53
2 84 99
16 13 25
42 67 70
16 58 98
71 65 100
86 78 36
2 72 42
86 66 77
87 3 43
87 31 56
78 76 38
75 78 30
27 57 84
71 54 49
35 3 94
20 46 23
51 22 96
3 40 1
35 41 75
81 72 76
10 32 53
57 40 66
18 72 50
16 61 73
26 53 68
97 97 67
63 11 89
55 58 80
40 79 62
99 24 68
68 87 65
87 14 95
88 98 90
21 69 45
2 74 14
88 95 39
74 31 97
1 44 33
7 80 18
67 75 63
26 11 78
41 22 54
94 97 24
73 69 10
Size
2 2 7
10 6 3
5 7 1
1 2 7
9 8 5
8 4 5
8 5 4
9 6 1
9 10 2
7 7 10
6 10 2
8 9 5
2 1 10
1 7 6
9 5 10
10 3 7
7 4 2
5 6 6
10 8 10
3 3 2
2 6 3
7 9 3
6 6 6
10 10 6
1 4 9
2 7 10
9 1 2
5 10 2
7 10 5
4 5 5
9 1 10
5 6 4
4 9 2
8 4 8
9 2 6
1 8 2
10 6 2
3 5 8
9 1 8
6 1 10
1 8 4
9 2 5
9 10 8
2 5 5
8 8 3
10 1 4
3 1 6
6 1 1
9 10 7
3 3 6
NoWait times: 1
0
