n 50
m 3
cap 20
Processing
2 55 9
86 75 35
36 50 81
68 39 1
73 66 3
7 61 29
58 57 64
28 50 49
98 11 52
11 96 49
19 63 94
68 98 63
90 6 40
59 53 21
93 7 29
49 29 93
81 32 12
91 67 92
77 69 33
52 73 100
83 59 36
86 84 85
69 100 46
2 47 58
7 76 51
1 46 76
43 42 25
12 90 7
13 48 57
90 94 53
75 41 19
87 30 57
58 28 41
5 16 42
26 13 66
40 80 8
6 32 62
46 1 17
1 51 78
6 43 79
98 46 40
11 79 53
64 16 63
8 38 36
51 20 45
16 55 1
87 76 96
80 3 58
64 90 100
40 67 19
Size
5 2 9
9 7 4
4 4 2
4 6 6
2 4 3
5 5 4
4 10 3
5 6 9
8 5 4
8 3 2
10 6 8
3 4 6
3 1 10
10 10 7
8 7 9
5 4 3
3 10 2
6 5 8
4 10 4
5 5 10
5 6 9
2 5 1
2 10 7
4 8 1
2 10 2
4 4 3
2 6 8
7 9 7
2 5 5
10 8 5
7 2 10
7 10 3
4 4 5
9 3 8
9 5 7
4 4 7
10 6 5
9 1 2
10 3 5
1 4 8
6 2 4
6 8 3
2 10 10
9 5 1
1 1 7
7 6 3
3 3 3
9 2 9
8 9 2
4 1 8
NoWait times: 1
0
