n 50
m 3
cap 20
Processing
1 15 20
79 44 75
33 3 83
39 30 53
10 41 46
13 74 77
84 3 26
96 34 24
80 94 86
23 16 41
81 31 16
60 38 11
38 10 32
58 82 13
37 16 11
10 18 21
93 3 20
63 86 41
95 56 40
50 96 88
56 88 33
62 89 61
94 57 84
99 89 69
35 14 70
84 64 13
94 27 33
67 77 60
72 4 95
33 98 16
54 31 72
21 6 49
71 7 99
75 98 55
44 97 23
8 9 87
2 92 97
27 18 56
18 35 27
74 57 82
50 10 24
26 44 66
69 5 83
74 18 63
98 93 13
10 91 18
21 95 63
53 34 92
41 37 5
20 62 84
Size
2 4 3
6 9 7
6 2 10
2 6 2
6 2 5
9 7 2
3 7 6
2 1 4
4 8 3
9 9 2
5 5 6
6 9 5
1 10 8
8 7 5
8 5 3
10 1 2
9 6 5
2 1 9
1 10 10
5 3 7
8 8 9
9 5 4
10 8 8
3 5 1
8 9 6
2 8 3
8 9 1
1 9 7
6 1 2
6 6 4
4 9 5
3 10 4
3 3 5
6 7 6
9 9 6
4 5 1
7 1 1
4 3 4
5 4 8
3 2 8
8 9 3
9 10 1
5 8 3
10 8 8
5 1 5
6 1 2
6 5 9
4 5 7
5 4 9
5 4 4
NoWait times: 1
0
