n 50
m 3
cap 20
Processing
25 98 19
70 40 67
12 79 93
13 61 8
18 55 59
57 95 20
28 50 70
25 49 69
27 55 32
42 87 3
86 83 51
67 1 33
29 55 81
46 64 77
28 91 29
38 35 34
4 71 10
81 70 83
34 14 8
65 73 77
98 28 79
48 94 18
33 95 96
71 36 64
82 73 44
77 25 8
99 50 94
94 44 15
26 77 18
87 61 80
91 21 57
5 25 88
24 6 47
42 71 12
17 49 85
80 83 57
53 43 58
54 44 74
7 28 66
12 73 81
6 58 89
83 93 25
59 46 18
80 7 28
77 73 42
97 59 52
21 35 71
9 36 50
42 23 27
69 69 98
Size
6 2 9
2 9 8
9 5 10
6 5 7
5 3 8
6 3 1
7 5 10
7 1 9
10 2 9
7 10 8
3 8 7
1 5 5
8 3 10
10 4 2
2 2 8
4 5 5
7 10 9
2 4 4
1 9 3
1 8 4
7 3 9
7 9 6
8 5 5
10 5 10
2 5 2
1 2 3
9 5 8
6 4 3
2 10 3
3 8 3
3 1 6
1 7 6
2 5 3
5 4 1
6 8 4
8 5 3
2 4 1
8 6 1
8 3 2
7 3 4
1 2 7
6 4 1
7 5 5
7 4 2
3 6 5
3 5 8
1 1 1
7 10 5
8 7 9
6 8 2
NoWait times: 1
1
