n 50
m 3
cap 20
Processing
79 100 14
29 15 61
15 38 2
59 33 41
90 36 44
50 76 21
94 73 5
64 19 86
16 26 55
56 31 44
64 76 92
4 80 32
37 97 91
32 21 57
14 37 39
67 72 47
45 70 71
7 23 25
1 78 92
44 21 87
81 19 68
53 10 92
88 7 15
36 52 23
98 85 35
55 39 81
81 85 6
92 42 6
62 28 44
28 29 41
38 73 52
38 4 89
94 70 39
32 40 91
14 44 52
81 77 43
87 58 91
97 77 26
99 96 29
6 73 89
35 42 15
25 36 49
48 5 95
72 51 69
89 31 68
68 50 33
91 65 45
73 34 60
45 43 8
42 46 92
Size
2 7 10
5 6 2
5 9 10
3 2 10
1 7 9
8 10 10
8 9 6
10 5 3
5 5 10
10 2 8
5 1 5
7 8 9
9 6 1
2 2 8
6 4 5
5 6 6
6 5 5
3 6 7
3 3 2
4 5 4
1 2 4
6 8 4
5 3 4
8 9 9
9 7 6
3 6 8
7 6 1
1 7 3
10 9 5
2 5 10
1 9 8
5 6 2
8 9 2
9 1 9
4 9 8
7 7 5
8 7 3
10 7 6
9 7 7
8 1 6
4 10 10
10 6 9
3 1 3
1 8 4
2 3 3
6 8 4
2 9 3
7 5 5
5 1 10
5 9 8
NoWait times: 1
1
