n 50
m 3
cap 20
Processing
5 11 9
91 35 15
55 12 66
28 24 43
78 98 100
39 8 93
2 81 83
48 72 55
26 63 99
3 21 94
80 66 32
58 23 75
99 39 16
15 82 10
93 81 62
55 81 35
54 60 28
6 65 78
55 32 95
74 24 76
13 62 81
70 19 95
68 43 53
47 71 22
5 82 18
84 52 66
26 76 67
47 25 82
24 62 34
81 31 54
21 88 73
27 31 68
64 58 64
79 24 81
13 39 16
6 77 6
32 82 69
39 73 93
92 12 96
84 99 14
78 81 54
4 71 60
10 15 58
6 79 84
9 39 94
7 36 15
49 78 78
21 54 63
53 56 76
65 59 99
Size
7 5 2
4 8 1
8 6 4
3 5 2
9 10 7
9 5 8
5 9 5
3 5 10
1 10 2
1 5 2
5 3 2
5 9 7
5 8 7
7 7 3
10 8 4
9 3 6
5 10 10
10 1 1
2 8 9
7 5 1
9 8 10
4 5 7
7 1 2
8 8 10
1 1 5
4 3 8
4 8 8
7 8 3
9 1 2
10 10 6
6 6 2
2 4 6
6 5 6
10 3 4
1 9 9
7 4 4
5 5 4
8 5 5
1 8 1
2 4 7
10 7 9
5 9 6
6 1 9
6 8 4
1 5 8
10 8 2
2 3 7
10 7 3
10 5 3
8 3 5
NoWait times: 1
1
