n 50
m 3
cap 20
Processing
30 45 39
69 5 97
47 6 35
57 52 88
76 97 98
81 18 42
54 18 16
69 52 70
48 56 23
52 19 100
1 43 12
50 54 3
46 96 1
12 42 27
3 23 24
87 59 95
64 53 42
97 57 58
82 80 49
9 53 86
92 29 41
56 19 11
56 47 1
74 94 54
54 90 51
37 79 52
83 41 58
26 36 37
61 67 9
9 20 71
29 76 8
54 52 83
2 47 39
40 39 13
49 71 19
97 73 51
83 78 34
3 35 17
9 91 47
12 1 71
29 24 55
26 3 33
12 99 27
88 39 18
92 58 92
8 64 98
8 89 88
34 36 82
86 2 20
68 87 63
Size
10 2 3
10 3 4
7 6 2
4 5 1
1 10 2
10 7 3
8 8 4
10 6 9
1 5 2
5 9 5
5 9 1
7 10 8
3 6 4
2 2 5
8 2 6
5 10 7
5 5 6
9 8 3
1 2 7
10 7 5
9 7 6
2 10 7
1 3 9
5 6 1
5 8 4
2 5 1
8 3 5
3 8 4
8 10 9
6 6 5
9 6 7
9 9 10
4 8 2
3 6 9
4 8 4
5 10 8
2 6 4
7 6 10
3 9 5
8 10 6
2 7 6
7 2 2
3 1 2
2 5 7
9 7 8
2 1 3
6 2 4
9 9 10
2 1 10
4 5 8
NoWait times: 1
1
