n 50
m 3
cap 20
Processing
5 53 28
5 21 72
41 89 50
65 80 83
73 82 84
17 31 41
1 8 36
48 25 87
96 94 2
20 77 64
18 82 23
69 81 65
55 56 94
43 57 41
34 38 49
41 42 3
80 34 3
24 45 27
79 38 25
23 93 22
97 91 34
78 30 22
88 3 69
16 89 97
96 91 74
28 38 9
25 92 10
60 35 47
26 5 69
58 76 49
33 98 74
47 7 69
63 22 95
34 26 20
85 79 99
34 7 48
1 36 52
33 93 26
26 80 18
46 73 72
41 56 87
26 77 31
95 6 35
12 63 90
62 39 83
81 83 91
33 49 93
26 44 10
51 4 97
22 13 61
Size
5 5 4
9 4 3
8 9 10
1 8 8
7 3 7
3 4 9
3 1 1
8 2 4
10 5 6
9 5 2
9 9 9
9 10 5
10 4 10
3 4 7
1 6 6
6 3 10
1 8 10
6 5 7
9 1 3
9 8 4
8 1 3
7 3 3
6 7 9
7 9 3
1 1 7
9 6 3
6 3 3
5 6 3
3 5 2
1 6 8
6 5 6
4 6 3
6 5 3
4 4 7
5 2 3
3 4 6
10 5 2
5 7 7
7 1 4
3 4 10
5 4 8
8 8 2
10 8 6
2 4 7
8 6 7
1 6 2
9 5 1
2 4 4
3 6 9
9 9 10
NoWait times: 1
1
