n 50
m 3
cap 20
Processing
49 24 89
53 16 37
89 80 85
87 48 97
92 43 88
10 70 65
53 44 100
2 99 20
69 6 29
82 57 15
89 47 77
41 77 34
2 65 51
1 91 77
62 68 49
1 36 73
10 28 52
98 27 12
2 64 65
56 28 80
24 22 19
8 99 23
48 49 61
29 30 93
63 27 61
72 54 88
4 88 64
13 12 25
88 17 93
62 86 85
14 59 24
68 40 10
1 98 29
100 33 5
65 90 70
16 3 32
69 38 34
76 21 77
41 17 25
38 19 1
44 5 50
82 24 14
7 47 26
100 34 5
39 41 64
27 47 15
59 85 62
43 52 67
63 33 25
61 78 42
Size
9 2 5
7 8 1
6 4 9
7 5 6
1 10 5
4 5 2
9 9 3
10 8 7
6 3 5
4 5 10
3 7 9
8 10 1
8 8 3
10 10 6
1 6 5
9 3 8
7 7 8
3 8 2
2 5 3
10 7 6
10 8 8
10 6 2
6 6 4
5 8 6
8 2 4
2 1 1
5 3 1
4 3 4
8 10 1
6 7 5
2 3 8
6 1 4
10 3 2
3 10 4
8 1 4
2 4 3
1 4 7
7 2 8
5 1 3
3 2 8
8 7 7
9 6 3
5 7 7
10 6 3
7 2 6
9 1 4
8 9 2
10 2 10
3 3 9
9 7 7
NoWait times: 1
0
