n 50
m 3
cap 30
Processing
74 19 3
21 45 5
50 32 61
30 45 46
52 28 47
22 30 98
62 69 85
93 73 20
4 77 32
99 52 37
73 41 3
63 14 18
42 81 97
67 46 93
64 87 75
100 38 86
38 79 85
8 22 79
58 73 23
53 72 34
70 26 14
85 4 29
98 2 69
2 75 31
44 25 22
91 71 21
50 14 7
77 3 53
20 83 48
93 22 82
71 89 46
24 17 85
59 39 51
17 7 23
37 19 34
89 95 53
36 31 19
13 43 11
3 74 65
58 86 98
28 74 81
69 16 8
5 40 91
61 5 59
92 38 32
34 96 82
55 38 67
57 93 8
45 16 34
15 74 20
Size
8 10 9
1 8 10
6 6 4
5 4 1
4 7 9
3 7 2
7 8 10
3 3 5
4 2 2
9 3 9
7 9 7
2 6 7
10 6 10
9 10 2
5 5 7
5 9 3
8 8 9
8 5 9
7 10 6
6 9 1
5 7 9
1 6 10
10 6 3
10 10 1
7 7 7
8 10 5
1 3 2
4 3 2
10 8 3
8 9 10
6 4 6
6 8 3
8 8 3
2 4 9
10 3 10
1 1 1
10 4 7
4 5 4
9 1 8
6 1 9
2 10 5
1 9 5
1 6 10
4 4 2
9 9 7
5 8 10
2 7 2
9 4 7
9 6 3
2 6 2
NoWait times: 1
0
