n 50
m 3
cap 30
Processing
34 80 60
10 93 56
10 92 23
27 20 25
70 51 44
71 34 59
20 58 70
44 74 64
20 66 38
70 62 90
32 42 97
68 5 54
65 28 49
66 80 51
18 88 9
42 14 84
96 23 37
42 47 64
24 9 79
20 91 60
60 13 55
50 60 70
10 27 9
78 90 71
25 1 26
80 41 51
74 73 32
85 56 52
62 79 47
1 74 57
18 96 42
22 11 46
48 81 53
53 98 1
85 78 25
38 45 94
47 64 53
35 81 39
91 91 1
52 41 99
55 5 32
34 49 76
63 21 12
27 73 23
80 57 98
48 95 97
69 82 97
10 99 51
53 37 100
35 28 64
Size
9 9 8
7 3 5
1 8 6
10 10 1
2 7 7
1 8 1
7 2 5
4 10 6
3 10 1
8 3 5
3 9 9
9 10 2
1 5 1
4 9 8
4 7 7
3 3 10
6 6 10
7 6 7
3 10 4
1 7 7
3 1 2
2 8 8
1 6 8
7 3 4
7 4 4
3 3 10
2 9 1
10 6 3
1 4 7
6 10 6
7 3 1
3 6 1
8 10 10
8 10 4
6 1 3
8 10 6
1 10 9
5 8 5
2 7 4
4 3 2
3 2 1
5 5 7
5 10 9
10 3 8
6 7 6
8 7 10
5 10 2
4 7 2
9 3 9
5 6 6
NoWait times: 1
1
