n 50
m 3
cap 30
Processing
30 91 73
85 72 18
26 81 59
26 66 11
9 99 73
65 45 74
63 15 53
99 77 2
73 84 79
62 46 55
11 72 78
89 46 43
9 77 58
33 72 28
36 59 95
33 21 45
54 57 54
89 75 8
99 16 95
84 3 23
42 36 4
1 39 95
86 100 92
21 10 51
9 22 20
1 68 37
6 51 46
31 26 68
57 41 20
59 10 100
82 16 20
58 37 33
71 5 64
32 33 26
16 47 73
33 63 47
27 76 5
43 95 79
51 5 44
52 56 73
66 55 30
49 89 71
60 43 73
42 32 10
61 40 42
15 83 50
64 33 56
26 17 23
25 44 53
84 68 62
Size
3 4 7
6 7 3
8 8 1
1 8 9
10 9 8
6 2 10
8 3 7
9 4 6
5 2 7
3 7 9
8 1 3
2 7 1
8 4 8
10 8 3
1 1 3
1 4 10
6 4 10
2 7 6
2 5 9
8 6 3
7 2 7
8 10 7
9 9 2
9 6 6
4 7 10
6 9 2
9 5 9
1 4 10
9 7 1
4 6 1
9 1 5
1 2 6
5 8 8
8 2 9
4 4 6
2 1 4
3 9 3
3 10 2
2 8 2
6 5 3
4 9 6
8 6 1
4 9 4
9 8 3
8 3 7
8 3 4
3 3 9
3 8 5
5 10 1
8 10 8
NoWait times: 1
0
