n 50
m 3
cap 30
Processing
7 67 46
71 64 15
78 57 29
18 77 58
29 92 82
93 21 32
37 58 71
80 51 36
21 8 35
74 98 40
11 20 36
72 40 46
75 22 21
68 54 45
6 88 96
26 11 70
47 27 36
1 42 56
98 17 30
81 46 44
44 51 67
88 8 30
41 4 57
96 74 77
80 54 66
35 52 6
61 82 91
90 10 31
43 30 42
77 24 10
74 100 33
23 72 25
10 91 53
26 75 49
87 68 14
50 92 22
33 13 56
22 28 3
73 94 89
8 79 7
36 87 14
13 33 18
70 59 98
19 71 17
21 46 2
89 4 28
49 38 92
1 93 58
91 90 15
24 14 13
Size
9 8 3
7 7 1
5 7 6
3 8 3
1 4 9
10 8 1
10 10 9
3 10 5
1 4 3
5 7 9
9 4 3
2 7 1
7 5 10
1 6 5
8 5 10
9 5 3
1 7 9
6 2 1
10 5 6
2 2 1
7 5 3
6 4 7
2 5 3
6 6 4
4 5 7
7 4 3
9 9 4
7 7 5
6 9 9
7 2 9
7 6 9
10 6 1
7 6 9
5 1 8
2 9 9
2 5 7
2 2 2
4 8 2
9 3 6
1 2 2
1 2 6
10 9 1
4 8 3
10 9 5
7 9 10
9 2 2
1 6 8
6 4 8
7 4 8
4 4 3
NoWait times: 1
1
