n 50
m 3
cap 30
Processing
52 22 4
88 74 56
41 96 89
59 9 35
54 29 78
52 69 77
66 92 88
32 99 84
2 67 82
65 61 91
10 39 83
22 54 60
14 92 11
74 71 79
8 5 69
49 1 4
18 29 39
5 2 6
27 40 23
30 57 70
80 65 47
71 96 11
2 12 48
2 73 99
4 27 97
4 42 69
50 54 60
71 79 34
65 91 77
40 16 91
19 65 27
93 97 11
1 72 63
45 37 15
62 77 4
99 8 40
85 76 14
41 44 81
63 31 52
90 80 88
7 97 55
49 20 16
85 35 9
66 45 55
65 11 54
4 69 1
51 92 15
4 15 63
97 95 66
67 87 42
Size
6 8 8
5 5 6
10 1 6
3 6 7
6 1 8
9 10 4
4 9 2
2 9 8
5 1 1
3 10 3
5 10 7
9 6 1
4 9 10
2 9 3
6 3 7
2 2 8
10 2 10
2 3 5
6 9 4
5 6 1
3 3 6
8 9 7
4 9 10
6 3 6
8 4 6
2 10 5
5 10 1
5 3 6
6 6 4
1 10 6
8 5 5
5 2 1
7 9 6
4 7 1
9 9 4
5 5 6
8 9 9
9 9 9
4 8 2
4 7 5
7 2 2
1 8 7
7 1 2
9 3 8
10 10 2
10 10 5
5 6 3
5 4 4
3 3 5
5 3 3
NoWait times: 1
1
