n 50
m 3
cap 30
Processing
67 83 19
57 57 87
62 80 29
56 53 55
76 92 39
71 67 27
6 54 97
77 34 94
77 18 49
57 20 69
31 67 37
65 9 30
7 79 44
22 67 87
1 26 6
75 8 88
92 51 93
13 38 33
45 82 11
76 18 28
96 45 38
70 25 29
54 55 27
52 65 8
78 68 69
34 51 94
42 44 74
19 59 49
38 64 22
44 49 50
85 54 11
43 12 85
15 24 75
62 96 98
83 73 3
35 76 39
78 33 28
79 96 51
59 35 36
23 15 38
72 93 83
3 85 49
71 32 11
26 66 25
7 44 38
73 90 3
34 60 90
67 1 33
78 25 37
7 11 27
Size
8 6 10
5 1 9
5 3 3
4 9 6
6 6 1
9 7 8
8 10 2
4 2 7
5 8 4
8 10 8
9 8 10
10 5 6
3 7 10
9 7 1
5 10 6
5 8 7
10 6 9
6 5 7
10 6 7
6 3 2
3 4 5
2 8 6
6 6 9
9 7 1
4 3 6
10 5 4
1 6 4
5 8 7
1 3 1
6 9 3
6 1 2
4 9 1
10 2 2
3 6 2
7 2 3
4 8 10
4 1 7
4 4 9
4 6 6
5 3 6
8 6 5
4 4 7
1 10 2
8 5 5
8 5 1
8 3 7
5 9 4
9 4 6
3 4 9
2 5 9
NoWait times: 1
0
