n 50
m 3
cap 30
Processing
74 84 53
60 73 72
34 21 33
25 91 80
41 11 5
2 58 46
86 78 77
93 62 54
82 97 69
98 18 67
41 27 96
12 5 23
13 98 46
10 7 58
27 67 60
55 7 88
86 62 56
43 75 66
18 63 47
33 50 100
99 29 2
74 33 61
47 79 58
86 6 40
41 9 77
38 5 55
53 91 80
34 76 92
65 70 97
17 38 30
8 31 29
89 65 47
7 10 15
97 7 58
83 2 93
81 16 48
97 5 59
57 83 99
93 12 5
58 73 25
73 59 88
86 24 85
19 33 63
62 2 70
44 66 58
25 85 93
63 81 1
2 59 70
4 13 83
62 53 74
Size
8 5 5
10 7 5
8 2 3
2 6 8
1 7 1
3 6 4
7 2 10
5 9 6
3 2 10
6 2 9
2 1 9
1 5 1
1 1 5
3 8 5
9 8 8
7 6 1
1 8 10
1 3 10
10 6 1
10 10 1
6 4 8
1 3 10
5 7 3
1 4 6
7 9 4
6 5 2
6 4 7
1 2 3
3 5 7
6 3 5
6 3 2
1 2 6
10 10 2
1 1 7
2 10 1
3 10 5
5 3 5
4 3 7
3 2 9
1 2 3
2 6 3
7 5 9
8 6 4
2 7 5
10 4 5
9 10 9
2 4 1
7 1 10
10 2 6
4 6 5
NoWait times: 1
0
