n 50
m 3
cap 30
Processing
12 81 53
48 49 67
78 83 25
56 28 15
46 2 10
41 90 79
46 1 38
25 30 92
44 36 64
2 28 17
94 7 9
79 37 1
7 91 50
11 46 39
89 74 63
90 78 42
53 20 99
93 81 98
7 11 84
26 51 15
81 27 9
80 28 37
88 36 58
13 71 65
38 26 21
31 69 70
53 2 41
85 5 99
58 4 26
79 89 14
75 53 97
65 44 27
17 97 24
15 26 43
58 39 86
15 29 13
2 49 9
29 61 93
98 77 72
92 22 56
10 58 74
76 88 79
44 22 71
74 38 15
90 5 82
65 77 89
3 17 47
22 96 19
78 29 48
73 26 53
Size
8 8 6
10 5 2
5 9 4
6 4 5
3 7 6
7 10 3
3 5 4
3 6 3
8 4 9
7 4 10
7 6 6
9 9 7
5 6 2
3 2 6
5 2 9
10 7 3
9 8 9
1 1 5
1 8 9
3 9 1
4 6 1
7 8 8
8 8 10
9 8 2
4 6 7
5 8 5
9 10 9
8 8 6
5 2 1
7 7 9
1 9 9
8 7 5
5 6 4
3 10 10
2 1 6
9 4 2
3 9 1
9 3 9
5 1 5
7 7 2
8 8 8
9 6 7
10 4 10
6 7 1
3 7 3
6 1 6
7 3 9
4 3 6
3 2 9
4 3 8
NoWait times: 1
1
