n 50
m 3
cap 30
Processing
30 7 51
90 97 19
51 21 54
26 83 71
16 56 100
14 59 3
10 35 98
47 37 63
57 43 25
27 45 51
99 9 60
50 77 14
29 41 99
41 49 97
78 73 84
76 56 6
37 97 75
67 14 66
70 71 77
96 48 42
63 32 36
51 50 72
15 60 27
82 41 52
20 39 69
98 86 32
86 79 76
31 44 46
94 81 8
59 33 32
41 24 50
32 69 53
30 98 28
79 65 92
98 16 52
64 53 81
90 35 47
84 30 65
71 99 83
28 43 48
95 100 99
35 92 5
74 29 39
29 96 49
7 65 57
75 58 91
82 72 69
45 65 80
53 62 84
37 78 99
Size
5 8 4
9 4 1
10 4 7
8 8 4
5 2 10
6 7 8
3 1 6
1 8 1
9 6 5
7 6 9
1 3 2
3 9 6
9 5 1
1 5 1
1 2 8
7 4 9
3 7 7
9 7 8
4 1 9
7 4 5
6 4 1
3 10 3
8 9 8
3 10 8
7 1 8
5 7 1
3 10 1
5 3 6
10 5 5
4 1 1
7 5 1
10 9 1
2 1 9
8 8 6
6 5 7
5 5 10
2 3 9
9 5 4
10 9 2
8 6 2
5 6 5
8 6 8
7 7 7
8 6 5
2 6 7
2 10 4
7 5 4
7 4 5
5 4 8
9 6 4
NoWait times: 1
1
