n 50
m 3
cap 30
Processing
43 51 66
95 1 56
78 98 25
94 17 49
67 67 78
92 48 55
58 50 47
41 51 56
71 100 98
40 41 50
79 66 47
86 24 31
12 48 62
69 54 82
83 72 48
95 4 86
34 9 85
41 100 90
53 30 10
61 68 63
53 47 54
92 50 82
53 95 55
59 71 17
14 12 87
67 77 83
38 31 1
91 6 81
4 66 46
75 75 64
73 37 26
49 52 42
100 96 60
65 65 64
70 17 1
70 24 72
82 92 38
10 26 50
85 65 24
11 80 37
51 84 1
74 68 84
33 2 95
11 44 54
2 67 60
78 11 94
88 73 3
14 56 83
88 13 2
19 65 87
Size
7 10 8
3 6 8
4 2 6
6 1 4
6 7 4
10 3 2
2 2 5
8 1 6
8 2 9
10 5 9
5 1 4
8 3 9
4 6 2
9 8 3
9 8 8
3 8 9
10 5 5
1 5 8
2 2 3
5 8 5
8 3 3
1 7 1
5 5 10
8 3 9
4 9 8
5 1 8
5 9 4
1 10 9
10 3 1
5 6 4
2 1 9
7 1 7
7 6 7
1 8 8
9 3 3
2 3 8
3 8 2
5 6 4
5 4 2
3 7 5
8 3 8
9 8 9
9 10 1
6 10 7
10 7 8
2 6 5
2 7 5
4 2 5
7 10 6
3 9 3
NoWait times: 1
0
