n 50
m 3
cap 50
Processing
79 63 40
97 92 42
66 12 91
45 14 75
57 81 43
94 7 26
46 50 37
48 85 36
2 82 75
69 52 79
16 28 80
22 89 29
11 88 68
85 30 19
93 88 71
73 52 76
71 32 28
31 32 38
9 55 8
68 60 75
44 28 13
1 79 58
87 19 19
31 63 41
15 81 13
91 53 55
54 20 68
16 85 28
50 76 75
79 52 23
14 9 88
98 8 33
66 32 30
43 63 94
65 91 35
12 31 13
21 43 29
64 3 25
10 68 99
45 49 23
48 42 66
66 35 46
21 97 25
40 45 42
95 48 100
20 23 82
29 50 41
69 56 44
4 84 39
55 60 23
Size
8 7 7
7 7 1
7 8 3
1 6 9
5 2 7
5 2 4
7 8 5
9 2 7
7 6 5
6 4 3
6 1 9
8 10 3
9 6 10
3 3 4
6 7 4
5 5 9
2 1 6
2 1 6
2 3 7
6 7 7
1 9 8
9 6 6
9 6 10
7 4 9
7 10 5
6 3 7
2 7 9
5 3 3
2 2 3
1 10 10
5 3 6
8 4 6
2 6 7
1 7 9
6 2 5
3 6 7
1 4 9
8 8 5
5 7 2
8 3 10
2 5 4
9 8 3
5 10 7
6 10 9
7 9 10
10 1 8
9 10 6
8 7 3
7 2 1
7 8 8
NoWait times: 1
1
