n 50
m 3
cap 50
Processing
49 48 33
40 74 31
3 91 64
72 38 6
99 6 65
66 89 31
63 96 18
37 7 73
100 19 37
82 26 35
83 79 28
100 97 74
43 34 52
65 90 24
38 58 97
36 99 16
24 21 94
63 95 91
13 43 3
46 90 65
94 91 75
91 82 79
42 84 89
87 39 88
32 100 74
60 81 37
2 77 10
37 7 65
31 27 47
16 12 68
17 40 74
86 37 41
86 90 20
69 26 65
6 77 96
51 97 21
46 31 48
86 100 88
18 59 85
11 36 29
91 4 83
13 34 28
63 92 44
29 55 2
36 23 16
93 75 85
62 37 85
73 14 88
72 85 10
9 55 16
Size
10 8 8
6 5 3
5 1 6
4 8 1
5 1 10
9 8 8
7 1 4
8 6 7
10 10 4
2 10 5
8 2 9
5 6 9
1 8 10
7 10 6
5 3 8
9 7 4
6 8 1
1 8 3
1 5 10
8 5 6
5 3 3
10 6 1
3 6 7
9 2 7
1 10 9
4 3 1
2 3 8
1 4 9
10 8 6
8 8 3
5 9 5
4 3 2
3 2 2
6 8 8
5 4 6
10 1 1
4 9 3
4 3 2
7 4 8
5 2 1
1 4 1
3 7 5
2 1 6
4 1 7
7 8 7
9 2 4
7 5 6
2 1 5
6 5 5
8 7 4
NoWait times: 1
0
