n 50
m 3
cap 50
Processing
58 31 64
33 52 29
4 84 86
70 62 18
87 16 22
4 79 65
34 47 100
22 2 41
87 70 10
73 93 7
100 70 10
66 13 51
79 70 79
26 51 19
48 10 8
49 89 66
71 79 23
78 87 9
72 68 52
70 67 78
95 36 75
88 79 86
97 38 89
46 50 2
32 49 26
25 89 91
12 22 32
56 8 60
64 94 26
6 63 75
35 57 89
17 28 34
2 52 64
3 33 22
70 33 6
67 58 61
92 68 44
30 96 51
23 16 46
29 59 92
70 34 96
21 28 27
28 8 63
91 17 89
8 30 76
89 90 22
71 38 18
88 86 34
60 61 35
59 18 74
Size
10 1 5
9 7 4
2 9 7
2 2 10
1 6 3
7 8 9
4 5 2
4 1 1
10 7 6
1 3 8
1 5 10
10 1 4
1 2 8
7 4 7
3 9 2
4 10 2
1 8 4
2 3 6
8 7 3
7 6 3
3 4 5
6 2 10
6 6 10
9 2 8
5 9 9
4 9 7
4 8 7
9 9 4
3 6 6
6 2 3
6 8 9
3 7 2
6 1 6
9 3 1
1 9 4
9 9 3
3 9 2
2 5 3
5 3 7
4 1 10
10 6 7
1 2 10
10 6 5
9 7 10
4 9 3
7 10 5
7 4 10
5 5 6
5 5 3
10 4 3
NoWait times: 1
1
