n 50
m 3
cap 50
Processing
37 74 42
92 41 85
51 95 93
24 19 68
4 2 96
21 12 30
83 33 94
79 44 33
52 23 9
68 21 94
83 58 79
16 68 70
65 90 51
57 86 57
82 76 54
86 34 55
36 76 39
65 46 91
52 21 38
36 81 64
94 64 92
22 92 29
27 25 26
81 43 72
37 81 93
86 43 3
76 17 87
86 3 22
30 98 19
12 27 5
8 60 58
5 69 5
71 20 6
82 87 22
60 78 19
51 29 69
15 76 16
22 87 64
97 50 87
62 14 15
4 44 56
62 45 20
93 73 29
65 62 75
59 35 7
45 45 36
69 36 71
49 35 55
85 3 54
96 50 1
Size
2 1 8
6 6 3
2 8 5
5 10 6
7 8 9
2 8 7
9 10 9
1 4 8
2 5 9
2 10 2
10 2 2
4 9 2
7 4 4
5 7 7
10 3 10
10 7 9
7 3 1
7 4 6
7 6 10
9 4 10
5 4 6
6 9 4
8 2 1
6 1 4
8 9 9
10 7 6
8 6 3
5 6 1
10 7 9
6 7 3
4 10 3
6 4 10
7 8 5
5 6 2
6 6 8
4 2 6
7 1 5
7 8 9
8 4 6
5 1 1
5 6 8
3 4 5
4 5 4
6 3 9
5 2 10
3 7 10
8 7 4
3 4 10
10 9 1
2 4 9
NoWait times: 1
0
