n 50
m 3
cap 50
Processing
79 50 76
53 43 17
78 33 33
79 77 7
99 60 52
51 34 98
7 34 43
52 68 48
74 38 48
20 92 11
71 98 46
82 81 5
39 14 61
33 73 70
43 26 76
74 95 47
89 97 22
62 95 34
13 44 88
67 78 49
24 30 24
21 80 54
29 47 95
84 55 55
20 66 56
29 34 21
61 35 20
57 75 63
46 25 54
1 32 58
40 4 55
62 29 10
41 83 29
96 87 39
35 53 30
18 65 26
40 69 90
48 88 10
58 83 75
21 27 82
8 22 92
97 79 44
51 63 10
24 17 2
48 89 54
29 93 66
13 37 2
71 64 80
90 44 24
45 95 48
Size
7 5 10
4 6 2
5 9 1
6 8 4
5 10 7
7 6 4
1 8 2
5 6 5
5 8 10
5 3 7
10 3 5
5 2 6
10 2 8
9 1 2
5 1 6
2 5 1
9 9 9
3 4 10
3 3 10
7 10 6
8 6 8
3 4 9
5 7 4
5 10 1
3 10 9
3 4 10
2 3 9
3 5 4
9 9 7
10 7 2
4 5 7
5 6 1
5 9 3
5 8 1
6 6 9
1 3 8
3 1 1
2 5 2
5 8 2
1 2 3
10 5 3
9 2 5
6 10 1
6 2 1
5 4 6
4 2 10
5 3 10
10 10 4
4 6 8
5 2 4
NoWait times: 1
1
