n 50
m 3
cap 50
Processing
22 44 81
13 86 86
92 28 35
99 99 96
22 40 75
12 100 12
60 80 76
36 82 39
68 93 84
18 72 62
94 93 46
89 65 37
28 75 30
48 49 55
1 13 91
13 46 11
10 41 70
25 18 66
17 21 48
65 27 5
4 81 47
71 83 32
66 57 83
84 9 72
54 89 9
85 54 13
92 93 92
44 59 12
91 36 36
63 8 50
57 22 35
79 93 89
41 57 52
21 66 7
4 89 91
42 67 76
37 98 44
51 66 42
84 43 38
38 56 58
90 40 54
25 57 57
32 26 3
43 88 99
5 73 83
10 45 78
40 25 20
21 96 85
89 30 16
4 52 5
Size
8 8 9
4 7 3
3 8 1
8 10 4
2 8 10
4 6 6
2 3 3
8 4 10
9 8 8
6 5 10
3 8 10
1 8 4
1 8 9
9 6 2
8 7 3
2 3 9
10 6 2
8 7 2
6 8 9
4 3 4
4 1 2
4 1 5
1 6 2
6 8 2
1 6 2
6 1 2
5 9 5
3 3 2
5 3 4
4 7 9
1 10 9
10 7 5
8 9 6
6 7 3
9 7 7
5 1 6
7 5 2
2 10 8
3 1 2
10 4 8
1 1 7
2 9 9
3 6 2
8 8 2
4 8 4
10 1 9
5 4 8
7 8 7
6 2 7
3 1 2
NoWait times: 1
1
