n 50
m 3
cap 50
Processing
67 95 60
54 56 44
50 54 97
44 11 50
32 48 62
35 14 49
42 73 79
42 35 8
50 17 39
92 66 35
41 54 44
28 3 52
80 11 95
86 51 1
74 33 93
27 94 68
4 53 89
55 40 16
23 47 93
79 51 77
87 56 35
12 60 9
24 30 9
100 18 8
1 82 47
72 35 32
35 74 98
67 18 36
2 19 38
39 31 21
90 32 81
24 70 15
62 37 98
39 29 75
58 100 49
65 79 96
86 79 76
7 58 57
29 36 41
61 97 22
44 74 71
53 4 13
38 67 63
23 31 62
40 27 75
31 52 91
52 79 6
21 11 98
82 35 1
28 94 40
Size
8 8 2
10 4 4
3 8 10
5 7 2
9 5 7
6 4 8
3 4 5
2 4 4
8 10 6
10 6 4
9 7 6
4 7 5
5 10 10
4 6 5
9 6 9
7 10 10
8 9 7
5 6 2
4 7 10
10 4 10
10 9 7
9 9 4
2 6 8
3 3 3
8 6 9
3 2 7
3 9 7
8 3 2
5 1 8
9 4 5
6 2 5
9 9 6
9 5 5
2 7 9
5 2 3
9 5 3
8 5 1
9 3 7
6 8 4
2 3 2
5 7 7
4 7 3
7 8 6
8 10 5
2 2 7
6 5 6
9 6 6
6 4 2
8 8 9
3 10 4
NoWait times: 1
0
