n 50
m 3
cap 50
Processing
83 81 43
91 33 94
89 8 76
73 93 82
96 19 39
77 32 21
89 94 29
90 81 85
5 33 14
77 94 4
48 10 81
27 25 87
85 33 96
24 34 7
85 40 69
6 82 38
65 89 20
3 1 43
79 47 22
74 3 31
23 7 87
3 4 24
60 38 29
36 48 38
44 78 80
40 38 49
41 40 27
92 57 9
4 70 47
37 84 61
9 12 9
1 43 87
5 38 73
12 63 6
37 95 12
39 21 26
13 58 28
76 20 95
70 68 78
61 36 69
37 26 69
68 70 100
87 73 15
86 11 61
10 72 81
88 43 4
59 79 91
23 61 58
75 25 62
36 32 8
Size
3 6 3
10 2 5
4 4 2
2 3 5
6 6 3
9 8 3
2 4 6
2 3 2
6 1 3
4 7 7
3 9 8
7 2 9
4 3 7
6 6 1
8 9 7
1 10 5
1 7 9
8 3 4
4 2 8
9 3 4
10 3 10
7 8 8
9 5 7
2 3 7
5 6 1
8 1 8
6 5 8
9 9 4
9 4 9
1 1 4
3 9 1
7 9 7
8 1 6
8 10 5
6 2 4
2 1 2
1 2 8
8 2 6
1 6 9
8 2 9
1 5 8
7 8 3
2 9 4
8 3 9
10 8 3
5 5 8
7 4 4
10 7 10
5 2 1
2 6 9
NoWait times: 1
1
