n 50
m 3
cap 50
Processing
21 95 93
77 54 56
19 77 47
36 37 99
69 40 81
91 78 67
100 40 48
22 44 56
31 57 55
1 24 57
81 73 41
2 46 30
67 39 47
13 70 83
70 86 17
85 3 41
62 43 18
38 88 45
59 89 8
48 10 4
25 74 93
95 90 76
8 55 22
49 88 33
57 44 40
77 95 94
47 15 68
44 10 94
89 60 23
20 15 14
44 32 21
1 62 17
96 83 64
24 62 3
12 50 45
24 32 6
52 90 96
22 45 93
65 27 65
63 16 75
70 87 87
29 59 33
42 19 91
96 93 56
79 55 97
37 3 60
77 20 73
47 1 90
70 85 100
52 98 64
Size
4 3 10
4 9 7
8 3 4
7 1 1
10 7 10
3 9 2
7 10 4
9 3 2
2 3 10
7 7 4
8 8 10
10 2 1
1 2 5
3 5 7
9 1 3
3 9 2
3 5 4
4 4 6
9 9 9
8 9 9
9 10 3
10 6 6
9 8 2
5 8 3
5 9 3
7 7 5
8 2 10
3 6 4
10 3 5
9 2 2
3 10 1
3 7 3
8 8 6
9 2 3
2 9 5
6 1 3
1 9 9
1 4 4
3 3 9
10 2 4
6 9 5
6 9 4
4 4 2
2 1 7
4 9 8
1 8 7
5 6 5
9 3 5
9 5 9
6 1 1
NoWait times: 1
0
