n 50
m 3
cap 50
Processing
48 21 50
24 39 74
79 55 19
93 12 35
72 81 22
27 53 2
30 23 29
31 39 56
70 8 42
65 4 32
13 35 78
31 88 14
93 33 96
74 4 69
94 83 47
78 90 33
74 42 8
12 66 14
93 88 59
95 49 98
17 2 16
63 38 75
29 20 39
49 90 79
48 9 32
61 63 66
82 19 46
19 57 89
1 37 64
38 47 67
40 13 17
79 30 32
8 34 25
31 48 41
65 91 66
85 74 46
23 100 1
56 74 88
45 9 63
8 93 69
31 51 64
29 78 19
68 36 20
44 87 78
83 20 12
37 100 50
2 77 28
85 93 23
97 31 92
87 37 15
Size
9 3 1
3 5 5
3 4 5
6 2 9
6 3 7
8 9 10
5 6 8
10 8 7
1 10 7
2 6 4
4 4 7
8 9 5
4 2 2
4 10 8
3 9 1
7 1 10
2 9 5
4 5 10
10 6 4
10 3 2
8 8 7
5 1 3
6 7 9
7 3 5
5 8 4
1 7 10
7 7 10
5 9 6
5 3 3
1 5 7
9 5 5
2 1 9
4 4 1
4 1 6
5 8 5
10 8 5
1 4 3
10 5 4
1 9 7
6 8 3
3 4 4
7 4 1
9 7 6
10 1 5
3 6 10
4 9 4
8 2 3
9 3 9
10 4 9
10 5 7
NoWait times: 1
1
