n 50
m 5
cap 10
Processing
98 60 18 5 34
72 70 5 42 73
83 35 79 1 34
38 22 81 15 19
72 28 30 35 80
91 2 54 3 47
10 63 17 74 23
9 55 74 52 41
7 30 78 38 75
12 32 70 98 52
29 46 23 11 56
28 79 79 14 91
84 27 6 15 4
1 44 5 77 90
67 77 27 64 6
78 32 83 46 15
69 51 54 51 37
72 50 7 62 12
46 22 93 73 30
74 93 68 94 86
36 68 18 69 79
44 95 56 36 46
93 68 72 80 25
1 45 37 74 4
91 19 46 84 76
82 12 34 76 73
41 77 57 72 15
83 62 4 27 50
83 83 63 32 50
92 97 66 4 84
49 78 81 18 45
76 31 35 89 48
89 76 52 56 91
55 84 78 25 72
72 33 100 76 64
71 4 78 40 12
29 52 10 56 54
60 91 59 30 65
62 63 39 42 60
88 66 80 17 7
41 25 11 25 34
58 42 35 34 73
99 10 89 9 12
31 56 71 80 34
32 8 88 64 6
29 26 76 68 11
74 86 19 10 14
55 4 77 43 14
15 76 46 68 50
57 54 71 64 34
Size
10 3 9 10 3
3 6 4 10 5
5 3 5 6 8
8 5 3 7 4
10 8 8 6 9
5 3 9 9 4
10 1 1 1 8
5 6 8 7 9
7 7 8 10 2
8 1 1 2 9
6 5 6 10 4
8 6 7 8 4
3 8 7 9 5
1 10 7 10 10
7 5 8 6 8
2 9 5 4 10
3 6 3 6 10
8 1 7 7 3
4 2 1 7 4
6 9 7 10 9
3 6 4 4 3
5 1 6 10 5
7 2 2 3 2
1 5 8 1 5
6 4 10 9 6
10 2 8 5 10
3 1 1 8 10
2 3 9 1 4
4 7 1 8 5
10 1 3 10 9
4 7 6 4 5
4 10 1 6 3
7 4 10 1 8
5 1 4 7 2
4 7 7 6 10
1 7 5 3 8
2 8 7 8 7
2 8 8 1 7
10 8 4 8 2
10 10 4 3 8
1 8 2 1 4
7 6 10 3 5
6 8 1 6 6
1 7 1 7 10
5 1 10 6 2
7 4 6 6 2
2 4 5 2 10
3 10 1 8 6
8 1 5 9 10
6 3 6 4 4
NoWait times: 2
1 3
