n 50
m 5
cap 10
Processing
75 57 30 85 92
85 18 92 17 48
7 84 15 33 85
82 31 87 8 68
29 44 25 97 9
20 1 77 97 74
32 10 21 58 98
68 2 83 68 13
95 93 24 81 82
90 94 38 27 26
98 50 16 78 34
10 35 66 50 59
95 59 90 97 87
61 64 87 98 36
68 60 47 27 10
36 10 94 70 22
16 44 88 45 83
24 45 34 8 95
85 18 21 20 12
15 91 10 6 100
66 99 2 42 33
20 5 13 66 34
68 39 12 90 30
44 45 24 65 64
67 44 56 52 89
67 71 90 72 68
25 88 96 43 10
69 21 87 100 53
77 31 26 39 31
91 10 53 36 50
77 13 54 31 20
65 10 78 48 73
33 68 10 86 98
99 71 34 69 36
91 69 16 89 23
17 19 79 71 8
69 25 7 75 62
70 15 24 36 5
74 37 14 45 12
54 79 17 100 15
75 36 23 92 93
69 15 92 7 100
43 31 12 43 17
41 23 26 57 75
40 54 95 86 83
8 81 87 31 3
59 57 52 4 66
65 49 26 84 23
75 26 30 90 60
35 16 88 100 66
Size
9 5 8 9 6
7 9 5 8 3
9 5 3 8 6
3 3 1 1 10
7 10 2 1 7
4 9 2 7 6
1 2 2 7 10
9 10 3 2 7
2 7 7 10 9
4 8 7 6 2
8 6 9 3 1
7 10 1 10 4
3 3 6 2 3
5 4 5 8 2
8 7 7 2 8
9 9 5 10 7
9 5 7 4 4
7 6 9 1 3
6 10 3 3 4
7 2 3 5 2
2 2 5 10 1
7 9 5 4 9
2 8 2 9 10
3 3 5 8 4
3 7 8 8 5
3 5 3 2 8
4 4 10 2 1
9 3 5 10 3
2 1 9 5 2
4 7 6 3 10
4 1 1 5 1
1 3 1 7 9
6 1 7 5 1
3 2 10 2 9
6 6 3 6 8
5 9 10 2 6
9 10 8 8 3
3 10 5 7 7
5 2 9 7 5
1 5 3 6 7
7 7 1 10 4
5 1 1 2 10
2 8 9 6 6
10 6 9 5 4
1 9 3 3 2
8 7 2 1 4
2 9 5 10 6
4 1 1 6 7
4 3 6 9 10
3 2 2 10 2
NoWait times: 2
1 2
