n 50
m 5
cap 10
Processing
23 50 29 39 90
46 59 14 35 76
97 58 45 84 50
21 97 20 18 96
99 4 13 35 73
57 95 67 66 26
56 19 74 76 98
23 95 22 21 59
31 72 93 41 65
91 23 68 43 82
49 72 22 33 94
58 31 92 64 27
26 6 86 56 64
48 46 52 90 87
65 61 50 19 2
26 97 12 9 49
89 1 69 68 70
83 56 53 72 21
65 42 7 63 95
18 47 49 41 71
43 84 80 92 44
9 54 91 16 19
9 90 77 5 2
23 52 62 41 53
43 90 37 63 65
29 29 71 77 7
34 57 96 80 18
73 15 50 12 83
58 95 30 35 13
64 74 10 31 40
11 95 18 14 47
75 96 74 79 36
13 42 92 49 86
1 16 38 62 38
20 26 68 80 8
44 27 91 13 58
12 27 47 55 1
67 1 5 94 99
59 41 7 11 97
48 32 24 91 48
5 67 43 17 31
70 89 41 94 32
15 89 30 23 85
14 87 3 69 17
36 85 15 96 44
86 50 92 26 58
25 48 37 24 99
68 35 26 1 42
32 12 65 51 45
70 55 70 17 26
Size
9 5 7 8 5
9 9 3 1 7
7 8 2 6 1
6 6 6 9 10
8 9 6 7 7
3 2 4 3 7
3 2 1 6 6
2 4 5 3 5
10 3 2 7 6
4 6 5 7 4
2 1 2 10 5
3 3 1 2 4
10 6 7 9 5
2 8 3 3 6
3 8 3 3 1
6 5 1 6 2
3 10 3 5 5
1 2 2 10 2
4 3 7 6 4
3 1 1 7 1
4 6 8 8 3
10 9 1 3 2
7 2 10 7 1
4 10 10 4 8
7 10 5 5 6
1 3 3 3 2
6 7 2 6 9
4 10 1 7 6
4 9 1 7 5
6 6 9 6 7
3 4 8 1 7
7 7 3 5 1
8 10 3 7 8
3 6 10 3 2
4 4 8 4 7
5 4 2 1 4
7 3 1 9 8
3 6 1 6 5
7 10 8 2 1
2 3 8 8 3
5 3 9 5 6
3 4 5 3 10
5 5 1 6 6
2 8 2 7 7
5 3 7 7 2
4 1 6 5 2
2 2 2 10 8
2 10 5 7 10
4 5 7 10 4
5 8 10 8 3
NoWait times: 2
0 3
