n 50
m 5
cap 10
Processing
18 59 82 42 85
74 36 69 74 19
30 39 99 16 79
57 10 93 96 74
7 85 97 44 78
62 63 88 50 29
13 10 72 33 30
72 30 29 42 78
75 37 17 5 6
63 43 85 3 99
99 79 13 58 23
16 27 6 86 12
49 46 61 59 88
98 62 25 59 96
15 53 85 36 78
87 13 64 52 39
40 56 76 10 63
97 71 38 68 58
68 94 3 15 85
50 16 49 98 23
5 66 46 4 91
73 28 64 55 39
47 94 96 58 77
55 56 73 55 5
41 75 25 81 86
47 7 44 17 11
76 6 24 9 37
75 96 48 91 52
79 98 31 23 97
86 94 97 57 100
50 75 12 75 10
16 69 80 62 2
77 80 49 90 64
20 6 91 14 70
53 46 62 98 55
100 3 33 5 13
89 7 49 57 9
49 100 77 99 79
90 62 7 95 27
54 17 49 38 1
18 6 100 83 98
3 8 67 47 18
45 5 29 10 93
73 33 70 33 95
16 55 38 48 100
74 86 82 15 61
82 91 20 4 18
75 64 80 97 48
10 33 9 85 68
20 90 82 29 71
Size
1 4 8 4 10
7 10 9 7 5
7 6 8 6 8
10 9 2 2 10
5 9 2 3 7
4 1 9 3 9
3 8 7 7 10
3 1 1 3 5
7 2 1 10 8
3 4 6 4 5
5 9 9 9 7
3 3 6 2 4
10 10 1 2 9
4 5 6 4 3
2 7 10 10 7
5 5 4 5 8
3 4 8 2 2
9 2 6 5 8
10 1 10 4 4
8 6 2 7 4
6 10 7 9 1
1 4 7 9 7
9 1 6 9 7
9 1 10 9 2
4 7 7 3 9
9 5 3 8 4
1 4 2 4 3
6 1 4 2 3
4 10 10 7 4
3 3 3 4 2
3 7 1 10 10
8 5 2 4 7
7 7 3 2 9
4 1 6 7 6
5 8 7 2 3
1 10 10 5 8
1 6 8 7 2
7 7 10 8 9
5 1 2 8 7
4 5 8 9 10
7 6 3 8 4
8 6 5 1 6
6 5 9 9 1
6 1 1 1 6
7 4 10 9 6
7 6 10 8 9
6 5 1 4 7
7 10 9 10 9
7 5 10 6 5
4 9 1 6 9
NoWait times: 2
0 2
