n 50
m 5
cap 10
Processing
16 16 14 7 8
2 91 95 27 6
26 75 79 28 19
53 97 39 34 65
77 28 17 35 12
63 82 4 44 90
88 50 82 62 86
19 99 25 26 22
42 80 15 7 76
49 25 29 80 39
26 52 5 30 36
100 61 40 3 1
28 33 62 81 84
16 86 70 18 19
13 19 84 59 15
18 86 48 83 34
72 51 91 63 84
98 66 89 64 13
37 78 1 57 86
87 68 32 11 55
38 63 76 67 63
48 65 92 24 91
1 60 93 1 71
3 95 17 74 97
64 64 80 71 18
4 77 82 50 29
93 24 83 18 71
4 16 60 3 65
75 18 55 93 21
38 99 81 68 38
13 8 12 7 94
94 38 55 5 49
24 60 99 75 76
44 66 57 28 8
74 45 80 2 33
88 28 41 76 70
57 89 42 77 92
11 68 76 63 78
47 83 85 78 93
46 36 50 47 69
16 62 46 78 53
68 34 97 77 2
56 51 53 48 96
2 97 17 63 27
17 87 35 81 75
14 75 43 69 58
16 5 94 91 6
49 23 95 57 10
66 65 84 40 79
18 94 57 88 81
Size
6 3 6 4 8
1 2 6 9 1
5 7 4 5 4
10 3 7 1 8
5 7 10 4 6
2 8 7 5 2
5 2 6 9 5
2 5 6 4 2
10 9 8 3 5
9 6 1 4 2
9 10 2 9 10
10 7 10 10 10
5 1 9 5 7
4 10 2 2 4
10 7 6 1 5
5 10 6 8 10
5 8 9 1 6
10 4 8 8 7
10 2 10 8 6
7 8 8 8 8
6 6 4 1 6
10 2 7 2 7
9 8 7 5 5
9 5 10 2 9
1 5 3 6 10
3 2 4 4 10
2 10 4 2 5
10 5 9 3 8
9 7 8 6 7
10 8 1 1 4
2 8 2 5 6
8 2 5 6 2
9 9 4 2 4
7 5 3 8 1
6 10 2 1 2
5 9 3 3 10
4 3 10 5 7
9 3 8 1 6
9 4 9 8 10
3 10 3 3 6
9 10 9 2 2
6 6 5 1 9
2 1 8 1 7
7 10 2 6 5
7 4 4 7 10
7 4 7 5 5
2 4 7 7 6
1 3 9 3 5
9 5 4 2 10
9 6 10 6 6
NoWait times: 2
1 2
