n 50
m 5
cap 10
Processing
73 75 13 66 59
99 28 45 17 9
100 74 23 74 26
76 91 29 5 90
65 55 17 29 98
68 21 2 2 61
31 79 46 58 40
65 6 46 49 8
14 31 86 52 31
82 29 52 24 100
88 20 64 80 54
46 38 24 28 9
84 48 27 97 89
44 70 81 76 72
72 100 81 4 21
94 58 45 62 72
62 4 47 42 26
68 75 34 66 31
71 25 60 92 55
58 36 3 95 20
1 100 73 46 27
75 23 73 77 15
36 5 37 54 70
90 88 49 24 97
46 52 78 88 63
62 91 11 95 47
87 97 95 4 77
75 18 28 57 13
11 65 8 1 74
46 85 21 78 23
91 29 22 12 70
63 48 1 12 36
91 61 68 22 71
5 83 33 38 92
80 96 40 30 6
43 84 54 60 24
85 8 46 22 37
17 20 24 48 56
31 19 51 73 64
27 9 85 15 92
84 39 68 99 41
95 30 56 72 58
20 28 13 43 32
86 88 34 76 78
12 70 22 99 17
93 12 41 55 79
92 20 6 73 82
64 20 18 14 66
60 79 45 85 58
74 46 22 100 69
Size
4 9 10 8 5
5 8 7 4 9
3 2 7 3 10
8 5 9 6 5
4 3 7 9 7
5 1 2 9 5
10 10 8 2 1
10 4 8 10 9
3 2 8 5 9
2 4 1 2 5
6 3 1 5 9
10 5 4 10 7
5 8 6 6 10
10 2 4 7 3
6 5 2 9 2
4 4 2 7 3
8 9 9 1 3
6 5 1 4 3
5 5 10 5 5
5 1 1 2 4
1 1 3 6 4
2 6 2 6 10
2 5 1 5 4
3 5 10 8 3
1 1 9 3 6
5 10 6 10 9
7 9 5 8 4
6 5 10 5 3
7 8 7 9 8
8 9 9 5 9
3 1 6 2 1
7 5 3 8 9
7 1 7 5 5
1 7 6 3 8
9 10 5 3 5
3 7 7 5 10
5 5 8 7 7
1 10 10 2 10
7 4 5 5 6
6 5 1 1 3
7 6 7 1 1
4 6 2 10 2
4 10 4 1 4
10 7 1 7 3
1 7 7 8 1
9 5 6 6 8
2 10 9 8 1
8 7 4 4 1
9 5 7 6 1
3 5 10 5 1
NoWait times: 2
0 3
