n 50
m 5
cap 10
Processing
73 25 51 75 8
16 73 44 45 89
30 51 91 18 90
87 69 94 54 50
73 61 7 43 78
3 95 45 53 61
86 69 68 56 52
41 39 46 33 20
95 80 42 30 3
39 66 21 29 44
27 37 75 4 70
12 41 58 52 2
47 49 86 18 99
40 34 35 50 22
18 6 67 46 65
63 45 68 31 65
53 33 46 1 89
53 54 69 13 76
1 3 80 100 4
50 75 8 63 32
33 68 26 28 66
7 6 92 20 55
76 16 100 83 15
30 66 79 6 54
58 88 62 60 23
72 92 63 40 22
38 98 96 10 14
56 22 3 43 66
13 48 52 80 26
32 5 96 83 42
60 52 35 64 10
34 48 28 100 11
40 14 65 31 93
56 75 19 6 40
56 69 17 98 27
14 36 5 55 50
3 94 48 11 96
37 33 25 86 23
81 74 34 79 33
72 73 13 55 91
30 35 74 29 38
100 66 15 51 98
95 67 40 38 57
40 63 72 25 81
73 49 87 57 28
17 71 91 47 27
6 2 44 45 26
54 18 37 7 81
24 92 23 22 69
97 40 85 90 61
Size
6 7 5 10 6
5 5 8 8 7
9 7 8 6 6
3 1 8 4 9
1 3 7 2 10
7 1 6 2 1
5 1 5 6 2
5 2 9 3 1
8 10 8 7 1
8 6 2 5 10
1 7 6 4 7
6 1 8 7 3
5 8 8 4 3
2 2 9 4 5
9 6 7 3 8
10 7 10 7 2
4 1 1 2 10
8 8 3 3 3
8 1 1 5 1
6 9 2 4 7
2 6 9 6 2
3 6 8 1 4
3 9 10 2 1
5 9 4 1 1
3 8 2 1 7
9 1 3 7 10
6 7 9 3 8
8 2 5 3 7
9 8 2 9 7
8 9 10 6 5
4 4 8 6 9
10 6 6 8 9
2 6 3 10 9
5 5 2 3 3
8 5 3 7 1
3 1 5 5 6
3 1 1 1 6
3 10 2 3 4
1 10 6 8 2
6 5 8 1 9
8 4 10 9 10
10 5 10 6 4
2 1 8 4 5
8 9 10 9 5
3 9 6 3 3
2 8 5 10 8
6 2 6 3 6
8 3 7 6 8
2 10 8 10 9
4 2 7 10 9
NoWait times: 2
0 3
