n 50
m 5
cap 10
Processing
55 38 40 18 67
53 20 69 61 12
69 19 91 99 85
40 99 91 85 26
60 5 71 85 69
16 71 31 26 6
94 19 59 38 68
49 26 30 88 96
91 59 88 95 70
30 51 80 73 17
23 40 25 16 27
41 29 34 84 4
27 46 90 58 74
82 35 63 71 94
23 12 10 51 98
85 51 10 72 49
36 93 5 81 78
55 26 23 33 18
19 55 49 56 36
42 1 26 30 72
30 44 86 47 36
91 41 9 19 19
6 61 91 56 18
54 92 1 96 72
42 14 64 52 25
35 86 23 80 3
76 37 93 82 44
68 67 38 14 28
1 31 60 94 88
23 18 50 78 34
62 69 11 75 93
58 50 52 88 41
99 97 38 27 40
93 43 29 56 47
95 1 91 59 27
55 30 57 19 5
29 71 69 78 6
5 90 55 45 43
73 61 71 27 56
34 46 27 60 1
86 90 63 54 55
25 10 57 32 25
65 9 2 4 17
74 8 83 8 38
75 80 66 80 14
57 11 90 44 7
93 23 24 73 60
31 4 25 52 85
20 19 82 29 99
24 88 73 77 65
Size
4 6 5 5 6
6 5 10 9 2
2 1 3 9 5
7 1 4 10 6
3 3 4 3 5
7 2 2 6 6
5 9 8 8 2
6 8 10 1 7
8 9 5 1 5
3 4 5 7 5
4 10 5 2 9
5 10 2 7 9
3 7 7 9 7
10 3 5 5 2
1 7 1 5 2
7 3 10 5 5
4 8 1 5 10
8 6 4 6 8
2 4 3 2 6
1 2 8 6 2
3 10 8 2 4
9 6 7 10 5
7 8 1 4 2
9 8 2 7 10
8 1 5 1 8
3 9 10 8 6
10 6 9 1 9
2 2 5 7 7
5 10 4 4 8
2 1 2 5 7
1 5 1 4 7
4 9 7 6 3
7 9 5 7 2
3 10 6 7 5
8 1 2 5 3
9 3 1 10 5
8 9 8 7 1
6 9 10 7 2
6 10 4 5 3
1 8 6 6 6
9 3 9 1 6
1 2 6 5 4
4 5 4 9 10
7 6 1 3 5
10 6 2 2 9
2 8 10 5 1
2 3 1 4 3
9 6 1 5 2
10 5 5 5 8
7 10 4 1 3
NoWait times: 2
0 2
