n 50
m 5
cap 10
Processing
74 44 3 42 17
3 83 51 47 41
45 15 90 43 54
24 63 34 74 73
37 88 61 50 83
26 8 62 39 31
51 14 69 80 17
73 71 39 16 70
23 67 74 65 17
1 22 34 56 71
48 77 9 20 4
62 43 2 29 59
5 95 22 22 72
55 51 69 48 29
15 19 12 7 35
40 53 9 27 23
60 98 78 66 18
38 87 35 67 76
85 19 6 82 50
89 89 9 38 85
85 62 45 51 63
99 35 49 92 77
7 75 73 81 41
67 85 55 2 94
45 86 82 21 12
58 3 7 47 3
63 17 47 21 98
7 83 70 83 20
22 74 28 65 88
53 28 99 45 19
85 60 9 8 49
29 60 77 79 94
77 86 19 48 79
11 62 63 59 76
71 12 37 69 33
33 18 36 91 42
29 31 25 72 98
45 65 72 93 39
25 62 69 42 3
68 74 26 40 46
2 50 36 67 91
95 3 64 48 76
70 56 96 36 47
47 78 7 41 62
14 70 94 63 48
53 14 79 3 6
41 90 83 72 8
43 15 37 95 22
63 76 69 61 30
94 56 70 40 54
Size
10 5 10 8 5
9 4 4 3 4
5 5 1 8 9
5 10 10 7 10
7 5 8 1 4
4 2 2 1 3
9 10 3 7 3
5 9 5 4 1
2 4 2 1 6
4 10 4 3 8
5 8 10 4 8
6 10 4 10 6
8 3 8 6 9
2 1 4 6 8
10 1 5 3 1
6 8 3 2 4
9 7 6 3 3
4 8 8 7 5
8 10 10 1 6
7 5 7 7 8
7 8 8 7 5
9 6 3 9 9
4 7 7 8 8
10 7 10 9 8
3 4 3 3 8
2 1 6 7 7
9 2 8 5 1
8 9 2 5 3
1 9 8 4 4
8 3 9 1 4
3 9 8 4 2
5 9 7 2 2
1 4 7 3 4
3 10 8 10 8
5 10 4 3 8
9 9 3 9 3
6 4 10 4 10
9 8 3 2 1
9 7 4 1 7
9 10 4 4 3
8 1 5 8 1
7 6 1 2 2
3 5 4 1 5
8 1 5 7 6
10 7 6 6 2
3 10 9 2 10
6 8 10 2 3
2 6 3 10 4
9 7 7 8 7
3 3 4 2 3
NoWait times: 2
0 2
