n 50
m 5
cap 10
Processing
26 39 43 71 62
90 43 20 36 3
70 16 87 81 63
37 99 39 9 55
85 78 40 8 37
75 46 99 38 63
47 61 23 50 16
28 41 36 40 33
52 95 92 40 52
46 30 63 27 27
46 81 3 60 9
33 90 66 5 9
92 73 38 96 59
20 56 79 74 20
96 48 74 55 9
23 78 59 32 74
4 62 25 24 62
27 97 90 24 100
49 88 57 79 77
82 42 75 17 12
95 10 90 28 52
29 79 87 49 14
82 7 74 5 28
52 50 68 78 78
16 86 95 13 66
42 95 59 100 32
94 99 35 33 23
68 21 91 41 92
46 51 2 1 66
63 18 83 68 51
59 35 20 62 41
1 80 100 50 93
31 61 100 25 24
23 1 61 22 73
9 7 28 71 52
45 59 69 8 31
8 51 17 95 61
6 75 56 12 63
46 41 85 36 37
9 23 74 30 97
60 69 1 23 63
38 87 40 34 39
73 64 98 51 46
20 61 30 66 15
72 81 24 24 24
10 100 34 65 59
36 2 71 54 22
27 75 60 36 36
94 53 47 15 73
92 25 99 39 23
Size
3 3 6 1 3
2 5 4 9 5
4 4 1 6 6
3 7 3 9 8
10 8 10 10 2
8 5 5 5 3
2 10 7 8 8
5 4 4 8 5
1 9 6 8 8
8 9 9 2 4
9 4 10 3 1
4 10 1 8 2
4 2 10 5 10
4 8 5 2 2
5 1 3 6 7
10 4 8 7 2
5 7 6 9 9
7 7 7 2 7
9 1 9 3 2
1 7 10 5 1
8 3 8 3 9
7 2 1 9 4
3 6 6 3 8
8 7 6 7 5
4 10 1 1 9
5 6 2 3 8
9 1 2 8 2
8 2 3 3 6
10 6 5 3 7
3 6 7 8 2
5 4 7 1 6
2 3 1 2 2
1 6 2 3 8
9 7 5 9 8
2 7 2 7 10
10 7 10 8 5
2 5 6 2 1
2 10 1 5 5
3 1 9 2 2
5 6 2 2 10
9 4 5 6 2
4 6 4 9 4
1 8 1 10 10
6 8 10 3 10
1 6 5 2 1
4 8 8 9 2
9 8 8 4 5
10 4 1 9 10
2 3 6 8 10
5 9 10 2 1
NoWait times: 2
2 3
