n 50
m 5
cap 20
Processing
8 67 3 84 12
85 48 44 22 87
11 14 87 46 85
1 98 59 11 50
56 46 1 54 60
43 43 90 1 31
55 17 35 23 24
23 17 72 33 60
1 69 7 29 29
75 9 98 72 6
97 53 43 48 26
2 65 49 59 58
55 34 60 81 67
9 48 50 64 10
2 76 41 62 7
68 40 36 60 67
37 50 95 77 14
82 36 45 67 63
73 70 63 2 35
66 35 20 26 24
63 55 57 4 90
99 92 56 2 38
25 2 15 31 13
76 81 21 50 1
94 94 56 14 88
38 59 18 2 10
58 35 90 70 64
8 68 70 45 38
82 65 27 45 62
45 52 29 15 21
30 66 9 13 79
93 84 6 65 55
96 15 43 74 15
52 81 80 43 30
64 60 89 30 19
87 49 51 93 70
48 43 8 86 71
71 36 43 18 11
5 97 33 53 78
75 23 88 61 15
67 35 30 36 62
71 20 36 59 50
64 14 92 67 12
22 44 7 73 65
59 56 77 48 6
61 36 18 62 29
85 84 32 59 91
57 47 74 85 30
16 43 97 4 49
86 85 53 54 26
Size
6 6 9 4 6
2 10 5 3 10
5 10 4 3 2
3 5 7 10 8
10 1 2 7 3
9 4 3 3 4
7 3 1 2 6
5 8 2 6 1
8 8 5 5 2
7 5 5 1 4
2 3 7 4 4
4 7 3 9 1
5 3 4 9 3
3 2 1 8 10
9 2 5 1 3
3 3 1 5 10
6 8 2 8 1
5 8 7 6 4
8 9 2 3 8
7 7 3 1 6
10 8 2 6 10
10 7 3 9 2
9 4 8 7 7
2 4 3 2 5
6 3 7 3 8
7 8 4 1 3
3 5 3 5 3
10 10 3 5 1
2 4 10 1 2
10 8 3 4 6
1 10 8 8 6
6 1 5 2 3
2 6 10 4 2
3 5 9 9 4
4 7 2 2 5
10 1 2 1 8
8 5 8 10 9
7 5 5 8 4
8 10 6 1 10
6 8 8 4 9
9 1 6 9 4
6 7 10 7 10
9 6 3 1 5
10 9 5 6 2
8 2 5 5 7
8 9 5 5 9
6 7 10 5 7
8 3 3 9 8
9 10 5 2 4
8 9 5 5 4
NoWait times: 2
0 2
