n 50
m 5
cap 20
Processing
73 98 59 15 100
15 41 46 92 31
14 33 48 41 44
41 10 62 95 37
37 79 84 54 48
22 55 67 18 32
25 6 7 20 10
55 15 54 44 51
57 51 34 96 36
99 1 55 54 1
70 79 18 63 83
91 82 73 89 96
13 62 29 49 73
66 31 90 54 2
88 70 74 96 36
75 36 100 22 50
92 14 54 23 37
96 43 38 40 74
91 99 59 96 44
75 96 32 17 30
44 62 10 92 58
62 30 46 86 4
43 9 52 74 72
86 92 69 52 49
37 15 2 32 47
99 17 30 38 28
80 5 9 93 27
60 98 72 34 63
30 76 66 12 18
43 49 87 78 33
43 31 66 21 3
64 18 52 72 64
43 7 39 71 28
32 15 40 57 44
86 49 50 20 22
26 93 65 99 84
88 94 54 58 30
58 38 49 23 50
50 24 43 74 24
30 56 36 49 92
22 56 89 28 65
12 21 46 9 10
15 72 77 57 9
63 85 86 5 13
61 74 98 10 43
75 15 16 53 1
73 95 97 17 23
30 88 29 51 31
27 25 94 16 18
95 62 100 34 75
Size
4 5 4 3 3
7 7 10 1 7
2 9 9 4 8
10 1 7 10 10
8 2 1 4 1
10 4 5 3 4
9 9 9 8 5
2 8 8 6 4
2 1 7 3 9
7 2 3 6 8
1 9 7 10 4
4 6 4 1 7
6 2 2 3 10
6 1 9 2 10
10 10 7 9 2
1 3 4 5 9
6 8 3 9 5
7 10 6 8 5
5 1 2 8 3
5 10 2 2 1
3 7 10 6 9
2 2 7 1 7
7 2 2 5 1
10 4 7 9 2
1 3 8 7 8
1 4 4 7 2
10 1 1 9 7
10 3 8 6 1
4 4 7 4 1
9 1 7 8 5
5 9 7 6 5
6 4 1 8 8
7 10 9 8 9
7 5 8 3 10
4 1 5 5 9
7 6 10 9 6
5 8 7 5 5
1 10 3 1 10
8 2 9 2 8
3 6 10 3 9
10 8 3 10 4
7 2 8 1 5
1 8 4 2 2
10 9 1 7 1
2 7 6 3 8
5 9 4 7 10
10 9 7 8 10
1 9 2 7 9
7 2 8 10 4
2 5 5 8 3
NoWait times: 2
0 3
