n 50
m 5
cap 20
Processing
44 59 38 26 93
49 83 71 35 17
99 47 42 1 8
81 87 92 40 70
14 44 5 89 40
62 93 8 18 53
44 8 72 71 36
81 87 74 91 15
64 18 28 89 19
20 90 13 19 38
40 58 1 44 27
66 72 38 3 46
10 74 50 27 58
86 81 88 21 81
84 27 24 90 78
28 80 38 75 54
92 40 18 98 77
61 48 51 54 20
91 85 63 71 39
29 44 25 24 58
99 1 24 69 9
16 17 2 74 14
79 8 30 7 54
9 63 77 57 84
64 3 74 23 41
43 51 79 13 62
87 53 82 75 15
29 32 78 41 93
48 100 74 7 4
1 18 100 3 12
58 88 100 87 10
64 66 80 67 91
88 56 34 2 74
63 44 94 33 28
23 25 67 47 97
4 62 24 68 15
68 70 21 57 94
8 12 84 65 3
32 85 89 64 35
96 33 99 70 5
69 36 20 19 23
86 100 98 72 41
83 21 58 50 1
20 5 73 77 71
22 14 55 12 76
78 12 33 52 72
82 62 20 16 15
45 43 66 28 12
20 23 46 70 62
90 69 45 60 100
Size
2 8 4 4 8
8 5 7 8 2
10 4 6 9 1
4 8 6 8 6
10 8 3 1 8
10 1 9 9 2
10 3 8 2 7
5 10 1 7 3
8 3 8 4 6
6 5 8 5 7
8 3 3 4 10
2 10 3 2 9
10 8 4 9 3
4 4 10 9 7
8 1 1 4 5
2 10 5 5 6
3 3 9 9 7
5 5 6 1 5
9 6 2 4 5
3 1 6 6 10
6 10 10 9 5
9 6 10 6 10
8 2 1 10 7
2 5 9 1 10
6 10 7 10 8
3 3 9 6 3
5 1 8 6 6
2 9 7 4 8
3 7 8 4 5
3 9 4 1 1
7 8 7 3 8
10 2 7 5 4
2 2 4 6 3
10 3 3 9 1
8 4 6 9 6
1 1 10 6 9
3 7 5 4 10
8 5 6 7 2
4 10 1 10 7
2 4 7 7 2
1 3 2 2 1
6 7 7 5 7
1 6 6 4 2
3 4 2 3 2
10 1 6 1 1
2 4 3 10 3
10 3 2 6 9
9 7 8 4 10
2 6 7 8 5
5 9 6 5 2
NoWait times: 2
0 2
