n 50
m 5
cap 20
Processing
76 61 65 96 79
59 74 66 100 28
89 99 94 39 83
30 20 41 51 44
8 79 62 1 45
47 64 71 18 16
33 99 19 23 98
6 69 87 77 35
46 5 7 69 9
74 70 87 72 70
65 34 14 19 58
11 46 35 82 88
54 75 76 95 89
44 38 87 88 33
77 49 61 87 91
82 68 2 19 11
93 55 41 49 38
79 50 16 21 99
44 40 64 93 83
32 39 85 8 46
73 80 7 21 44
71 89 13 22 3
33 42 88 25 82
33 87 31 48 42
49 60 18 75 79
7 55 54 49 86
90 53 2 14 14
86 38 71 67 84
44 7 99 83 89
74 2 83 26 62
31 98 27 9 76
38 77 96 44 36
100 82 88 98 99
62 29 36 11 26
87 67 10 57 32
76 57 58 46 93
10 97 87 57 6
45 95 57 5 66
65 71 65 28 100
25 18 48 100 89
82 90 56 100 17
97 27 93 93 18
29 63 97 4 15
63 80 84 90 20
82 37 27 58 71
11 81 80 23 32
74 46 33 9 80
17 72 56 47 60
68 73 57 44 9
37 86 27 13 9
Size
1 1 3 6 10
1 4 4 7 4
6 10 8 8 1
3 8 6 9 7
2 6 7 7 6
6 10 5 1 1
4 2 7 6 6
2 4 9 10 7
8 4 5 5 4
8 10 10 10 3
2 5 7 2 8
3 5 9 8 5
2 7 10 9 5
8 9 7 6 1
4 4 6 7 2
1 3 4 6 10
8 2 6 9 10
2 5 4 10 8
10 4 8 3 9
4 6 9 3 5
8 4 5 10 10
7 7 6 5 2
9 8 8 9 3
6 1 9 5 4
4 5 3 7 10
9 1 5 7 6
9 3 2 10 9
8 4 2 8 3
5 5 10 4 5
5 7 6 1 1
5 4 9 2 4
5 1 6 1 4
5 4 7 5 7
1 2 6 6 4
3 3 5 2 9
2 3 4 8 10
9 8 4 9 10
10 9 4 4 3
8 3 2 3 6
6 8 9 4 1
6 6 9 2 1
2 7 8 6 7
5 3 5 2 10
3 2 8 10 2
1 6 8 10 1
1 3 7 3 7
2 10 6 8 1
5 7 6 4 10
3 8 2 1 4
8 7 9 6 9
NoWait times: 2
1 2
