n 50
m 5
cap 20
Processing
46 26 10 15 35
6 69 7 63 95
74 86 83 44 34
50 46 44 7 60
45 32 17 5 44
13 54 7 82 6
68 25 83 29 35
74 69 48 41 71
53 31 8 37 97
34 98 34 85 19
48 86 28 88 69
77 100 77 10 61
92 91 27 85 18
57 68 49 37 40
29 49 81 18 8
53 78 32 56 12
57 73 35 98 81
41 45 48 24 86
12 22 19 57 78
10 100 76 76 39
40 16 60 19 36
8 75 60 82 81
71 78 29 88 14
57 77 80 54 78
46 84 74 82 56
94 87 93 73 33
31 26 66 69 35
68 33 5 54 21
28 24 25 65 35
24 50 40 58 69
96 79 95 35 61
17 88 39 84 99
10 71 64 74 31
16 34 27 21 76
88 48 51 72 16
97 61 18 33 33
47 94 84 52 74
88 57 11 21 98
60 93 41 29 3
46 24 2 62 30
50 47 70 50 50
58 51 11 93 84
40 12 89 89 83
29 68 92 98 70
13 8 60 93 74
61 52 13 34 71
16 99 88 62 64
68 21 1 69 18
38 50 88 75 61
25 85 50 51 24
Size
3 7 3 8 10
7 10 4 1 8
9 10 10 8 5
6 10 2 9 1
10 2 5 9 3
1 6 4 2 1
8 2 7 8 10
10 5 6 5 3
1 8 10 8 5
1 9 3 7 6
8 5 1 2 3
5 3 3 7 9
6 3 4 8 3
6 1 4 10 2
2 3 8 5 2
10 7 5 2 9
8 6 8 2 1
1 8 4 2 5
9 3 7 8 7
5 10 7 10 6
3 10 5 3 1
3 10 2 2 4
5 6 7 6 3
10 4 4 6 10
2 4 8 8 10
5 1 2 4 6
7 5 6 8 5
6 7 8 2 8
2 3 4 4 10
1 8 6 10 9
8 9 2 5 1
4 9 3 8 9
6 10 7 7 5
6 5 7 5 3
8 4 2 10 4
6 7 3 6 3
7 3 1 1 9
9 6 7 8 10
2 1 3 5 4
10 8 4 10 3
7 3 8 8 2
7 9 1 6 4
10 4 5 5 4
6 6 9 9 10
10 5 10 7 8
1 9 1 3 5
6 10 9 7 1
5 8 2 2 4
3 2 6 2 4
3 3 6 7 10
NoWait times: 2
2 3
