n 50
m 5
cap 20
Processing
13 3 7 6 6
40 61 9 79 20
8 70 61 100 95
29 68 74 27 87
85 41 87 10 16
25 50 78 75 59
91 63 60 6 85
12 52 29 91 32
80 78 45 35 68
63 24 64 90 42
48 99 60 26 10
60 82 99 95 79
28 42 44 88 91
29 79 76 77 98
16 20 76 1 48
37 66 33 9 11
30 26 6 11 35
65 67 86 32 73
7 73 22 64 50
46 66 40 73 79
75 64 52 6 2
17 39 100 50 28
68 33 69 73 21
47 77 12 52 31
92 9 43 10 22
11 93 22 7 66
87 69 71 38 91
88 45 40 74 61
42 96 54 48 33
4 32 62 74 12
1 51 73 54 63
65 64 73 33 6
95 46 7 96 87
4 13 75 95 59
77 18 59 45 85
7 50 22 48 5
57 62 4 7 17
35 28 73 14 29
22 50 59 32 50
59 2 55 69 93
97 97 30 56 99
98 1 50 87 10
26 26 75 82 48
82 35 80 78 85
15 15 71 65 60
67 66 63 78 41
98 34 55 57 80
26 48 34 92 52
17 78 74 16 50
12 26 10 20 55
Size
5 10 3 8 5
4 1 3 10 9
1 7 2 7 5
7 4 6 5 7
7 8 7 5 7
3 9 4 5 6
7 9 7 8 2
10 3 5 6 3
5 1 8 4 5
5 1 8 3 4
9 6 1 7 6
9 7 6 10 6
5 1 4 2 7
2 2 2 6 5
5 10 8 7 4
7 7 2 2 1
4 8 7 9 9
7 1 3 5 9
5 5 4 4 7
5 10 5 8 9
1 1 1 7 3
8 9 7 5 3
5 10 5 5 4
7 9 3 8 4
7 10 4 1 3
6 8 7 8 8
9 10 7 3 6
2 9 6 9 2
1 2 1 4 7
6 6 3 1 9
10 4 6 1 1
6 3 9 7 1
8 2 10 5 9
7 1 1 7 9
9 7 4 10 5
8 6 4 5 3
1 7 3 7 4
7 5 3 2 5
1 1 2 1 9
2 9 4 5 8
6 8 5 1 8
1 4 2 8 3
10 10 1 4 10
10 9 1 10 4
2 4 3 9 10
2 4 6 5 2
8 4 7 1 7
8 4 3 4 7
6 4 3 8 9
5 5 10 10 6
NoWait times: 2
0 3
