n 50
m 5
cap 20
Processing
51 26 34 27 80
71 28 90 57 27
68 69 50 90 46
86 70 39 45 84
45 65 29 43 73
86 21 2 28 69
68 26 30 59 32
51 67 6 92 83
67 42 50 28 51
68 49 77 82 84
52 72 77 23 31
75 75 37 99 9
52 72 50 82 36
65 21 51 46 14
34 14 20 66 48
48 88 74 40 69
62 16 97 38 31
7 77 7 24 41
52 21 70 92 69
100 90 99 62 58
45 84 55 82 79
36 37 46 93 27
92 10 53 68 61
90 77 53 71 32
63 67 72 59 79
89 2 65 68 75
49 32 35 57 16
87 71 65 29 43
37 8 36 64 36
31 41 12 5 81
35 36 48 46 76
92 18 76 4 73
28 7 97 87 7
42 86 88 80 97
30 25 48 38 73
21 20 19 75 19
27 27 1 95 45
20 84 32 29 88
73 70 29 100 5
2 74 90 26 63
52 70 57 23 22
54 19 93 43 32
57 73 13 7 47
57 79 5 18 96
71 88 1 87 44
7 28 2 62 35
72 46 64 35 4
6 72 60 93 35
72 81 100 17 77
71 4 34 52 80
Size
8 3 5 4 3
10 9 8 9 4
8 4 7 4 1
9 6 8 6 9
6 5 3 5 5
7 8 6 4 2
2 10 4 1 7
6 4 1 9 1
1 6 2 8 2
5 1 1 4 10
7 3 2 6 7
3 2 8 5 6
1 4 8 9 7
3 3 10 8 8
5 2 3 4 3
8 5 2 5 3
7 9 1 1 5
2 9 2 9 9
3 9 9 5 10
2 9 3 6 4
6 8 3 1 8
1 4 5 2 3
1 5 3 2 10
9 5 10 7 9
5 9 3 7 7
4 10 1 5 4
1 9 2 7 8
2 7 5 6 2
3 3 8 1 4
9 8 3 5 7
2 2 1 4 4
8 4 2 4 6
6 5 8 9 1
3 8 3 3 2
1 4 2 6 3
9 5 8 1 4
10 3 1 4 6
5 9 7 1 8
10 9 8 9 5
2 1 5 7 3
9 2 1 10 2
5 3 4 5 8
3 5 5 7 4
9 2 7 10 5
7 1 3 1 3
5 3 8 10 9
9 5 2 5 9
2 4 5 4 7
8 1 4 10 2
8 2 1 10 1
NoWait times: 2
1 3
