n 50
m 5
cap 20
Processing
69 42 62 9 71
53 35 79 52 85
61 84 54 84 56
50 29 92 63 54
41 54 72 35 22
36 41 78 79 4
50 85 31 93 36
3 1 98 48 50
33 57 100 9 88
57 94 6 58 63
6 59 36 41 96
23 46 5 78 76
27 60 36 3 30
76 26 50 98 56
77 74 74 2 66
6 17 64 32 66
6 50 80 17 58
32 90 85 38 78
25 64 8 42 23
23 25 75 79 20
13 79 82 78 62
85 38 26 11 28
11 75 74 89 41
72 89 59 9 65
96 7 91 84 30
37 78 43 24 33
55 71 81 93 67
93 58 37 40 82
64 63 49 86 14
74 7 24 47 48
39 10 92 93 78
63 86 33 20 12
87 25 2 12 37
4 18 69 66 98
40 96 30 46 61
70 62 80 23 81
6 19 13 21 18
40 27 2 47 34
39 83 16 97 65
92 19 90 85 73
30 3 16 48 93
43 75 51 56 100
90 35 4 99 33
92 5 95 67 6
97 47 69 46 71
21 34 67 50 96
71 75 93 98 91
32 44 27 82 14
28 72 5 58 11
39 17 71 42 22
Size
9 9 5 9 6
3 3 2 4 10
10 2 7 3 6
10 9 6 7 9
4 6 7 6 3
3 6 6 4 3
1 7 5 7 8
6 5 9 1 5
4 7 7 8 9
1 10 9 6 6
3 4 7 6 3
1 10 3 4 8
1 4 7 6 1
3 4 3 1 1
10 3 4 1 5
1 2 6 8 5
8 4 7 7 10
8 3 1 9 1
8 9 1 10 8
2 2 6 7 5
1 8 1 9 4
5 8 6 7 5
5 5 4 7 4
8 3 2 2 10
10 5 2 2 10
5 8 2 2 3
7 6 8 7 1
1 10 5 5 4
6 3 3 9 5
3 8 6 1 10
2 9 3 8 6
1 8 7 4 6
2 7 5 2 3
6 9 7 6 2
1 8 9 4 3
3 6 7 10 10
10 1 7 7 1
9 7 8 1 1
8 7 9 8 7
9 8 7 7 4
3 4 8 9 3
1 1 5 4 10
5 3 9 2 8
7 1 2 10 6
6 1 10 5 2
9 6 3 10 7
6 2 1 9 5
9 4 7 2 3
2 7 3 6 1
2 8 7 10 2
NoWait times: 2
0 2
