n 50
m 5
cap 20
Processing
98 97 41 36 68
84 8 79 9 69
60 84 85 90 23
10 13 38 99 41
1 40 25 8 42
52 85 26 95 70
2 63 63 42 61
40 11 26 43 7
15 48 98 63 17
45 59 80 26 15
86 31 97 43 52
21 36 56 65 77
55 2 28 19 83
64 74 13 3 12
48 6 48 70 94
15 27 61 20 38
33 78 16 99 34
4 51 26 2 80
33 21 33 62 9
69 92 58 6 38
77 19 29 98 95
81 20 49 61 96
61 58 75 89 27
22 46 47 98 35
11 24 81 83 47
23 88 5 44 69
14 37 7 5 45
80 63 5 45 99
17 43 71 64 21
43 26 39 78 3
11 90 53 69 20
86 4 66 34 36
7 27 87 3 9
89 23 50 100 55
98 81 51 14 66
21 12 37 31 95
20 27 81 21 43
97 39 92 57 64
15 66 49 40 42
13 9 69 25 49
37 11 62 58 76
48 13 11 2 32
33 12 74 97 95
21 5 62 80 47
1 68 62 56 17
36 48 35 11 77
92 28 95 93 13
69 41 14 76 13
6 31 31 25 42
94 66 95 75 53
Size
1 6 1 5 4
9 10 10 5 1
7 8 1 6 10
1 1 8 7 9
9 2 3 8 5
10 5 6 7 5
7 3 6 2 6
3 1 5 8 10
9 7 9 3 7
1 5 6 3 5
6 5 10 8 3
3 9 7 3 3
5 8 6 5 2
4 5 8 1 10
10 1 1 1 5
6 1 7 3 8
9 8 9 3 9
2 1 7 10 1
2 5 3 5 8
6 3 5 4 8
6 9 2 7 7
10 9 3 3 1
8 7 5 8 7
7 8 10 7 2
5 8 2 4 8
9 5 10 5 6
7 7 6 4 8
3 3 5 3 3
8 10 8 6 3
1 10 7 2 9
8 4 5 4 9
2 2 9 2 1
8 10 10 9 9
1 5 6 9 8
7 7 10 3 3
5 4 5 6 2
3 9 9 4 10
4 2 4 10 3
5 10 5 2 3
1 2 7 7 8
8 2 1 5 8
4 7 7 1 4
6 3 6 1 5
2 2 3 8 4
10 3 5 5 9
1 2 6 4 2
1 9 8 8 2
2 4 10 8 1
10 9 6 1 4
5 8 9 10 7
NoWait times: 2
2 3
