n 50
m 5
cap 20
Processing
92 55 82 13 20
35 82 4 80 47
93 41 9 76 37
2 86 27 70 54
96 99 9 31 30
96 35 25 47 75
26 25 82 69 2
32 23 67 70 45
71 38 63 13 61
29 41 92 47 20
83 21 26 28 47
9 65 81 5 17
54 52 77 15 43
60 4 79 7 5
69 76 14 33 13
30 97 76 2 51
38 34 21 11 2
61 4 49 70 2
59 5 94 72 35
4 3 8 68 35
3 93 32 64 86
67 79 86 15 35
56 79 44 55 66
20 82 17 45 78
48 95 15 51 61
58 21 5 20 86
85 85 7 30 72
21 56 49 18 19
68 76 51 61 17
61 61 100 54 25
4 49 70 32 88
43 30 17 25 46
63 38 22 34 51
35 29 79 13 38
25 29 91 11 77
18 81 56 74 20
40 4 32 21 76
61 65 95 82 62
19 61 30 39 46
23 64 99 36 41
42 65 71 55 92
11 68 69 91 59
37 75 50 15 2
25 59 30 23 36
7 56 19 7 65
43 90 32 9 5
91 48 51 49 17
99 5 54 7 14
63 60 29 2 30
28 57 8 86 76
Size
10 8 2 9 4
9 2 7 4 3
1 6 7 10 6
1 8 5 10 4
7 6 6 8 5
4 10 2 10 5
3 10 2 4 5
3 3 6 2 1
7 2 3 4 7
9 2 1 3 4
1 3 10 4 4
4 10 4 7 10
6 2 3 3 7
10 10 6 2 10
2 6 9 3 6
3 6 7 3 5
10 10 10 5 3
8 7 8 9 9
9 4 4 2 1
8 4 10 9 1
6 10 6 9 3
10 7 3 7 7
10 7 8 5 2
8 10 3 3 10
5 6 10 1 5
9 7 4 1 7
3 9 9 8 3
7 1 2 1 4
2 8 9 5 4
6 6 7 10 2
6 4 5 1 3
1 10 2 2 1
2 1 8 9 10
1 9 1 6 1
8 9 4 1 9
8 4 10 10 5
4 10 6 3 3
3 3 5 10 8
6 9 4 10 3
2 8 1 7 5
6 9 2 7 1
4 5 7 7 4
2 10 1 2 5
2 2 8 9 7
2 1 4 2 10
7 5 3 1 8
8 4 3 8 2
5 6 2 6 3
2 6 3 5 5
1 4 4 10 6
NoWait times: 2
1 3
