n 50
m 5
cap 30
Processing
21 11 75 37 29
78 89 12 31 45
57 53 79 71 58
38 16 43 77 57
32 87 55 25 59
3 19 28 76 90
14 93 90 87 45
14 12 51 96 1
39 6 30 46 38
92 10 87 76 17
23 49 57 69 95
77 70 21 2 71
48 73 67 63 40
79 63 44 60 94
94 55 43 40 86
89 36 68 43 34
69 17 71 70 42
63 45 39 33 53
1 82 72 89 95
31 50 95 95 52
20 63 68 79 9
36 68 2 31 38
63 11 32 40 38
13 99 60 63 22
27 22 48 76 77
8 87 82 5 74
92 65 79 61 1
42 63 1 21 17
12 53 76 47 22
81 8 74 46 27
41 3 11 19 82
22 18 41 55 2
85 2 52 63 23
5 83 88 92 47
97 88 27 82 51
49 62 51 26 60
33 20 57 72 100
31 43 26 59 99
72 26 73 34 61
53 70 83 36 32
11 34 61 40 19
30 14 23 63 71
63 84 38 81 5
20 86 93 47 24
2 79 84 93 43
64 21 79 30 93
37 68 1 51 37
36 76 12 75 4
43 21 76 64 40
31 89 44 26 7
Size
1 3 6 4 9
4 3 7 1 9
3 2 3 2 9
8 7 10 3 7
1 2 9 1 9
8 3 10 3 10
4 7 2 8 6
9 7 2 9 3
2 7 10 9 7
6 9 5 5 9
8 2 3 3 6
6 9 8 9 10
3 7 1 7 1
2 1 4 2 3
2 10 1 10 2
6 4 4 1 3
10 7 8 10 7
3 5 4 8 6
8 1 6 6 3
1 10 4 6 4
10 5 6 4 3
8 6 10 7 10
9 9 3 5 9
2 9 5 8 6
6 5 2 3 10
9 8 7 1 8
7 10 9 1 2
10 3 2 7 4
1 5 8 6 4
8 9 3 3 7
7 4 1 5 1
4 10 6 10 7
5 4 3 1 3
4 9 6 8 7
1 7 2 4 9
7 3 8 1 6
6 8 4 7 4
1 5 10 10 4
1 5 1 6 6
5 10 2 3 8
10 6 3 6 8
2 8 9 6 3
6 9 5 9 2
5 5 4 3 9
10 8 4 4 10
8 4 5 7 7
5 9 1 10 3
4 6 3 8 6
4 4 1 5 8
1 1 10 2 10
NoWait times: 2
0 2
