n 50
m 5
cap 30
Processing
48 83 31 82 77
44 54 8 92 53
83 92 88 46 84
33 13 90 91 49
74 46 60 84 91
89 48 38 62 47
11 78 20 51 49
9 57 49 75 40
88 50 63 7 14
93 78 79 36 15
30 63 39 7 16
37 3 72 8 10
21 88 42 8 59
52 93 53 67 69
79 25 59 65 11
68 54 52 76 24
95 12 34 28 34
94 1 19 38 77
64 28 58 64 32
30 67 82 21 84
18 17 96 12 64
95 49 73 81 51
95 36 46 7 29
40 11 83 55 69
16 65 1 26 8
74 12 87 13 92
27 68 6 57 78
30 29 93 84 25
33 66 36 54 5
45 44 19 36 38
77 58 56 68 67
84 87 74 63 10
11 47 93 34 73
58 83 45 16 82
35 28 19 13 62
43 54 12 86 20
93 77 16 46 75
88 87 12 45 12
47 75 6 68 22
97 18 9 45 37
25 77 34 22 80
94 28 7 27 1
35 47 50 23 29
11 7 96 77 16
53 51 50 89 59
66 93 2 58 31
4 67 94 91 16
24 28 33 13 3
83 53 85 13 86
7 57 71 48 1
Size
10 2 8 5 7
1 2 7 7 4
3 4 2 10 2
6 2 10 6 2
2 1 1 9 5
8 4 10 10 10
2 9 9 6 3
10 5 7 9 4
1 1 2 6 10
9 1 6 4 6
7 8 7 10 3
4 7 4 7 3
5 2 5 2 8
9 9 8 10 8
10 10 2 6 4
7 4 7 3 9
6 10 3 4 5
5 6 6 6 4
1 7 8 3 8
1 9 4 4 7
7 7 1 4 9
3 3 8 1 10
4 6 5 5 3
2 6 10 10 10
2 7 10 1 4
3 3 10 3 4
1 3 3 4 7
8 5 6 1 10
5 3 3 2 8
9 10 10 4 3
1 10 10 7 5
1 7 8 1 1
8 10 7 8 9
3 1 8 5 8
2 3 7 1 1
2 7 9 4 3
10 8 2 3 7
9 5 10 6 10
3 10 4 7 10
9 3 7 7 10
5 9 7 7 9
1 1 9 5 2
4 3 5 7 5
7 1 3 4 2
5 4 8 1 9
4 5 10 4 6
3 10 9 10 8
1 1 7 6 7
3 2 10 5 5
9 2 3 7 10
NoWait times: 2
1 2
