n 50
m 5
cap 30
Processing
80 57 44 26 94
84 26 79 66 18
77 78 74 35 76
63 8 7 41 13
93 57 47 61 7
16 7 51 22 42
31 51 89 33 78
25 51 81 51 87
80 32 71 2 41
94 34 55 52 11
61 34 15 6 80
35 93 21 64 15
71 47 1 56 64
13 7 45 77 86
7 94 3 59 36
85 79 74 32 45
32 42 69 56 42
96 91 66 6 11
45 27 58 67 53
53 13 93 87 54
78 25 53 47 79
20 48 5 80 46
84 22 80 81 17
91 56 22 76 77
41 52 23 74 19
98 55 95 69 90
86 12 6 53 31
77 6 3 5 77
8 58 53 59 66
87 51 93 72 40
36 76 83 10 64
61 33 63 50 25
44 64 54 61 54
72 49 11 53 56
19 18 69 13 76
42 34 45 84 40
93 93 22 22 61
51 51 81 30 68
75 6 41 75 2
89 69 53 96 78
5 75 30 53 22
39 91 11 83 4
3 97 32 41 31
91 93 44 37 94
15 12 72 25 3
91 18 16 25 13
94 60 16 88 62
25 97 84 3 65
44 90 97 20 14
89 88 47 72 90
Size
5 8 1 4 9
7 6 4 9 1
4 3 2 6 2
1 8 8 7 10
3 7 1 8 1
3 7 8 3 9
7 9 4 5 1
10 7 3 5 4
5 4 8 1 8
6 1 1 10 1
1 4 9 4 9
6 1 1 2 3
5 8 10 4 9
1 5 5 8 1
4 1 4 9 6
1 9 2 9 6
5 6 10 2 1
4 7 4 3 10
4 9 5 9 4
7 7 8 7 1
1 6 7 7 10
3 9 6 1 8
7 6 4 10 9
9 8 7 3 10
8 8 2 1 6
2 3 3 5 1
9 9 2 6 7
5 8 7 2 6
8 1 9 2 2
6 7 4 7 7
9 5 3 1 5
7 3 5 4 8
7 4 4 9 8
4 3 8 8 1
4 9 5 3 6
4 9 5 2 9
7 5 3 4 2
4 5 8 4 10
1 1 5 9 5
7 10 2 1 10
10 6 5 1 9
8 3 5 1 2
3 9 8 4 4
3 7 6 8 4
4 9 6 10 5
4 8 1 8 1
6 8 4 1 10
2 7 1 4 9
3 8 4 2 7
3 1 2 2 6
NoWait times: 2
0 2
