n 50
m 5
cap 30
Processing
60 2 90 82 3
1 45 100 1 97
40 59 31 77 1
76 100 26 49 20
66 68 25 25 74
20 24 73 29 65
61 67 86 98 20
84 25 36 37 59
32 3 11 11 66
90 92 16 25 51
75 77 12 52 82
56 20 76 72 86
72 94 56 63 3
26 32 70 89 53
20 27 5 57 11
18 84 56 86 64
40 13 79 9 77
11 63 7 43 57
8 62 91 74 1
84 63 32 75 74
57 96 19 63 50
70 57 97 22 24
43 86 54 72 24
71 11 43 95 70
13 86 30 96 60
42 36 94 22 18
62 81 81 89 31
62 7 23 65 80
95 99 91 100 73
5 76 20 95 60
36 98 92 86 75
72 74 21 39 60
33 61 98 16 48
32 90 53 64 29
36 32 24 86 97
82 82 16 37 53
57 82 7 3 99
13 18 69 44 43
43 95 90 50 5
42 57 28 17 9
79 66 31 75 97
51 61 34 29 14
25 87 99 71 67
65 18 14 5 72
98 59 26 37 72
58 50 47 93 62
76 98 49 88 88
5 29 57 7 98
9 33 83 74 96
88 28 19 2 21
Size
1 4 1 6 7
6 10 7 4 10
8 8 9 10 6
1 5 4 6 8
1 7 8 2 1
10 10 4 9 7
7 6 6 7 9
4 2 5 9 6
10 1 4 10 9
6 6 1 2 1
6 4 1 5 7
7 4 3 9 2
5 1 10 7 10
2 3 3 7 3
4 2 5 6 6
8 7 1 4 1
6 4 7 6 9
4 6 10 6 3
1 2 5 2 4
1 1 1 10 6
3 3 1 5 10
5 9 5 2 7
6 4 10 6 5
4 6 1 9 3
10 3 3 8 6
7 6 3 8 7
10 4 6 1 3
4 10 8 7 3
2 5 6 6 10
8 3 1 4 1
2 7 1 8 2
1 1 1 4 1
4 4 1 3 2
8 2 4 6 4
10 9 1 8 3
6 5 7 4 7
5 5 1 2 1
8 7 10 3 10
1 10 1 5 8
9 9 5 6 5
5 9 7 5 5
7 3 2 10 4
1 10 3 8 7
3 2 1 3 4
5 4 5 8 10
9 9 5 3 10
5 9 1 3 5
7 6 5 6 8
8 4 9 2 6
8 6 1 2 6
NoWait times: 2
1 2
