n 50
m 5
cap 30
Processing
21 3 32 79 62
57 94 50 69 72
43 85 4 9 36
69 70 48 54 81
23 95 41 29 56
47 33 43 100 50
14 98 64 50 68
87 44 72 37 63
100 7 64 34 11
78 7 68 27 69
95 69 59 27 58
12 24 98 60 36
16 19 72 54 83
82 52 48 8 49
53 4 81 62 16
36 95 24 76 84
14 84 86 34 45
59 97 47 63 36
55 40 43 14 68
60 51 47 22 55
32 19 38 17 66
34 16 47 44 97
72 11 88 95 98
92 77 16 69 52
63 68 70 61 77
3 78 72 5 1
12 97 63 25 1
71 5 26 34 9
56 5 72 39 76
25 25 93 17 53
59 91 56 49 36
85 19 16 80 51
20 95 30 56 43
56 7 33 64 17
98 10 90 31 52
60 60 53 76 44
41 37 5 19 20
87 43 80 72 67
83 3 35 73 58
70 40 22 80 98
39 3 88 55 15
65 82 91 66 30
31 39 38 50 34
76 32 22 60 66
2 99 15 63 64
76 40 31 42 23
18 28 43 9 34
43 14 84 29 11
57 38 12 62 6
89 95 79 87 99
Size
10 9 9 7 7
3 2 6 10 9
6 1 9 10 2
8 6 4 4 7
9 4 6 8 1
1 9 8 5 1
10 10 2 5 5
5 9 2 4 10
6 1 10 1 10
1 5 7 9 1
7 1 4 4 9
4 8 6 2 1
2 4 4 10 6
1 3 1 9 7
2 2 10 2 3
10 1 8 10 5
1 9 5 8 3
8 9 7 1 4
5 4 5 2 6
6 8 10 5 8
5 4 2 8 7
4 4 5 9 3
8 3 4 1 5
5 10 7 6 8
10 7 9 8 7
9 10 4 5 3
4 7 1 3 3
6 9 4 1 4
2 1 10 7 2
6 9 7 8 7
1 5 10 9 4
7 2 3 7 7
10 5 5 10 3
8 4 2 1 6
10 4 4 8 7
5 9 5 5 1
2 8 10 4 8
4 10 8 9 9
8 3 4 2 8
4 6 6 9 10
8 5 8 3 9
8 4 4 6 7
6 1 8 4 10
8 9 3 5 2
6 1 1 4 5
7 8 3 1 8
7 2 9 10 8
2 9 10 4 2
9 6 3 8 6
10 5 7 9 8
NoWait times: 2
0 3
