n 50
m 5
cap 30
Processing
77 48 72 4 2
27 53 47 74 96
45 71 75 2 89
94 100 30 69 10
83 32 55 63 100
97 17 43 48 31
10 94 19 20 49
11 31 71 47 23
82 74 57 96 99
59 78 73 47 78
62 19 54 53 8
60 25 13 70 65
19 11 34 13 68
35 34 73 77 9
4 16 51 70 78
23 50 65 98 40
92 89 5 2 17
66 29 79 51 59
98 62 20 97 39
80 45 84 93 56
15 91 41 31 62
47 58 62 84 49
92 38 47 51 35
45 93 39 73 89
68 30 78 39 77
33 33 24 32 32
54 73 13 24 76
70 84 51 63 47
37 25 30 32 95
36 33 10 37 43
26 39 97 92 16
31 71 55 72 98
24 33 43 75 12
62 65 85 57 33
26 6 50 76 22
56 29 3 87 66
92 55 19 79 44
55 46 81 5 84
79 21 1 50 95
35 94 66 54 95
24 87 72 9 50
59 2 43 29 82
50 83 55 57 16
11 22 55 21 55
91 58 49 94 51
59 48 25 72 55
90 25 76 32 49
69 50 39 54 17
30 2 96 13 46
96 71 90 38 89
Size
5 2 7 3 7
10 1 6 5 3
5 3 3 6 10
4 6 7 3 6
5 10 7 2 5
7 8 3 5 4
2 2 10 1 10
6 3 4 6 4
10 8 9 8 2
10 4 9 6 9
9 5 4 2 7
9 10 3 6 6
8 6 2 10 4
1 2 5 5 8
6 3 9 2 5
5 8 5 1 8
4 5 7 8 3
4 2 1 1 7
2 8 6 10 7
7 6 9 1 4
3 1 7 10 8
4 4 4 9 9
5 10 8 7 10
1 9 3 9 6
6 8 9 10 3
10 2 5 2 2
7 1 8 1 8
1 10 8 1 5
7 7 6 9 5
3 4 4 9 2
7 6 1 4 2
5 5 2 8 4
7 1 3 6 9
4 7 4 9 9
10 4 5 10 4
9 1 9 3 9
6 7 3 9 2
8 9 10 2 2
7 2 7 6 7
6 3 9 8 9
5 7 7 5 4
2 8 6 3 7
9 3 8 4 1
1 5 5 3 8
2 3 3 6 8
1 9 10 5 9
10 3 8 9 4
10 10 10 6 4
6 6 5 8 9
10 9 5 6 7
NoWait times: 2
1 2
