n 50
m 5
cap 30
Processing
77 85 22 15 88
50 80 48 26 80
10 97 79 95 100
55 36 37 49 50
14 16 41 6 27
22 43 65 20 34
7 51 68 1 43
77 19 21 60 62
88 32 84 34 10
47 45 84 33 10
20 84 76 99 28
48 3 71 88 15
86 2 33 1 37
64 53 8 29 100
45 90 97 49 90
84 37 87 42 89
67 85 80 91 13
76 97 72 54 13
15 41 46 13 21
42 55 4 34 4
75 77 9 23 88
91 72 35 70 72
18 48 39 2 63
60 99 21 80 83
26 45 85 20 40
15 96 48 33 92
64 41 8 90 27
57 69 97 65 66
76 52 64 62 65
8 80 40 13 8
62 92 42 9 49
70 53 22 65 81
31 90 86 62 36
11 85 71 91 50
98 53 36 22 77
70 87 21 84 81
14 55 27 93 11
55 32 59 89 6
33 36 75 75 27
49 38 3 42 25
24 96 18 43 47
61 64 39 68 83
1 54 92 87 72
46 19 42 74 4
90 39 97 77 93
80 11 35 73 93
67 79 79 40 55
7 10 11 43 57
20 54 20 28 71
93 59 11 89 14
Size
6 10 3 5 10
5 3 1 2 4
5 4 3 6 1
1 3 5 2 1
1 3 8 5 7
5 1 7 10 6
6 8 2 9 4
7 3 1 1 1
4 7 9 6 6
8 8 3 5 2
4 4 7 5 6
5 1 10 7 3
9 9 10 9 3
4 4 7 9 3
10 10 2 10 6
4 3 4 2 5
2 9 8 8 2
9 7 10 3 1
1 7 2 4 6
8 4 3 4 3
4 2 8 9 9
4 2 9 8 5
6 10 4 4 5
8 7 3 10 9
3 8 9 10 10
3 10 3 4 10
9 1 8 7 2
8 6 3 3 10
10 5 7 7 2
7 2 1 1 1
3 8 1 4 4
3 2 8 5 9
8 2 2 9 10
1 3 7 3 3
7 7 1 9 8
4 9 9 2 2
3 10 5 2 3
9 7 10 10 9
3 2 4 6 4
3 4 9 7 9
6 4 9 10 8
3 5 6 4 3
10 2 8 4 9
5 4 7 7 4
10 10 1 4 4
10 8 10 5 6
5 9 6 1 9
3 5 5 1 7
7 2 4 6 7
3 9 3 4 10
NoWait times: 2
1 2
