n 50
m 5
cap 30
Processing
13 92 42 34 79
49 100 91 90 97
68 94 49 78 80
24 79 100 43 55
62 56 68 12 41
94 24 98 37 69
95 90 7 88 41
68 76 54 15 69
35 86 72 4 22
91 89 39 55 38
57 23 24 88 25
15 67 59 50 16
73 4 59 43 93
61 17 30 79 19
95 53 74 55 18
100 98 63 95 17
67 81 34 84 23
53 11 39 7 88
15 27 29 30 43
55 26 52 86 58
27 90 44 87 84
35 3 44 96 14
1 43 82 17 36
89 68 88 15 61
91 97 51 15 40
38 85 39 88 35
7 48 2 52 24
33 13 49 57 67
36 73 34 54 65
96 87 92 50 3
26 69 64 43 63
32 91 26 70 10
28 75 45 94 44
50 45 32 78 49
92 65 41 70 69
36 55 10 33 66
16 46 50 41 79
41 92 44 61 4
60 61 99 79 43
91 84 91 46 82
13 19 2 51 23
61 75 51 51 14
98 33 9 40 84
31 39 64 59 3
99 27 57 74 81
58 54 54 29 49
2 69 50 94 59
26 99 36 50 27
38 19 35 40 40
91 57 20 36 12
Size
2 10 7 6 6
7 5 7 5 4
6 8 3 3 10
10 6 3 8 10
10 10 5 6 6
1 5 2 3 6
2 9 7 8 7
3 9 10 8 2
4 10 7 7 6
9 9 6 9 2
6 5 10 4 3
8 7 5 3 8
1 4 9 9 4
1 5 10 1 8
9 2 6 10 10
5 6 10 4 8
3 3 7 8 3
2 10 3 7 10
4 4 10 1 4
1 3 5 3 4
1 6 6 1 10
10 7 4 6 2
2 1 7 7 2
5 2 6 7 3
5 10 3 3 7
1 9 10 10 9
6 6 1 10 3
2 5 10 4 6
4 2 2 8 3
5 2 6 8 6
3 9 5 4 1
2 10 5 3 1
6 2 7 6 10
1 1 5 5 10
1 3 9 3 7
10 8 7 8 2
1 7 1 1 1
2 10 2 6 9
6 4 5 8 2
4 9 4 7 10
1 2 7 9 9
1 10 7 9 3
6 7 7 4 7
2 5 5 7 5
3 6 10 10 3
7 4 5 9 10
1 3 5 2 2
6 2 2 3 6
3 2 10 8 6
5 4 9 5 2
NoWait times: 2
0 3
