n 50
m 5
cap 30
Processing
97 75 14 99 67
13 42 83 60 80
47 36 63 95 63
80 10 14 8 72
88 87 57 4 32
30 20 33 38 68
70 3 56 23 14
34 87 21 14 93
85 67 21 47 68
59 22 84 70 43
65 26 19 72 69
68 19 73 100 23
2 93 18 51 28
15 34 21 75 39
44 65 86 55 2
45 26 29 67 24
6 53 3 77 1
42 80 85 78 74
65 44 1 16 24
47 1 28 46 46
69 64 9 52 88
11 82 61 46 16
68 91 39 41 27
29 34 66 55 12
75 45 28 54 3
27 51 55 74 25
53 79 8 88 87
11 1 2 90 92
67 25 7 53 56
62 28 69 12 78
50 51 61 20 94
65 14 8 75 13
10 17 86 69 92
58 96 84 66 100
13 98 48 8 47
80 18 94 34 92
19 92 62 33 56
1 11 70 7 67
49 74 75 70 16
45 54 80 41 67
7 99 34 93 43
11 100 4 26 81
93 71 77 24 84
30 36 92 98 74
33 44 7 98 34
34 30 28 10 14
79 86 61 29 72
15 9 73 61 60
79 86 92 88 13
48 51 35 66 71
Size
4 4 2 3 8
7 8 10 6 1
7 3 1 10 3
8 2 9 3 4
3 10 10 6 6
9 7 1 4 2
9 9 5 3 6
8 10 6 1 4
2 9 8 4 10
4 1 6 10 7
2 9 9 9 1
2 4 9 1 7
3 5 7 4 1
2 2 4 9 3
9 4 10 4 7
10 4 9 6 2
7 5 1 7 5
3 7 3 5 9
7 6 7 3 3
10 5 1 3 7
4 5 4 7 4
8 6 8 5 1
3 6 9 8 1
9 10 1 9 1
8 3 6 5 3
3 2 5 9 10
1 10 3 3 9
5 6 5 2 9
9 2 2 3 4
7 7 6 6 8
10 10 8 8 6
5 3 2 3 2
3 5 2 9 10
1 9 3 2 5
5 6 9 8 1
8 6 5 4 10
2 6 6 1 4
8 7 8 7 3
8 6 5 4 7
5 1 6 9 8
5 8 10 5 10
2 2 8 9 10
9 8 3 6 7
2 10 1 10 1
1 8 2 2 4
10 4 1 9 9
7 8 5 8 6
5 10 3 1 1
3 6 1 9 6
9 5 2 1 1
NoWait times: 2
0 1
