n 50
m 5
cap 30
Processing
22 36 45 4 41
44 19 71 54 44
26 91 52 75 90
83 86 92 75 37
52 3 97 19 97
94 75 57 26 20
25 35 38 71 86
34 61 100 10 58
4 88 83 47 84
81 60 92 15 65
81 76 70 22 85
35 10 74 7 90
54 73 35 55 44
39 74 65 2 47
76 10 100 47 77
57 64 88 43 92
60 79 39 75 87
49 91 67 31 18
36 23 58 94 91
70 57 57 97 13
96 34 79 23 21
100 67 13 49 69
98 23 56 21 21
35 1 49 74 82
87 84 54 66 10
17 97 95 86 11
73 88 54 32 41
50 64 1 1 29
41 19 60 80 7
39 35 15 32 17
40 87 51 1 48
79 75 65 17 66
93 52 67 10 32
25 5 79 74 100
4 99 88 70 70
95 40 58 72 86
100 81 57 22 30
76 70 1 9 12
8 11 98 34 5
59 10 71 86 90
81 13 71 18 26
98 73 4 53 87
36 11 56 77 70
65 41 83 36 53
73 85 54 37 48
49 70 47 79 42
90 80 88 95 62
49 62 34 59 66
85 17 23 85 48
80 3 68 73 53
Size
1 1 7 6 1
4 7 2 3 7
3 5 5 6 3
5 10 1 1 5
4 4 8 8 3
6 8 8 1 8
2 1 10 5 7
4 1 1 8 5
3 3 7 2 10
8 9 3 1 4
8 2 3 7 2
2 1 9 1 8
4 1 7 10 7
5 1 6 8 9
5 4 8 8 2
10 9 8 2 10
1 5 6 9 7
8 9 3 3 9
3 8 2 2 4
4 8 3 7 5
6 9 6 1 3
5 8 10 1 8
5 1 7 5 1
4 4 8 10 5
3 10 4 10 4
8 10 3 4 3
9 7 2 5 9
9 3 10 1 9
7 10 3 4 4
3 3 9 6 8
3 4 3 2 2
3 9 6 9 8
1 9 3 9 7
9 6 3 9 3
3 10 10 7 8
9 5 1 9 9
6 10 5 4 5
10 4 9 4 6
10 7 7 5 8
10 9 5 3 9
2 6 4 5 9
4 3 6 1 2
6 2 5 7 6
3 4 1 3 10
2 2 3 10 5
6 3 4 10 3
1 10 8 10 10
1 10 1 4 8
4 10 2 10 2
2 4 4 1 10
NoWait times: 2
1 3
