n 50
m 5
cap 50
Processing
80 76 11 98 83
75 71 80 92 83
65 64 14 99 29
16 39 31 52 33
57 10 23 57 83
40 6 98 56 40
14 81 97 97 85
88 54 4 32 8
39 87 35 91 31
9 76 100 47 45
37 47 7 89 94
25 28 8 42 33
48 32 90 46 94
54 66 2 84 6
10 76 91 100 26
57 31 48 59 64
98 76 75 85 7
95 18 28 82 1
91 56 31 66 38
46 21 8 41 28
26 57 48 63 97
97 6 12 10 35
16 99 13 33 79
57 17 60 73 24
96 36 79 60 28
40 23 18 26 13
17 76 1 28 46
71 69 47 20 61
9 100 31 37 14
82 88 95 32 35
58 24 51 66 34
14 41 38 46 4
9 74 15 55 5
45 38 37 79 47
10 53 46 10 58
31 49 22 46 55
75 23 47 36 29
26 61 49 18 79
4 14 25 20 73
71 38 87 28 7
84 41 17 44 40
66 53 22 79 19
53 19 67 11 53
61 17 79 56 87
2 56 6 21 92
3 4 1 76 8
7 31 57 21 10
72 77 77 23 32
22 75 96 83 42
18 5 51 4 80
Size
7 7 7 7 6
9 4 7 9 9
5 1 6 3 3
10 8 8 7 8
4 6 5 5 9
2 6 8 9 6
6 2 10 8 3
5 4 7 6 5
4 4 9 7 8
6 1 2 10 7
9 6 4 10 5
5 3 9 10 3
1 6 7 5 3
4 2 6 8 1
2 6 5 3 6
6 2 9 6 8
7 5 10 2 2
6 10 9 1 6
10 8 6 1 4
10 7 4 2 7
9 9 5 2 10
9 4 6 10 9
5 1 4 9 8
4 10 7 1 6
7 3 7 3 10
9 9 7 2 6
7 4 9 8 6
3 1 7 2 9
4 7 7 3 1
8 10 10 9 7
3 1 4 7 6
9 9 5 3 8
10 8 1 4 4
2 2 8 9 5
3 3 9 1 8
3 10 8 4 2
2 4 3 9 6
3 4 3 1 7
9 9 8 5 8
5 3 8 2 3
4 10 10 7 1
9 2 7 9 4
2 3 1 2 4
7 9 8 10 9
5 6 9 7 3
6 3 8 5 2
1 4 6 8 1
10 9 5 9 1
2 8 9 10 3
9 7 7 8 6
NoWait times: 2
2 3
