n 50
m 5
cap 50
Processing
70 30 23 53 91
14 56 29 84 29
40 78 4 64 19
39 59 74 2 74
55 55 23 52 69
77 94 77 59 70
42 59 96 20 88
30 30 94 17 100
21 78 66 99 27
12 27 14 78 20
56 7 33 70 83
45 80 9 62 33
66 38 54 34 18
43 34 83 63 42
77 50 24 59 38
34 10 21 80 100
15 56 42 13 31
9 3 10 96 77
97 68 6 94 48
15 58 100 89 13
59 93 46 89 14
18 73 13 38 42
67 51 11 33 34
8 8 28 38 23
92 9 36 77 79
54 38 20 62 58
80 100 29 5 20
68 11 41 10 20
51 8 51 86 81
79 80 17 57 81
35 84 10 65 77
35 89 69 50 81
90 63 49 13 75
63 71 75 81 44
24 58 87 8 26
84 97 38 69 86
77 46 23 12 99
93 67 44 15 41
72 38 20 44 43
54 63 32 96 20
62 66 81 44 25
89 46 65 8 21
5 63 12 88 36
10 79 87 63 51
69 56 98 59 88
99 72 20 100 93
88 53 84 26 80
90 34 67 72 55
35 24 56 1 76
31 67 50 20 65
Size
7 7 7 5 8
4 6 2 1 2
6 7 2 8 7
4 10 1 3 7
9 4 9 6 5
6 4 10 3 2
10 3 4 10 10
4 9 1 7 5
1 2 1 8 3
9 7 8 10 7
1 10 5 7 5
1 9 2 8 3
7 9 9 8 4
10 3 2 6 5
7 9 1 4 8
9 8 10 9 4
7 1 2 1 8
2 9 5 2 10
3 1 2 10 6
6 2 6 10 3
7 8 6 5 5
6 6 8 4 2
6 9 4 1 1
4 1 10 4 6
3 6 1 3 10
1 2 8 6 7
6 4 10 7 4
10 8 7 8 9
7 6 2 10 5
6 8 6 10 4
4 2 1 8 7
7 5 3 6 2
6 4 7 4 6
9 6 4 10 5
7 1 1 10 2
2 1 10 5 8
1 9 2 5 10
5 10 6 1 8
6 1 6 6 3
1 4 10 1 9
8 1 5 6 2
7 2 9 1 5
8 10 7 4 6
3 7 3 6 9
9 7 5 8 2
7 10 4 3 5
7 4 6 1 10
7 3 10 1 10
7 6 1 9 2
8 2 3 10 6
NoWait times: 2
2 3
