n 50
m 5
cap 50
Processing
66 92 58 26 14
9 4 24 97 43
60 45 19 35 35
29 62 59 80 55
64 46 66 23 31
50 4 77 58 93
48 34 44 55 86
98 60 20 82 51
99 99 43 100 68
27 41 85 40 95
72 91 53 55 98
73 68 88 76 76
82 20 51 3 49
55 79 44 59 34
30 12 62 2 24
14 14 52 69 28
39 78 85 44 49
45 35 92 46 6
85 88 33 90 76
19 68 18 39 81
27 99 14 61 90
60 92 23 84 9
26 34 3 86 13
95 39 55 3 10
96 40 68 69 81
81 35 50 56 98
11 65 47 41 39
4 73 74 78 38
10 88 71 29 51
89 19 1 71 62
84 43 21 45 77
9 57 94 78 63
78 93 76 18 67
85 79 85 65 52
68 26 71 30 17
72 8 84 91 15
100 28 72 49 55
76 77 11 84 31
99 17 78 21 72
19 98 36 41 15
39 79 54 59 31
81 61 4 3 14
45 17 42 72 10
28 38 34 59 96
54 46 72 29 83
58 81 40 36 39
92 20 54 49 55
56 68 12 35 44
88 60 9 12 82
61 73 5 18 30
Size
9 9 7 4 5
7 7 4 6 10
6 1 1 3 4
5 4 3 9 6
9 8 6 2 6
8 10 9 6 4
8 5 1 9 3
1 9 4 5 6
10 8 4 10 5
4 8 7 2 4
8 5 1 7 10
3 7 7 5 5
8 3 2 3 2
5 1 5 6 2
1 2 8 6 9
2 8 2 2 6
5 4 8 4 8
4 8 6 8 5
5 6 5 5 7
5 6 8 1 2
3 9 10 7 1
6 4 1 7 3
1 10 9 2 2
5 8 9 9 10
8 5 2 10 4
7 8 4 8 5
8 2 7 8 7
7 1 7 4 5
2 10 6 1 10
5 2 7 4 6
1 6 7 3 10
3 3 6 2 3
10 10 4 3 1
4 5 10 9 3
6 3 9 6 7
5 4 1 7 8
10 2 10 9 5
1 8 9 7 10
8 5 4 9 9
9 8 1 8 2
1 8 10 8 1
6 1 2 6 7
7 5 10 10 6
4 3 1 3 2
2 1 8 7 4
4 7 10 5 10
3 3 6 3 2
10 3 9 7 1
2 8 9 4 4
3 5 3 1 6
NoWait times: 2
2 3
