n 50
m 5
cap 50
Processing
6 89 87 73 84
10 3 57 64 4
42 79 95 7 72
100 62 46 62 91
24 20 90 49 68
48 25 15 33 16
90 90 55 46 30
89 47 84 93 19
15 61 24 6 76
73 61 6 37 13
65 54 33 88 7
76 47 65 21 55
92 7 13 21 20
48 98 30 97 66
37 59 11 69 22
45 34 54 54 35
79 68 17 10 86
35 62 6 69 19
56 53 23 55 98
47 64 61 21 89
1 100 74 23 75
100 68 70 15 96
5 87 96 71 47
26 46 92 25 6
22 90 23 25 14
2 39 42 25 84
71 33 74 36 60
51 34 48 71 24
53 82 75 77 28
14 71 85 77 76
56 88 48 3 27
44 41 78 58 69
99 26 48 32 28
75 96 69 8 48
69 74 61 22 90
75 97 69 62 35
43 50 41 9 49
44 66 5 15 29
87 84 10 94 26
54 87 67 39 85
41 41 51 52 31
98 60 44 46 98
61 62 92 55 59
81 94 3 24 41
41 99 79 32 9
72 54 31 24 77
3 48 8 82 82
13 72 21 45 35
74 86 87 56 63
71 40 43 76 35
Size
10 7 7 6 5
3 7 10 1 1
4 10 10 3 8
1 9 10 2 2
6 2 10 5 8
8 6 10 4 1
10 6 3 8 9
4 2 5 5 4
10 4 1 6 3
1 2 2 8 5
1 9 7 8 5
3 3 6 8 3
1 8 9 10 9
3 1 3 7 1
10 7 10 7 8
8 5 7 1 9
6 2 9 5 2
8 1 7 6 4
9 10 1 6 2
4 3 4 6 9
9 5 8 10 9
8 2 9 1 6
10 6 2 4 2
2 9 7 7 8
9 7 9 8 7
8 6 5 9 4
10 8 4 7 9
5 7 8 5 4
9 5 3 1 1
1 9 6 8 8
8 10 9 5 9
1 10 9 6 4
2 4 9 9 7
9 2 8 6 3
10 8 2 4 3
1 2 10 10 6
10 8 9 10 1
2 10 8 4 2
3 4 8 1 8
6 7 9 9 3
4 3 5 7 10
6 10 2 10 7
3 6 4 1 3
2 3 4 8 5
2 4 5 4 6
10 8 9 8 8
10 2 7 4 2
9 1 6 9 10
2 4 1 5 6
6 6 8 3 7
NoWait times: 2
0 2
