n 50
m 5
cap 50
Processing
3 66 61 58 81
87 88 72 72 40
9 85 30 29 72
5 81 7 32 3
42 10 94 72 40
64 74 75 95 56
57 11 3 32 92
98 11 100 87 39
28 52 36 44 54
68 6 38 23 65
2 61 54 8 53
58 15 26 58 56
38 35 86 60 84
41 16 48 58 18
98 30 62 25 74
30 54 89 54 23
28 40 90 43 33
14 57 27 39 97
25 84 100 75 38
76 83 59 34 100
4 74 15 29 78
53 94 2 50 34
68 66 49 67 70
28 23 81 41 50
33 8 93 32 33
17 87 38 86 28
99 36 24 16 63
77 97 66 50 18
86 24 53 90 44
5 31 94 93 59
41 32 74 85 89
35 84 84 36 24
48 96 8 68 60
56 38 22 76 60
21 9 90 62 82
80 18 36 62 58
23 47 92 9 99
41 97 42 96 51
69 71 92 11 16
14 29 28 9 47
33 31 58 38 97
9 88 72 11 27
99 77 64 32 24
61 14 43 59 82
13 98 34 48 17
31 72 14 83 22
53 76 99 31 91
100 85 91 99 14
9 99 15 11 61
40 1 15 28 49
Size
4 1 8 9 8
10 1 3 5 4
5 6 7 4 4
3 10 5 4 1
3 3 4 5 10
6 9 6 10 6
8 8 2 8 8
6 5 9 10 9
3 8 4 5 4
10 1 2 2 7
4 9 2 10 1
3 4 1 6 7
7 2 3 5 10
10 8 5 7 8
10 3 3 2 7
7 2 5 2 8
1 6 1 6 5
5 7 6 6 4
9 4 7 5 10
5 5 2 5 9
4 4 4 1 5
10 3 8 3 6
8 6 1 9 10
3 1 5 1 3
6 10 1 3 10
3 4 2 4 1
5 7 2 3 10
4 7 4 4 1
4 9 6 5 6
1 1 2 5 2
4 6 8 2 4
2 1 10 6 5
8 8 10 6 6
10 9 1 7 9
9 9 3 10 5
7 6 1 6 7
1 8 7 1 3
8 8 6 8 1
3 3 9 3 3
10 6 9 10 4
6 7 3 2 4
10 2 9 2 7
2 3 1 1 5
8 3 7 10 5
7 6 2 5 1
8 9 8 7 8
1 1 8 5 3
4 9 6 2 10
7 6 8 10 4
4 8 8 8 7
NoWait times: 2
2 3
