n 50
m 5
cap 50
Processing
50 68 18 33 61
84 47 50 1 1
19 73 8 1 97
73 6 95 17 56
89 60 10 99 13
83 47 54 11 83
48 92 62 65 93
81 28 25 68 75
44 52 77 30 4
79 85 40 34 76
15 19 1 16 73
34 97 34 10 16
81 99 21 17 2
7 39 78 52 62
43 21 93 66 82
54 97 29 23 58
63 75 14 23 32
94 98 29 81 51
86 97 68 50 64
76 66 88 30 7
42 10 32 55 86
6 77 96 23 18
80 22 86 2 2
49 37 12 86 13
94 67 79 53 21
69 61 73 57 26
35 20 10 34 31
7 62 92 19 35
55 77 82 18 28
61 88 74 46 33
8 71 10 45 86
61 5 42 57 22
37 20 10 40 20
84 16 84 77 86
83 45 20 38 41
16 25 52 100 61
74 12 89 83 57
38 59 26 11 4
60 75 65 29 3
27 36 80 7 35
56 89 89 54 52
69 16 70 16 59
54 2 84 37 45
15 23 52 8 87
81 12 40 70 17
3 10 28 20 96
31 1 9 63 40
90 14 97 93 41
66 95 38 92 73
37 24 33 3 81
Size
2 8 5 4 10
3 7 9 1 3
4 2 2 6 9
10 6 3 3 10
6 4 3 9 3
6 7 4 3 5
1 8 5 8 6
1 7 1 6 7
7 8 6 1 4
6 7 10 9 9
1 6 3 9 4
5 9 10 1 7
8 6 9 7 6
7 9 2 10 6
10 6 4 3 6
4 10 10 10 6
6 1 2 5 9
4 2 10 10 10
2 1 7 6 6
3 5 5 5 9
5 8 10 5 1
8 4 4 2 10
3 7 4 8 7
3 4 3 6 6
9 5 4 10 7
8 3 3 6 7
8 6 9 6 9
1 10 5 7 9
2 5 1 6 2
1 7 4 2 9
2 10 4 2 7
4 5 7 6 10
2 8 3 2 9
5 5 4 2 4
4 3 10 6 6
7 10 4 9 2
9 5 9 5 8
6 5 7 6 5
6 8 7 7 7
5 8 3 2 1
9 7 6 10 4
8 8 4 1 9
1 2 3 10 10
1 9 8 5 2
6 2 2 9 3
7 8 5 6 7
3 1 10 6 2
3 6 9 10 6
3 1 3 1 2
2 3 9 2 10
NoWait times: 2
2 3
