n 50
m 5
cap 50
Processing
93 7 36 86 69
51 29 25 48 81
78 81 94 88 99
41 37 94 48 73
8 99 30 73 26
8 13 69 32 49
99 60 98 17 88
49 62 74 96 44
82 95 18 35 65
21 82 35 33 50
45 30 2 44 69
47 75 57 43 31
32 82 12 30 14
23 22 80 45 4
97 24 86 3 12
6 75 12 51 50
17 99 36 24 48
94 32 60 85 88
72 28 83 51 35
42 33 16 97 94
66 60 61 16 46
9 26 63 66 41
5 1 83 34 4
83 23 28 56 50
2 46 15 51 62
23 1 35 53 53
28 35 97 98 1
61 68 63 86 90
100 30 56 98 19
86 87 69 18 61
9 25 19 81 29
65 34 66 38 20
62 93 68 84 71
69 45 58 36 36
49 90 2 53 39
97 6 26 32 81
82 91 83 9 7
42 24 39 65 69
33 44 58 63 62
9 30 94 50 12
20 6 69 69 3
33 65 61 80 71
43 21 43 7 43
94 14 97 47 51
98 81 98 63 80
24 38 68 78 53
59 18 78 92 25
61 23 36 23 69
10 18 98 6 68
21 38 4 32 4
Size
1 4 10 1 3
3 10 6 2 1
2 2 3 1 1
8 8 4 3 9
10 7 2 5 6
5 9 9 2 3
8 6 5 2 10
7 9 3 9 7
7 2 4 7 4
6 1 6 5 3
2 10 1 5 7
4 10 7 6 4
3 6 6 4 10
8 2 6 5 8
2 7 2 1 6
5 2 3 8 1
2 8 7 1 1
5 4 1 6 8
2 5 4 5 6
1 2 8 3 8
4 1 5 1 3
7 6 6 2 10
1 5 2 1 9
1 4 2 8 3
8 7 1 9 10
6 5 1 3 6
3 3 3 8 1
7 5 3 7 7
10 9 4 9 8
2 2 5 2 2
1 2 10 9 5
8 9 6 4 3
4 7 5 10 7
5 8 1 6 10
5 4 4 8 4
3 3 10 7 4
7 2 7 4 8
10 8 3 4 5
5 2 4 8 7
3 3 2 8 7
4 6 10 2 7
10 1 9 10 5
8 1 3 4 2
2 2 4 4 2
2 2 10 10 5
1 7 3 6 3
2 4 8 1 8
1 6 7 10 8
10 10 1 7 9
4 6 2 5 10
NoWait times: 2
1 2
