n 50
m 5
cap 50
Processing
38 75 19 32 26
36 29 38 25 27
33 28 23 66 55
24 7 27 24 80
61 97 27 30 86
6 95 41 65 28
41 84 33 19 9
30 63 53 38 27
74 96 48 91 41
17 65 80 71 23
38 54 32 77 98
42 43 57 6 22
33 79 96 78 92
65 5 30 53 96
71 44 36 10 36
76 88 62 97 68
7 22 31 44 58
13 4 66 48 91
91 69 25 15 98
22 99 51 76 57
81 61 46 99 17
8 90 31 38 100
55 14 93 61 85
100 4 5 16 75
76 63 63 93 1
88 39 38 89 99
95 32 52 39 88
36 100 85 6 65
69 21 57 48 15
96 98 80 11 16
100 72 27 59 43
27 30 57 93 19
89 14 33 24 85
76 39 40 29 22
84 16 6 7 52
77 76 23 69 48
78 87 58 9 94
59 77 65 78 38
47 25 29 60 21
49 2 87 22 56
2 76 29 9 68
19 11 21 46 93
67 84 27 15 42
14 86 96 28 36
62 29 60 95 47
62 39 55 73 70
60 75 5 29 34
63 27 49 1 61
14 24 43 69 90
30 28 13 76 26
Size
9 9 9 6 3
2 4 10 8 3
8 2 2 6 8
7 10 8 8 9
5 5 5 5 2
3 8 6 1 9
2 8 10 3 5
4 8 2 10 3
7 5 2 5 3
4 7 7 2 7
8 6 1 7 7
2 9 2 3 4
5 6 9 7 5
1 7 8 2 1
9 9 1 10 10
6 2 10 3 9
3 5 3 2 2
8 4 10 4 3
5 6 6 1 1
6 4 6 3 9
5 1 3 5 5
8 1 3 1 7
1 3 7 7 1
2 4 2 1 5
2 1 7 5 7
7 6 1 10 9
7 3 9 7 5
9 10 7 10 8
6 9 7 5 9
8 8 1 5 2
1 6 8 9 7
8 3 3 3 10
3 8 3 10 8
8 2 8 10 5
5 9 7 10 4
3 3 8 5 3
4 3 3 2 3
9 10 8 5 10
7 6 3 6 6
9 10 9 6 7
3 3 7 7 9
6 1 7 10 1
3 8 2 9 6
6 10 3 8 8
2 5 4 4 3
8 9 9 10 4
1 7 7 8 8
2 7 8 6 9
1 4 9 6 3
3 2 10 10 2
NoWait times: 2
0 1
