n 50
m 5
cap 50
Processing
71 2 19 78 77
80 11 73 24 7
67 49 13 71 71
38 77 17 64 3
86 69 54 15 75
94 24 8 38 1
41 41 81 78 88
76 34 74 24 23
44 21 37 11 14
40 34 28 71 60
41 71 51 76 50
61 44 70 30 36
28 53 52 53 36
93 15 57 26 13
70 40 5 99 62
97 25 25 5 16
49 5 3 33 10
23 3 2 39 90
43 19 11 35 48
76 30 82 50 84
40 86 34 43 57
74 48 61 46 2
15 47 98 95 45
82 18 57 25 78
7 61 50 41 84
6 92 21 20 4
42 46 10 91 31
77 87 82 55 83
95 99 48 52 24
91 74 63 73 76
73 87 65 54 28
16 1 65 68 40
42 94 25 15 40
7 84 34 31 81
16 91 97 42 11
78 36 31 11 31
40 46 3 78 91
61 67 75 99 98
21 10 24 92 12
66 47 20 8 21
61 40 16 88 27
94 44 29 8 63
87 97 13 27 10
45 20 42 70 81
67 27 62 7 3
25 43 7 35 66
41 86 47 69 77
63 65 55 63 88
91 79 23 67 55
22 97 4 63 77
Size
7 1 5 2 3
9 9 8 1 8
5 2 3 7 1
6 4 8 4 10
10 8 7 1 9
3 5 8 9 9
7 4 3 9 10
10 9 1 8 5
2 3 2 10 6
10 2 8 9 2
3 10 5 9 5
1 4 2 2 6
7 6 8 2 4
7 3 5 3 1
1 5 7 9 10
2 4 5 8 5
3 10 3 3 5
10 4 9 10 3
3 8 10 3 2
3 4 10 8 4
2 3 2 10 10
2 2 7 10 1
7 4 5 6 4
6 3 7 3 3
2 6 3 10 6
8 1 9 5 8
8 9 3 1 9
2 2 7 2 5
3 4 1 6 6
3 6 8 9 8
7 6 1 10 3
1 7 10 9 1
1 4 7 9 6
1 6 4 9 10
2 5 3 10 7
2 2 3 1 3
10 4 7 10 10
2 4 7 6 3
6 6 9 6 2
4 4 1 1 2
5 5 10 10 4
3 4 8 3 9
6 5 6 2 9
2 7 7 8 4
7 10 4 1 10
3 5 8 9 8
8 9 4 6 9
4 7 8 2 1
4 1 7 1 7
10 2 7 5 4
NoWait times: 2
0 2
