n 50
m 5
cap 50
Processing
66 93 28 90 82
8 56 51 63 19
20 4 49 78 35
41 35 23 43 75
55 38 34 29 60
63 60 1 2 6
93 86 38 86 49
16 34 99 70 60
39 71 76 87 24
18 68 14 66 99
37 99 44 92 20
68 78 34 45 13
34 29 18 77 79
49 31 7 7 50
21 66 93 88 91
100 61 3 54 31
63 48 81 96 4
28 81 65 61 48
47 60 55 48 99
21 55 28 91 80
98 11 81 13 13
51 68 57 9 67
25 19 8 41 93
74 59 81 75 2
71 89 61 96 31
3 86 68 7 36
19 12 50 91 7
39 60 47 66 48
46 28 21 23 37
98 99 90 36 37
28 45 45 59 34
10 99 46 49 79
44 4 38 11 25
58 31 57 48 92
24 35 45 57 88
80 93 12 10 63
79 22 2 74 1
3 46 71 78 43
80 3 32 71 14
74 79 47 99 63
48 2 19 30 54
21 93 14 76 52
9 13 54 98 20
92 3 62 83 26
25 36 85 89 11
48 89 80 2 100
22 32 61 9 93
84 43 88 92 29
91 62 5 20 80
40 17 90 38 31
Size
2 8 1 5 5
6 3 4 1 2
6 2 9 5 9
5 1 4 1 3
1 2 7 9 2
10 5 2 8 7
1 2 1 3 7
9 9 5 2 10
4 3 5 8 3
7 4 5 8 3
4 8 6 7 9
3 7 9 10 5
7 6 6 4 7
7 5 1 4 1
7 9 1 3 3
1 4 3 5 2
3 5 6 9 1
1 4 5 7 9
4 9 10 1 5
8 5 10 10 4
4 4 8 7 6
5 6 3 7 8
2 5 4 6 2
1 10 4 8 5
8 7 3 1 4
8 1 10 8 4
9 3 4 8 7
3 9 5 1 9
1 6 4 6 10
4 9 4 3 1
5 2 5 6 1
1 1 5 3 1
3 6 2 8 8
6 8 9 3 6
3 5 7 1 3
10 2 7 1 4
10 9 3 6 2
2 6 2 4 9
9 1 9 2 9
1 5 2 3 5
3 10 6 1 1
2 10 3 8 3
2 2 9 10 7
9 7 1 4 10
10 3 5 5 6
2 7 1 2 9
4 7 4 4 9
10 4 7 8 5
9 1 4 5 7
2 6 5 7 7
NoWait times: 2
2 3
