n 50
m 10
cap 10
Processing
45 15 53 91 21 79 82 51 82 17
66 11 80 31 80 60 3 60 70 81
21 45 3 3 74 91 44 85 26 97
69 78 61 18 100 63 38 87 88 18
98 83 81 32 92 3 60 86 35 55
69 30 80 49 98 91 54 17 20 96
43 41 49 4 70 30 77 91 63 48
4 36 19 82 2 23 11 47 58 32
3 8 62 89 33 23 50 44 20 93
47 54 13 29 92 35 48 12 40 51
23 60 29 87 26 70 36 29 50 69
88 77 3 53 6 83 61 33 42 1
60 95 57 74 42 36 62 81 46 38
45 48 5 13 60 54 75 25 88 71
65 60 37 37 70 86 83 93 73 60
42 69 17 82 8 52 29 35 41 80
10 50 44 30 18 54 2 81 74 93
46 18 84 82 66 99 71 98 37 28
29 9 34 9 63 9 9 6 80 23
98 77 48 30 89 9 1 6 7 80
4 60 50 92 49 100 14 20 52 18
40 43 92 32 92 20 60 15 52 23
100 52 31 88 73 24 46 41 13 37
49 38 48 69 22 67 25 3 26 63
14 54 17 56 92 67 78 33 89 13
32 66 11 68 98 61 84 64 49 87
57 55 78 99 32 12 11 77 98 51
64 50 22 71 41 53 65 74 30 16
4 73 58 100 33 6 14 60 98 1
85 73 66 63 95 77 70 41 27 75
20 14 47 52 36 13 36 45 1 28
48 73 16 39 36 78 83 19 76 80
22 79 76 19 69 35 99 70 13 60
51 30 78 47 85 63 84 36 7 54
84 29 92 42 35 42 47 78 51 12
54 42 15 71 35 57 10 26 44 81
4 14 14 78 71 34 24 65 53 87
78 87 30 48 1 79 81 90 80 62
19 85 16 49 59 74 63 8 84 59
54 60 80 1 27 1 64 29 3 58
48 11 96 67 16 69 12 33 43 38
19 83 25 45 56 54 28 44 92 86
36 15 17 69 5 59 39 78 87 45
30 34 26 53 23 91 67 9 1 11
6 52 94 19 13 6 6 15 97 31
35 91 45 91 85 48 54 73 5 62
60 38 72 81 41 7 77 55 63 52
86 95 95 49 45 37 36 49 75 8
80 66 69 41 33 43 73 43 60 76
61 10 18 20 51 1 37 81 1 70
Size
4 8 10 10 10 5 4 4 1 5
3 1 1 1 5 10 3 2 1 4
7 7 10 1 1 2 7 5 8 2
6 9 9 6 5 7 8 2 7 9
3 3 1 10 10 3 7 3 5 6
7 5 9 6 9 1 5 6 4 10
7 10 4 5 5 10 6 10 6 8
8 3 5 10 5 3 3 2 9 4
7 6 7 7 5 6 5 1 5 1
6 2 5 2 1 4 10 9 3 8
5 4 7 8 5 9 5 6 1 8
6 6 5 5 6 9 4 6 4 10
5 9 6 8 4 4 1 8 1 9
6 6 1 3 10 10 3 6 6 10
4 10 10 9 1 10 1 6 8 4
5 5 3 6 9 2 2 3 2 7
2 1 3 10 2 10 8 10 1 3
10 9 1 1 4 8 6 7 2 5
3 10 10 2 8 5 3 1 6 6
3 3 6 4 5 3 9 7 6 5
10 5 1 8 2 10 7 3 9 9
2 8 6 2 9 4 8 2 3 10
4 7 4 4 8 9 4 5 7 9
1 5 4 10 5 1 7 6 8 1
7 10 8 6 3 1 2 10 6 3
4 10 1 7 5 10 3 5 4 10
8 6 2 7 8 2 3 1 6 7
5 5 3 1 9 4 7 5 5 9
3 1 6 4 7 1 6 3 8 6
8 6 4 1 7 5 3 5 6 6
1 6 7 8 9 10 9 4 2 9
4 6 2 1 1 5 6 7 6 1
7 1 1 10 2 3 10 9 9 9
3 5 6 6 10 8 6 9 10 7
1 3 7 7 1 8 6 8 1 6
9 1 9 5 2 6 2 5 7 1
8 2 7 6 4 3 9 6 3 7
8 8 10 4 2 8 1 1 2 4
9 3 7 6 7 5 4 3 1 9
9 6 1 9 7 7 2 5 1 6
9 5 7 10 6 8 5 5 3 5
5 2 1 10 5 2 6 3 8 8
8 10 7 8 9 8 5 9 4 7
3 3 5 9 4 6 5 6 3 1
8 5 4 1 10 5 10 3 3 2
3 3 9 8 8 6 9 4 10 7
9 10 7 10 1 1 7 10 3 6
7 3 10 5 4 9 8 10 1 7
7 8 5 9 7 6 4 1 1 1
2 10 7 3 9 5 7 3 6 8
NoWait times: 3
2 4 5
