n 50
m 10
cap 10
Processing
11 12 9 68 68 78 21 76 22 9
49 19 96 42 41 76 65 66 47 78
79 39 87 43 44 92 98 85 88 36
99 82 36 82 73 81 86 33 9 60
59 78 94 54 93 46 96 80 51 87
78 32 2 55 13 10 3 76 88 34
71 72 1 60 68 4 9 31 4 59
80 15 2 39 96 17 38 24 47 66
35 21 93 21 92 52 37 27 11 49
33 98 36 34 60 14 84 45 39 49
15 10 45 82 26 21 32 18 2 95
66 72 56 88 81 42 7 21 52 86
96 82 88 54 10 21 40 49 19 64
55 2 88 78 68 40 60 38 67 89
83 55 92 52 86 22 22 7 53 49
24 95 6 4 11 49 77 1 79 11
27 11 31 72 11 16 66 16 49 98
7 26 89 68 74 82 15 2 73 43
42 59 22 35 46 11 60 55 50 77
58 94 6 40 20 12 91 63 20 89
82 81 41 16 51 5 64 62 94 36
79 88 19 7 54 25 59 90 98 16
21 18 95 6 67 80 28 10 17 69
30 38 66 92 82 50 24 20 59 7
27 12 47 25 41 12 10 26 20 72
90 99 62 7 77 46 37 23 48 57
54 87 5 45 64 22 90 94 49 39
11 35 84 59 2 44 97 47 73 71
22 63 38 54 31 53 31 47 5 33
19 56 34 13 13 82 90 48 2 3
82 73 65 99 39 80 77 71 96 40
88 1 35 92 28 68 85 74 78 55
37 67 78 8 91 8 60 19 31 79
94 85 68 9 77 89 72 38 53 26
96 67 88 18 59 4 18 54 74 56
41 64 34 5 81 2 1 62 2 90
82 59 66 55 88 11 88 76 10 57
74 6 28 54 96 56 23 31 81 89
63 26 85 72 99 40 47 37 40 65
99 79 60 97 26 46 10 71 100 46
54 75 44 10 11 74 46 91 22 62
44 45 24 41 63 68 72 87 81 55
1 81 23 5 69 19 48 34 29 85
44 25 53 58 95 23 66 23 62 90
5 50 60 22 61 91 24 89 91 81
86 55 38 89 10 35 66 73 15 54
39 47 74 60 60 38 48 65 23 14
26 39 43 69 8 76 24 79 74 79
79 66 1 27 42 58 75 51 29 32
5 77 82 14 37 95 45 46 44 100
Size
3 9 9 1 1 10 3 2 4 10
1 5 6 5 8 3 9 5 4 10
4 6 2 6 3 10 7 1 7 4
5 2 2 10 6 9 1 4 9 3
4 4 8 3 7 1 3 5 3 9
2 9 9 8 1 6 2 8 6 1
2 5 1 4 3 10 10 5 5 8
4 4 8 7 9 3 1 1 1 1
5 2 8 6 9 7 9 3 9 3
9 4 5 3 9 6 2 3 6 6
2 4 9 4 9 3 4 6 2 6
3 3 4 10 3 2 10 6 4 1
10 7 1 1 5 3 4 2 6 5
5 7 3 7 5 6 8 4 6 2
4 4 4 5 3 7 9 3 8 1
7 10 9 2 7 1 2 3 6 1
7 5 3 6 8 8 1 2 1 5
1 9 10 7 1 3 5 5 7 6
4 1 10 2 6 3 2 3 3 4
2 10 9 6 7 6 9 5 8 3
3 5 7 2 3 3 2 7 6 10
5 8 7 2 7 7 3 8 3 4
5 8 8 2 6 9 4 9 9 5
9 4 6 10 1 7 6 5 1 10
4 3 4 3 8 10 8 2 4 10
6 2 5 1 7 3 6 5 9 7
10 2 8 3 2 7 4 2 5 7
5 4 4 8 1 1 6 6 9 9
6 5 8 7 10 7 10 4 4 7
6 5 1 4 2 1 3 9 10 3
4 9 2 3 4 9 2 2 2 9
4 8 9 10 3 4 10 4 3 10
9 1 6 5 4 8 8 7 9 4
1 2 9 9 2 1 1 5 5 7
1 7 9 10 4 7 1 4 10 3
3 6 8 9 6 5 7 1 8 10
5 10 9 4 2 6 7 7 9 6
7 6 6 3 1 5 7 9 10 7
1 9 3 2 2 4 4 7 9 1
1 9 10 2 6 9 7 1 1 5
4 8 6 5 8 3 2 10 7 7
7 5 8 8 5 3 8 2 2 4
5 5 1 1 1 3 8 5 2 2
10 9 3 9 8 10 3 2 2 6
6 5 4 2 10 6 10 4 1 1
4 5 6 1 5 5 9 6 8 5
7 4 4 10 5 10 4 4 10 5
5 1 9 5 8 5 6 10 1 4
6 1 3 10 2 5 10 5 3 10
2 7 10 10 4 10 8 4 9 2
NoWait times: 3
4 5 7
