n 50
m 10
cap 10
Processing
98 1 53 20 23 28 39 24 35 90
23 8 52 38 28 63 22 48 59 11
26 31 86 55 56 2 16 77 60 100
14 21 28 78 34 66 1 90 57 50
76 20 31 26 27 68 10 11 3 82
97 49 6 61 93 33 2 62 25 14
62 5 44 81 65 79 89 59 36 88
16 70 8 67 60 69 29 42 79 66
78 50 36 16 35 40 53 94 92 54
58 87 73 43 58 61 27 48 4 65
10 24 47 98 87 73 11 80 13 97
85 28 5 43 70 11 95 21 82 43
73 55 71 2 32 8 65 27 33 67
28 80 21 38 64 52 25 39 50 80
60 67 47 45 38 78 41 40 43 53
69 9 80 48 46 45 41 91 88 44
82 60 37 23 96 65 22 66 38 87
79 92 47 29 13 40 19 73 88 66
85 75 62 17 82 69 77 91 76 35
61 88 63 3 53 93 36 42 88 94
75 88 37 23 12 92 68 38 88 66
50 51 26 20 12 52 70 72 79 55
97 76 81 58 55 12 50 70 72 58
20 43 30 89 50 33 94 66 42 97
61 74 49 88 54 48 82 71 86 76
48 37 20 34 28 10 36 42 44 93
31 55 56 47 85 12 75 35 40 71
62 88 42 32 43 56 46 71 38 65
51 60 66 93 11 26 98 74 62 50
67 17 41 64 22 95 3 72 27 83
75 5 8 4 30 77 74 2 78 62
99 30 27 36 26 10 17 35 27 78
97 25 27 61 2 47 49 84 5 47
35 53 52 61 55 20 6 1 45 36
39 90 67 82 6 2 66 67 20 79
28 99 33 42 59 62 77 65 50 90
84 6 92 12 33 17 79 48 37 48
28 7 15 20 32 69 65 90 53 13
5 84 28 23 100 46 94 60 75 66
21 13 29 38 51 26 23 16 41 60
80 5 56 5 3 81 67 91 34 82
85 33 67 8 65 58 75 75 76 7
48 34 79 93 32 82 47 94 98 51
37 98 79 10 52 82 89 84 56 68
95 42 11 12 60 75 2 43 14 60
9 61 7 61 35 3 83 40 70 10
8 89 82 83 30 52 69 69 45 60
14 63 59 15 49 65 35 9 77 31
86 27 47 33 60 93 75 97 94 48
52 31 64 38 17 20 51 73 83 64
Size
7 5 10 1 7 1 8 9 2 6
8 10 9 8 8 4 7 10 10 9
2 3 6 6 2 10 7 2 1 9
4 4 9 9 8 6 2 9 9 9
10 2 4 9 1 7 10 9 8 7
4 9 8 9 5 1 3 3 1 3
1 3 4 8 10 1 7 10 8 8
8 7 4 5 2 10 7 8 5 2
4 2 4 7 8 3 8 3 9 9
1 10 3 1 9 8 1 10 1 3
1 5 9 7 6 4 10 5 3 6
7 10 1 9 10 6 2 5 1 7
10 1 7 4 5 5 10 4 1 3
3 7 1 5 3 10 9 8 3 9
9 4 5 3 9 6 8 6 1 8
6 6 5 1 5 1 4 2 8 9
10 7 9 3 4 3 8 7 7 10
2 7 6 3 7 9 7 7 3 8
2 10 1 6 2 7 7 10 10 5
9 4 3 9 4 7 8 6 3 2
3 10 6 5 10 8 7 8 8 8
6 2 7 3 6 7 4 4 5 5
3 4 2 7 8 8 6 6 6 4
7 3 8 10 7 3 8 6 8 1
1 2 9 8 8 3 1 9 6 4
4 7 3 10 6 6 2 4 5 7
4 6 3 6 7 3 3 1 1 2
1 6 6 9 9 4 8 7 4 5
4 2 7 1 6 4 2 1 6 7
7 2 2 3 8 3 7 7 3 8
2 2 10 1 5 8 7 7 6 7
7 2 3 3 9 6 5 2 4 9
7 2 7 7 2 6 4 3 10 2
7 5 2 9 3 1 7 9 7 1
2 2 10 7 10 2 7 8 3 9
2 7 1 3 9 6 9 2 7 9
5 6 6 5 3 1 1 7 2 1
10 4 9 2 8 10 5 6 9 5
5 2 8 9 2 1 5 7 7 6
3 4 10 8 4 6 1 3 9 6
8 9 10 5 1 2 3 9 10 10
3 10 7 1 1 4 10 10 2 1
5 3 1 6 10 8 8 7 6 7
2 6 2 2 1 8 8 1 4 4
4 6 9 7 5 1 6 10 2 8
3 8 4 3 8 8 9 5 9 6
2 3 8 6 4 4 2 8 6 3
9 3 3 1 5 5 4 3 7 6
1 4 6 6 7 9 2 8 10 8
8 7 6 10 1 2 10 3 3 1
NoWait times: 3
3 5 7
