n 50
m 10
cap 10
Processing
15 76 71 27 3 90 86 39 87 24
50 31 98 79 48 57 54 12 69 80
14 74 63 55 94 83 90 83 62 92
32 96 26 30 97 45 72 8 9 18
76 11 15 19 47 22 58 13 13 98
95 76 100 53 26 48 46 4 20 52
22 40 25 55 92 20 44 35 48 93
90 49 81 44 61 85 15 52 62 16
72 82 94 65 95 25 75 47 86 66
25 44 11 71 55 43 35 64 98 68
13 7 80 44 90 33 72 74 100 96
83 19 2 13 66 93 19 26 37 20
68 51 12 100 83 84 48 57 97 48
31 63 66 55 29 91 62 92 60 99
25 34 79 79 39 16 88 48 32 25
83 11 53 11 41 7 85 83 66 67
70 39 64 23 20 51 29 15 34 41
29 54 18 24 70 78 21 34 27 51
65 74 25 52 68 33 100 6 71 58
69 55 32 44 6 89 67 17 68 21
29 3 16 100 61 49 48 23 74 40
1 45 59 45 27 62 60 46 73 18
20 30 28 78 66 8 41 88 54 84
6 97 9 50 4 61 67 93 62 13
61 60 32 26 78 21 20 37 84 41
10 24 56 92 88 33 39 2 15 90
38 69 70 60 100 25 10 94 71 30
85 13 56 2 31 18 53 66 16 68
12 21 79 40 18 78 19 32 71 75
56 82 61 84 33 57 67 39 22 21
27 91 25 72 55 69 49 64 34 55
87 78 31 86 14 11 49 69 22 35
14 37 5 48 26 43 3 43 49 13
38 7 7 39 7 75 68 52 27 47
13 3 45 99 16 39 53 58 28 11
12 92 3 47 92 3 88 99 3 29
26 23 18 96 94 95 68 1 16 10
78 93 54 43 48 36 25 73 86 65
99 92 2 77 73 31 47 11 55 3
42 18 25 55 62 21 76 82 54 66
31 34 41 71 79 67 12 2 59 93
22 31 58 40 20 56 4 57 97 97
55 36 17 45 2 78 37 97 78 25
64 13 29 23 82 41 47 5 62 9
64 37 99 16 92 57 81 87 82 78
16 22 70 55 6 63 13 15 38 98
17 5 3 34 63 100 24 33 41 3
2 6 81 98 9 60 41 55 23 61
15 63 91 6 95 64 26 49 45 28
21 63 58 12 16 24 3 72 38 40
Size
5 3 4 6 6 4 7 4 1 9
9 1 8 1 3 9 4 7 1 9
6 3 7 9 2 1 6 10 7 7
5 2 10 7 8 9 9 8 1 10
4 6 3 2 5 8 7 5 7 2
2 9 7 8 3 2 8 1 9 5
6 10 10 10 7 5 7 7 3 9
10 3 5 5 3 1 7 5 6 6
10 7 2 1 3 5 2 3 2 3
6 10 10 7 7 6 7 5 5 1
5 10 4 3 7 10 9 7 7 7
7 4 6 10 3 2 1 8 3 10
3 5 7 10 8 7 7 9 5 8
1 4 1 5 10 6 3 1 5 3
9 1 1 1 1 2 5 9 6 5
1 5 4 6 8 3 8 3 7 10
6 9 5 1 10 6 1 3 6 3
1 4 10 2 4 9 5 5 10 3
1 1 8 5 10 8 5 8 8 2
3 2 6 1 9 4 4 9 6 7
6 7 1 10 6 8 10 6 2 7
9 5 3 5 3 1 9 5 8 8
7 9 4 3 10 2 7 5 1 6
7 5 10 9 8 1 1 1 10 7
6 5 10 8 1 5 1 8 1 6
7 8 8 6 5 1 6 4 7 4
6 6 4 4 7 1 2 7 7 5
5 5 7 2 8 10 10 2 3 6
9 4 6 6 2 3 5 2 1 1
4 8 1 9 9 4 2 1 10 6
3 1 6 10 9 4 10 8 3 3
6 7 5 10 9 5 7 5 5 6
6 10 8 9 4 4 8 5 8 8
6 2 9 2 6 3 5 10 10 10
2 4 9 4 1 3 2 4 3 8
2 4 7 10 5 3 4 3 7 2
7 3 9 9 4 7 6 7 3 7
2 6 3 9 1 8 4 1 1 3
1 8 1 5 6 6 1 4 3 7
1 10 4 6 8 3 9 2 8 8
4 7 1 4 2 10 3 7 2 7
7 5 10 10 9 3 9 2 7 1
3 6 2 9 4 5 4 4 9 1
10 8 10 2 2 7 2 8 1 5
8 2 2 9 6 4 7 2 8 7
8 1 3 5 9 3 5 4 4 3
7 8 1 8 5 8 5 9 3 4
4 1 9 2 9 8 7 1 10 7
1 1 7 1 6 2 10 2 10 4
5 9 2 9 9 10 1 3 6 1
NoWait times: 3
3 5 8
