n 50
m 10
cap 10
Processing
21 55 72 84 7 75 21 35 4 9
80 44 10 96 29 4 6 58 25 73
25 47 75 75 17 53 21 81 34 17
94 68 84 89 67 16 86 22 58 49
4 43 89 11 12 51 27 93 49 15
52 81 66 19 23 79 38 72 49 67
62 39 95 6 1 99 8 46 23 32
33 13 34 34 64 56 96 59 8 32
44 63 22 96 29 50 41 8 22 78
71 81 1 7 72 49 11 54 45 94
6 84 19 84 35 12 4 48 25 81
45 57 34 82 49 93 29 54 3 36
12 19 44 76 81 65 59 39 71 40
9 68 7 5 83 70 99 59 29 91
27 17 34 63 56 61 38 62 73 12
63 34 46 68 3 2 55 55 42 94
74 4 8 94 68 77 90 59 27 42
24 34 58 1 42 20 100 16 90 67
42 13 100 90 97 78 83 35 65 84
32 4 98 82 16 39 13 42 50 97
19 26 2 7 5 11 100 49 3 90
13 14 14 62 19 12 88 55 75 2
55 100 31 100 33 22 59 23 86 84
86 73 11 17 70 9 40 27 70 9
96 21 4 18 9 28 75 48 74 68
64 62 41 90 46 64 45 57 76 29
17 47 22 96 7 5 55 39 29 6
61 54 69 96 26 74 73 39 61 62
40 25 6 88 71 21 41 56 75 24
6 37 88 78 67 10 23 91 32 44
65 94 24 48 77 97 53 34 77 7
79 14 74 37 1 86 28 65 83 90
28 50 72 46 21 70 31 1 98 53
6 90 81 61 87 4 68 16 62 54
49 72 51 76 2 7 33 19 49 13
10 92 99 14 2 98 5 16 9 25
19 46 27 58 5 86 45 46 43 95
40 87 31 9 75 97 77 100 62 95
28 1 29 17 42 91 67 68 99 45
95 91 11 33 51 48 53 51 14 39
71 78 80 22 19 100 87 49 50 61
39 48 4 90 82 83 18 100 93 44
71 61 84 51 65 57 83 28 80 33
9 17 19 25 35 50 98 63 1 69
37 62 54 81 21 24 63 85 71 75
80 97 39 58 14 1 27 25 23 58
55 97 20 56 41 100 14 87 20 56
38 37 4 76 2 3 54 52 58 71
6 45 85 18 74 72 47 3 27 37
47 12 8 42 87 31 28 1 48 96
Size
6 5 3 7 6 2 4 10 1 6
5 6 1 10 5 7 2 4 10 1
5 4 5 6 6 7 5 1 8 10
5 8 1 9 1 7 5 7 7 9
9 8 2 10 10 8 3 2 2 2
4 2 8 10 6 10 10 1 10 8
1 9 3 1 8 1 4 4 7 8
4 10 7 2 6 8 9 10 2 2
6 5 3 9 7 7 4 8 4 3
2 8 9 6 5 3 4 9 2 3
6 1 7 2 9 4 7 5 7 8
5 7 5 8 6 9 5 10 6 9
5 6 5 4 1 4 9 10 3 6
7 6 3 4 9 1 10 9 3 7
10 9 3 1 3 8 9 1 10 5
6 3 8 3 9 4 5 9 4 6
8 5 4 6 7 8 7 5 6 5
1 7 10 8 2 5 4 7 6 2
7 9 2 7 2 2 7 1 4 8
10 8 7 5 7 3 4 3 8 7
6 8 10 2 2 3 6 5 10 8
1 1 1 3 3 9 4 2 4 4
6 9 7 1 9 3 7 9 6 5
8 2 6 3 2 10 9 9 5 10
9 9 6 8 3 10 10 8 9 2
5 9 1 10 4 4 7 5 9 1
7 5 7 3 7 5 4 1 6 2
10 7 6 6 8 1 8 10 8 9
8 9 3 7 6 6 2 8 6 6
4 2 1 4 1 6 4 7 9 9
9 3 7 8 6 4 3 7 3 7
7 10 7 6 4 8 4 4 5 9
7 3 8 10 6 9 1 5 7 3
4 3 3 4 2 6 10 2 10 8
5 8 2 2 2 2 5 5 7 7
3 9 7 7 8 2 9 2 10 10
10 3 4 6 10 10 9 10 8 2
1 10 2 3 5 2 5 9 5 9
8 1 7 7 5 7 5 6 10 7
4 7 9 5 7 1 8 8 3 3
6 8 10 5 9 3 3 9 6 9
3 7 1 10 3 7 3 5 10 9
9 9 8 4 6 1 5 3 6 1
2 4 7 3 5 8 8 8 1 6
6 7 9 1 6 4 5 8 10 2
2 3 9 9 6 7 4 3 2 6
7 10 3 8 5 3 2 2 2 5
7 5 6 10 8 5 7 2 2 2
1 10 1 1 4 6 5 1 10 1
6 9 1 3 2 1 3 2 3 9
NoWait times: 3
2 4 8
