n 50
m 10
cap 10
Processing
40 89 39 70 82 30 90 51 17 28
54 91 1 54 91 48 60 57 34 60
88 98 86 94 32 93 9 43 92 37
55 29 83 98 17 88 62 39 79 2
31 83 67 62 16 29 53 9 52 83
38 87 70 16 86 31 56 16 73 71
22 64 92 17 94 2 69 80 8 76
18 30 13 60 96 60 14 49 32 82
76 8 32 43 52 95 85 11 36 48
70 72 34 31 89 11 99 26 23 29
60 96 73 33 66 19 66 70 80 70
72 85 53 94 39 75 17 22 8 2
17 37 54 12 99 10 78 56 50 68
39 2 57 29 79 37 79 4 73 3
86 76 12 63 47 21 54 51 82 47
8 64 79 69 57 37 26 15 60 26
72 49 53 1 17 8 100 8 7 65
65 58 87 21 83 13 58 4 1 89
8 64 69 29 65 41 99 25 69 51
78 40 18 9 47 16 7 68 37 35
92 4 38 58 34 85 64 25 37 78
8 15 3 18 85 40 98 94 64 72
53 21 8 30 99 65 98 79 67 48
93 90 22 48 66 6 46 83 73 40
3 93 85 94 29 39 40 33 29 82
34 11 13 26 29 78 36 70 83 19
65 52 9 99 38 7 27 84 99 68
52 20 41 56 77 98 30 3 74 4
90 97 75 71 92 100 85 73 72 66
71 46 73 85 46 92 88 40 87 61
68 82 11 88 91 55 87 55 50 95
67 68 16 83 32 8 62 75 22 33
19 51 78 4 39 81 69 28 57 44
49 87 42 48 80 33 79 94 42 100
74 7 79 37 36 37 82 62 3 3
9 75 61 27 99 74 7 43 37 72
30 97 42 58 2 66 62 95 81 88
86 47 18 12 50 10 19 77 100 76
55 70 12 27 11 18 46 2 42 78
42 55 51 2 84 88 77 70 62 57
47 2 32 2 1 87 73 18 39 40
35 46 82 42 91 12 55 72 81 43
54 42 37 91 76 36 28 10 76 77
79 4 41 100 25 96 49 18 33 24
43 35 66 39 66 91 30 41 26 85
32 23 58 39 32 90 35 72 70 88
100 94 3 90 6 1 68 67 74 70
64 99 92 78 91 30 3 40 38 26
8 3 25 95 46 42 54 17 4 61
47 38 31 48 87 8 75 99 8 14
Size
10 9 4 4 9 3 10 7 4 10
5 6 8 8 4 4 7 3 10 5
4 6 7 1 6 3 8 8 7 10
8 2 7 9 9 5 3 6 8 10
10 4 5 7 1 9 6 8 4 10
10 3 4 4 7 10 8 3 3 8
1 4 8 3 2 6 9 10 9 2
6 6 9 4 3 4 4 2 3 8
7 6 9 3 3 8 6 1 9 10
4 4 7 1 1 6 5 8 3 5
9 4 4 2 8 7 10 9 3 5
9 7 1 8 8 6 1 2 9 4
9 10 5 8 6 1 2 3 8 3
5 9 7 3 10 6 7 6 10 1
3 5 1 1 6 6 2 5 9 7
10 8 6 6 8 1 5 1 4 6
6 6 5 7 7 8 7 4 9 2
10 4 7 2 2 2 10 7 5 3
6 4 3 4 10 6 5 7 10 9
5 5 1 9 6 10 1 5 1 8
8 10 7 2 2 5 6 10 4 5
5 5 7 4 8 3 4 8 3 7
10 7 5 6 10 9 3 2 10 8
9 10 4 3 9 2 1 9 4 10
1 2 3 6 10 5 10 5 6 3
6 6 6 4 2 8 8 4 4 10
6 8 4 4 1 10 7 9 7 5
6 1 2 3 5 9 4 10 3 3
5 8 1 9 10 4 1 8 9 6
1 1 7 6 2 7 6 1 5 4
5 10 6 6 1 9 3 1 8 8
5 2 1 6 3 5 3 2 1 4
8 9 2 7 2 8 3 5 5 1
8 7 10 4 7 9 9 2 4 3
8 1 10 6 8 3 2 3 5 1
10 10 1 3 4 4 10 6 10 9
2 10 4 5 3 5 10 10 6 8
5 3 5 6 10 3 2 8 4 5
6 1 2 4 3 2 10 5 3 4
2 4 8 4 4 7 8 5 6 6
6 5 2 7 2 4 7 7 1 6
9 3 10 5 10 1 9 1 8 6
7 6 5 2 3 10 9 7 2 10
5 10 8 10 2 7 6 10 3 9
8 2 5 1 10 10 6 9 4 2
4 5 5 9 2 6 4 7 6 2
8 1 4 5 1 5 2 6 4 4
2 8 6 8 2 5 7 7 7 10
3 8 4 6 1 3 8 8 2 5
6 7 10 1 7 6 9 10 2 2
NoWait times: 3
0 6 7
