n 50
m 10
cap 10
Processing
84 31 46 13 23 82 45 50 48 46
23 5 62 55 24 25 64 56 72 59
70 95 76 36 68 30 36 44 31 97
66 71 25 84 28 88 20 23 33 57
97 74 83 19 68 20 85 47 47 79
80 52 60 60 100 37 43 63 53 44
55 49 19 35 87 66 23 25 54 6
71 22 88 17 45 19 63 57 54 100
32 13 46 29 100 17 56 6 19 83
6 19 28 84 31 69 39 21 17 91
81 22 89 31 100 44 50 97 3 10
92 17 42 69 80 67 52 77 19 82
97 68 26 72 19 71 37 78 42 52
15 28 77 2 62 6 78 70 35 43
44 52 23 69 21 13 59 57 6 19
46 99 94 99 75 47 49 17 72 11
23 13 47 91 49 36 6 97 76 91
20 62 100 65 44 59 29 39 87 32
61 73 59 70 68 47 54 34 11 95
100 2 93 22 15 21 38 8 90 43
81 37 88 86 29 33 61 77 55 10
38 56 65 62 1 62 57 40 53 29
96 66 38 44 97 71 91 71 24 93
45 57 27 18 21 40 9 45 33 42
77 46 39 20 44 17 87 18 49 42
66 92 83 23 51 20 49 27 75 94
82 62 58 23 49 39 91 8 63 84
61 25 34 90 4 67 10 80 93 41
87 20 92 88 32 44 25 36 48 96
51 6 50 34 92 98 84 51 97 39
16 52 19 21 40 64 16 31 3 9
44 30 50 20 2 89 52 93 14 10
53 59 14 15 66 56 65 89 63 87
60 8 22 6 52 41 52 86 6 75
64 74 38 79 41 13 53 7 7 42
32 42 37 42 26 46 41 61 65 76
31 26 61 5 72 14 61 61 82 77
73 28 89 2 21 31 64 22 35 16
73 7 68 58 92 68 42 28 60 42
5 38 13 58 17 30 85 1 20 5
29 36 35 96 29 2 61 73 82 68
27 93 7 32 73 28 24 76 99 49
56 61 1 85 8 35 8 2 46 5
70 70 33 21 68 42 37 87 64 71
77 47 68 84 31 15 95 91 21 31
93 74 69 42 10 62 99 45 65 75
18 87 25 68 15 81 66 6 34 77
96 79 62 16 55 26 88 76 100 78
82 86 67 2 92 30 24 30 11 48
38 14 25 96 12 43 74 47 95 91
Size
7 6 1 1 10 6 1 8 2 7
8 5 6 6 4 6 6 9 8 3
10 5 2 10 4 8 2 5 4 7
8 1 7 8 5 6 3 4 9 6
6 1 6 10 6 9 8 3 8 8
10 5 5 3 4 10 8 6 4 6
10 6 6 6 1 2 4 10 5 4
1 8 3 7 10 2 9 10 3 3
5 8 5 3 3 6 9 7 10 2
6 4 3 10 3 5 3 4 6 4
4 5 7 10 7 3 9 5 8 6
9 5 5 4 2 2 6 1 6 1
1 6 3 6 1 7 10 7 4 7
6 9 5 2 10 9 3 7 1 8
8 1 4 9 9 6 3 8 8 8
9 2 10 1 10 9 5 10 9 6
5 8 4 10 9 8 4 10 3 5
5 2 3 1 9 9 1 10 6 7
5 4 4 8 1 2 9 7 3 9
5 5 2 7 9 3 6 1 5 5
8 7 9 8 9 2 8 9 2 9
7 4 4 8 4 4 1 8 5 4
4 10 6 4 5 3 2 1 3 2
6 6 10 7 10 2 10 1 7 1
6 10 5 7 5 5 1 5 8 2
3 7 6 4 4 2 3 9 6 10
5 2 7 10 2 4 8 4 4 4
2 6 7 6 2 8 9 10 2 7
9 9 10 3 9 1 4 5 9 10
9 7 4 2 8 1 5 9 7 8
3 4 1 7 7 5 7 7 1 5
7 7 10 5 3 10 1 1 2 2
1 1 9 10 5 8 2 4 8 4
3 5 2 5 3 1 2 7 6 5
7 7 6 8 2 7 9 8 2 7
7 4 5 3 3 4 7 3 9 8
7 10 2 5 10 9 8 9 4 8
9 8 9 2 7 6 7 6 7 7
6 7 6 7 5 4 8 6 8 9
8 9 2 4 4 9 5 3 6 9
6 8 7 2 7 7 1 10 2 8
10 7 10 6 8 4 4 7 8 10
9 8 1 9 1 7 8 4 10 4
8 1 2 6 3 2 2 9 6 5
5 4 9 4 6 7 10 4 3 6
9 2 4 5 8 6 5 6 3 4
2 2 8 2 1 4 7 7 4 5
9 7 6 3 7 5 2 3 8 2
5 3 8 5 3 5 8 8 7 9
2 1 5 6 8 7 10 10 9 4
NoWait times: 3
4 6 7
