n 50
m 10
cap 10
Processing
91 87 95 83 100 39 80 84 70 58
6 33 59 87 4 19 6 70 42 47
20 63 14 44 91 33 47 96 83 47
2 77 91 54 90 2 15 92 96 94
60 63 33 80 98 43 79 76 45 58
88 88 87 87 40 94 35 34 88 54
15 70 37 8 27 16 61 81 34 34
13 65 52 22 40 3 61 91 63 64
74 61 10 64 65 95 65 48 62 5
53 84 56 53 30 25 83 47 5 4
76 65 79 2 8 60 89 3 37 56
79 18 59 59 54 89 69 28 45 69
13 60 34 49 58 58 33 83 6 92
56 10 49 83 1 63 74 72 41 52
12 12 72 82 36 65 97 67 35 11
61 30 6 17 74 5 40 50 85 57
68 68 16 16 18 59 38 52 95 96
86 83 86 82 45 75 58 66 7 75
47 34 38 34 59 48 28 15 31 49
70 18 37 89 44 55 34 12 85 49
60 57 1 34 28 48 72 34 59 74
20 58 3 6 76 46 72 53 70 25
21 23 67 60 54 18 43 68 7 42
57 53 100 14 11 61 37 4 82 36
62 42 90 60 66 12 26 50 15 72
46 26 78 60 79 94 67 33 34 18
6 2 52 8 69 26 74 99 96 56
20 52 95 53 35 31 28 13 86 80
85 96 38 68 29 14 18 55 68 86
60 72 91 47 68 67 1 17 4 48
72 43 69 5 11 27 39 2 71 29
14 70 80 95 23 15 37 73 59 63
19 9 99 55 39 71 16 75 95 76
25 85 72 6 5 92 81 27 4 53
15 88 66 96 26 67 1 77 74 39
91 28 19 57 67 5 77 69 27 44
99 85 100 59 15 2 21 39 74 88
9 70 11 67 92 91 50 70 5 1
68 30 41 43 69 42 48 31 65 42
80 81 4 30 64 92 6 80 80 12
74 58 80 80 67 52 63 95 62 37
46 83 63 82 51 37 69 64 79 43
67 80 45 65 36 14 96 18 81 3
20 38 16 63 6 41 94 18 2 62
33 75 4 100 80 72 47 48 67 93
81 76 89 28 51 97 25 54 13 55
45 74 53 88 60 98 92 24 16 11
64 42 99 58 76 63 40 75 64 79
6 37 58 58 31 91 6 60 94 60
88 79 78 16 8 18 96 36 53 6
Size
5 5 7 8 9 4 9 1 10 8
1 4 6 7 5 8 2 10 1 4
4 1 1 3 3 8 1 5 7 3
2 8 9 4 7 1 5 8 8 1
3 5 10 3 6 9 7 2 4 3
3 10 3 5 5 3 9 1 6 2
6 10 3 9 1 9 8 4 7 5
10 4 4 4 3 2 2 10 2 5
1 3 3 6 6 10 7 2 8 5
7 9 7 5 5 4 1 7 8 6
10 9 5 3 2 8 6 9 5 3
6 9 4 9 2 5 1 7 6 4
6 9 4 3 7 3 1 2 7 2
3 2 10 9 4 5 5 5 1 9
5 3 9 1 3 4 5 6 3 1
8 7 6 10 1 10 5 2 2 3
4 7 3 3 2 6 1 6 7 9
8 6 6 2 8 7 1 5 7 2
7 4 2 6 5 5 7 3 6 8
8 5 10 9 1 9 5 7 4 8
8 5 9 4 3 3 7 6 3 2
6 9 1 1 9 2 4 9 1 8
5 10 10 4 2 2 1 1 8 3
2 10 9 3 4 5 9 3 5 8
3 10 5 4 1 9 6 10 6 4
7 6 1 4 9 9 8 8 7 6
9 2 3 10 5 7 6 2 8 10
7 6 3 8 10 9 3 3 9 3
10 10 10 2 2 1 7 7 2 4
4 9 3 8 7 5 4 2 9 1
9 10 8 9 9 7 9 4 5 2
10 9 8 3 2 8 5 8 7 5
9 3 10 2 5 10 1 8 2 6
3 6 4 10 5 1 5 5 5 7
10 10 4 10 10 10 8 8 2 10
6 1 3 5 10 8 7 3 10 3
10 3 1 2 1 7 8 3 1 10
10 1 7 2 5 9 7 10 8 9
8 10 3 10 7 1 8 10 4 7
8 2 6 4 3 8 6 7 5 3
5 10 1 6 2 9 10 3 8 3
2 1 9 8 10 9 4 4 10 4
3 5 7 6 8 4 1 10 3 3
2 8 5 9 8 10 2 6 6 9
9 2 1 1 6 10 3 2 2 7
6 6 8 7 1 3 7 5 1 4
8 5 10 1 3 9 4 3 7 8
1 8 5 10 8 7 5 1 4 8
10 1 9 1 1 8 10 1 9 6
9 6 3 9 6 5 4 1 4 4
NoWait times: 3
3 4 7
