n 50
m 10
cap 10
Processing
45 78 43 25 25 32 2 8 29 81
18 93 13 33 2 15 92 55 70 62
58 8 97 54 89 69 4 12 51 56
39 91 54 42 54 8 81 4 62 6
71 87 71 5 24 64 66 9 71 33
82 1 71 11 42 24 64 3 85 50
10 44 47 90 88 34 43 40 60 82
34 53 91 18 47 79 39 19 63 35
73 14 17 37 17 95 64 13 23 7
72 3 7 13 73 2 60 80 59 50
23 13 41 29 37 32 60 23 11 14
7 61 46 50 93 49 82 30 8 16
17 62 94 38 43 52 97 95 37 50
46 14 41 7 81 23 13 66 3 75
57 13 83 35 34 95 94 49 77 67
73 26 64 21 59 28 14 91 90 16
8 57 18 77 90 37 43 77 48 81
27 44 37 51 19 31 6 73 92 70
81 26 56 100 6 22 92 62 19 68
95 75 15 29 88 92 35 60 22 82
18 89 24 38 25 69 63 89 10 61
17 22 25 84 44 48 51 82 80 55
81 45 86 76 2 95 57 14 24 80
57 5 79 15 44 53 63 36 98 49
52 25 58 15 97 92 96 10 58 65
44 22 36 84 86 76 47 84 47 94
44 44 74 81 61 92 72 49 36 45
83 78 26 54 42 66 17 96 35 51
64 95 38 87 41 45 58 12 2 20
18 45 67 82 63 37 91 60 67 50
21 18 3 77 66 4 69 51 44 72
95 52 61 12 78 72 99 33 38 29
97 72 19 56 60 35 31 2 27 28
75 59 34 25 20 83 14 21 49 98
24 52 26 64 87 94 20 92 80 50
7 17 94 22 53 20 52 6 97 9
34 13 11 40 5 77 14 16 85 48
38 4 9 78 29 30 57 36 12 95
85 43 55 56 67 39 18 58 10 53
42 66 70 21 47 75 74 22 13 15
94 89 63 57 79 47 42 58 12 39
23 52 78 99 91 93 27 14 2 48
13 71 71 96 80 2 51 99 4 74
24 49 74 15 86 93 68 23 48 1
64 93 88 100 70 49 40 18 1 28
100 60 81 20 71 64 53 12 13 35
59 53 89 83 38 35 51 26 77 84
39 8 43 4 65 23 60 99 87 2
13 66 73 74 35 72 83 15 85 20
91 83 28 43 19 26 48 3 92 7
Size
4 1 6 4 10 3 10 1 7 3
7 1 10 9 7 3 1 5 8 5
7 1 3 2 7 3 5 5 5 6
5 2 3 1 3 4 2 6 2 10
5 3 7 9 9 2 10 1 6 1
3 3 2 4 8 8 5 10 3 10
3 4 9 6 2 4 5 9 5 4
7 1 4 1 7 9 4 9 2 10
6 5 10 5 5 2 4 2 7 4
10 1 4 4 8 10 5 5 7 9
3 4 8 4 7 10 3 3 3 7
2 2 1 4 1 5 8 4 4 10
7 4 3 3 6 8 2 4 4 4
9 5 1 5 6 1 3 8 6 9
9 10 8 2 2 2 7 4 10 5
6 2 8 5 5 10 4 4 3 8
6 10 6 9 2 9 5 5 5 8
6 3 7 10 6 6 6 8 2 9
8 5 1 8 3 10 5 8 1 7
8 9 3 5 8 9 9 3 4 3
10 6 1 8 3 2 3 6 1 3
4 6 5 9 7 5 8 2 1 7
5 8 7 9 4 3 5 10 5 6
6 9 6 3 8 5 10 7 7 7
1 9 4 8 4 4 5 8 9 4
3 8 6 10 7 9 4 10 9 8
2 5 5 7 10 4 8 2 7 7
5 3 3 4 7 5 3 6 8 3
4 1 5 7 8 2 3 9 1 5
9 4 3 9 1 4 4 10 6 9
9 9 6 10 8 10 9 4 2 5
2 3 9 6 1 4 3 9 10 2
1 4 10 1 5 4 7 2 10 9
8 8 9 6 9 10 8 5 9 9
5 8 6 9 7 10 7 3 1 9
5 2 8 10 2 3 6 9 2 9
2 10 8 2 6 3 9 5 5 4
9 10 1 8 7 3 3 8 8 2
4 7 10 10 2 6 2 5 6 6
9 2 7 7 8 6 8 2 6 2
10 9 6 5 7 2 2 6 6 1
6 6 5 5 8 2 1 2 2 3
7 5 10 1 10 10 7 1 6 10
1 2 2 2 2 3 5 3 5 6
9 1 2 3 10 5 8 4 5 8
5 10 5 7 4 1 1 8 9 5
10 5 4 7 7 6 9 5 10 2
2 3 4 2 1 3 4 8 1 8
8 3 8 7 4 3 5 10 5 1
3 5 5 10 4 9 4 10 2 3
NoWait times: 3
0 4 7
