n 50
m 10
cap 10
Processing
33 40 55 53 76 88 42 80 21 36
76 77 55 94 50 76 94 22 89 29
95 15 43 24 74 20 3 14 2 78
90 35 76 59 40 27 30 52 69 52
11 82 4 10 57 9 3 50 61 4
40 62 75 35 42 35 73 45 3 39
72 99 61 98 25 5 14 60 95 16
25 23 34 24 97 52 78 79 64 9
55 88 41 8 17 46 81 85 85 11
74 53 50 58 96 65 11 92 46 29
54 36 96 47 82 84 79 52 88 54
10 20 54 98 95 18 99 63 58 43
100 26 98 27 87 17 53 77 88 90
19 23 58 83 56 31 58 10 83 9
5 36 21 57 44 86 22 51 28 84
52 79 94 94 66 95 63 84 67 40
100 54 39 13 87 81 40 57 44 4
62 41 69 56 72 64 39 59 80 55
49 88 67 19 89 29 48 46 47 48
61 34 64 66 17 86 6 94 82 76
91 30 37 19 91 79 60 84 48 51
88 89 23 42 100 83 48 98 11 8
7 60 44 96 55 8 7 64 84 77
7 30 79 50 2 90 12 87 67 16
21 87 100 63 68 67 60 51 45 47
47 67 80 14 5 51 68 48 49 76
70 82 57 7 29 23 74 55 12 80
47 42 57 23 37 43 1 49 100 16
91 25 99 58 16 27 95 18 59 71
32 15 72 39 89 14 67 61 96 79
35 23 26 4 39 11 11 84 9 32
46 42 68 76 79 43 12 6 29 23
47 56 6 60 58 21 93 82 80 70
30 99 41 49 71 84 93 37 4 50
28 15 34 80 94 40 15 90 1 64
85 25 80 51 41 58 18 59 1 77
64 70 23 22 1 40 78 42 27 21
39 45 30 92 77 64 57 33 70 37
43 2 96 24 72 45 79 29 4 65
92 17 100 36 47 84 100 9 38 11
1 60 3 28 24 28 94 9 39 90
5 87 29 81 26 28 86 97 88 22
38 72 78 83 100 55 82 85 44 91
70 1 96 83 28 37 93 39 76 83
62 72 32 74 46 7 25 94 41 37
49 29 17 89 39 37 58 80 83 52
34 84 48 57 56 47 51 55 14 36
16 86 52 95 94 100 79 92 62 93
8 81 58 3 89 95 68 67 66 32
70 82 14 24 24 39 78 28 28 53
Size
10 9 7 6 3 5 1 7 6 4
9 8 10 6 8 3 4 8 7 4
7 6 6 6 5 3 1 10 10 2
2 2 10 5 3 1 8 4 1 4
6 7 8 1 7 1 3 6 5 6
7 6 6 10 6 5 6 1 7 1
9 6 2 3 3 3 9 8 2 3
4 1 2 6 8 1 2 9 9 4
8 6 10 1 6 10 6 4 5 6
3 9 8 7 9 9 8 2 3 1
7 3 1 8 7 1 3 4 4 7
1 10 2 7 10 10 8 7 5 3
5 7 7 2 1 5 2 6 5 8
9 10 1 2 10 1 3 4 9 3
1 8 4 7 5 8 6 4 9 1
9 10 5 10 9 2 8 4 7 10
8 1 10 10 2 6 6 5 9 1
3 4 7 1 10 6 5 4 10 2
6 3 5 6 2 3 7 8 9 6
3 2 7 8 2 3 2 9 9 10
6 2 5 1 5 3 5 1 1 5
1 4 1 7 8 5 6 6 10 7
4 8 10 8 9 8 1 2 4 6
2 3 9 4 5 9 4 1 8 10
10 1 10 5 8 5 7 6 2 3
2 6 2 10 7 7 6 3 2 10
8 3 5 7 2 9 10 10 9 1
7 4 2 9 8 6 1 6 9 7
6 8 6 6 1 7 7 1 1 4
7 8 8 5 10 10 2 9 8 6
10 3 7 3 2 8 2 6 10 6
4 3 1 6 7 10 5 3 6 8
4 8 8 4 4 7 4 8 4 5
1 8 3 10 1 1 2 8 7 6
6 8 10 4 10 1 4 8 1 8
9 7 7 6 7 6 10 5 1 1
9 7 7 3 8 7 4 6 2 1
8 6 7 8 10 5 4 7 8 6
10 6 10 2 7 1 3 1 10 3
2 6 3 6 10 1 6 1 7 8
9 10 6 2 5 6 6 3 8 5
7 7 3 4 1 4 9 1 8 2
7 8 1 3 3 6 8 2 8 7
1 9 1 5 1 8 6 10 8 4
2 1 1 4 9 7 5 1 1 5
1 2 2 7 7 5 6 10 5 5
1 10 6 7 10 1 3 9 1 8
8 8 8 9 3 4 1 1 9 7
9 3 9 3 5 10 4 6 6 10
7 8 5 3 1 10 4 2 10 1
NoWait times: 3
0 1 2
