n 50
m 10
cap 20
Processing
33 17 45 22 73 77 74 90 72 97
68 40 29 87 81 92 54 7 91 60
24 6 28 67 100 21 62 18 82 85
88 74 66 7 14 90 70 48 96 6
12 82 73 77 52 23 79 75 2 90
55 99 88 75 92 27 33 45 59 47
75 68 98 46 22 84 52 55 31 48
73 69 18 87 5 37 60 16 18 66
67 42 53 51 19 60 78 85 95 31
66 98 84 38 90 27 97 95 87 36
28 81 63 5 53 21 21 12 92 13
4 18 6 74 10 38 69 21 51 87
68 10 48 89 33 93 25 78 21 39
74 69 78 35 99 100 38 15 59 2
91 56 86 7 6 87 38 47 14 86
6 47 63 90 24 88 88 11 70 54
58 29 73 57 45 74 26 50 56 62
20 83 87 19 24 92 67 86 97 1
22 14 75 30 21 45 35 54 31 59
1 46 60 65 75 83 2 71 28 80
76 56 5 62 65 18 93 91 12 60
28 5 77 49 88 79 15 81 10 81
87 4 15 99 15 36 63 30 85 5
60 54 21 89 69 71 12 26 2 69
66 20 16 70 42 6 22 21 2 6
52 22 48 69 79 60 38 32 42 18
21 22 15 81 40 41 43 93 52 99
39 83 63 57 69 95 12 32 46 100
39 57 65 3 56 50 29 52 88 72
15 2 81 82 53 44 92 49 47 29
52 45 88 75 55 9 71 98 64 91
35 77 49 77 35 89 10 36 7 6
57 48 95 23 40 26 37 45 34 51
36 46 67 80 14 98 17 76 58 14
20 92 86 17 4 96 32 39 92 95
86 100 52 86 99 45 73 11 74 51
34 33 48 99 7 56 89 11 63 93
45 8 94 77 51 17 44 26 60 36
46 93 26 54 53 42 24 25 3 66
89 67 38 28 82 85 27 43 24 34
15 46 14 92 62 18 75 34 67 52
54 18 7 55 27 77 44 36 1 3
61 87 38 20 32 58 80 31 73 22
74 33 65 91 30 48 28 31 23 25
20 64 3 65 57 4 79 7 37 37
43 44 77 68 66 69 52 49 35 80
69 26 42 69 72 100 23 80 19 40
82 17 39 52 85 5 77 28 95 62
76 98 86 59 72 91 99 3 57 39
11 52 93 45 52 85 13 82 71 98
Size
2 9 3 9 5 4 9 10 6 1
6 3 3 8 10 4 2 4 6 8
3 3 7 5 4 1 10 5 1 2
10 6 8 4 7 2 7 5 4 2
9 7 4 4 9 1 6 10 8 7
7 10 10 5 2 9 1 7 3 5
1 2 8 1 10 7 2 3 9 10
3 6 1 10 10 8 10 8 5 3
3 4 5 1 8 3 9 7 8 3
7 6 2 6 7 1 10 4 3 7
2 1 2 1 8 5 5 8 8 5
6 8 5 4 6 3 1 4 2 1
5 10 2 2 9 7 2 3 7 2
3 10 10 4 6 4 7 9 4 10
5 10 10 9 9 10 9 2 10 8
7 6 5 3 2 2 5 7 1 2
6 10 5 6 6 7 6 6 7 6
3 8 7 3 7 6 9 10 6 10
6 2 3 10 2 5 8 9 4 5
6 7 10 3 3 3 3 3 6 9
6 5 4 4 3 10 3 4 3 3
9 9 5 3 6 8 8 8 9 3
10 3 9 9 10 4 5 8 8 7
3 6 10 6 5 1 7 6 6 6
10 1 10 10 2 8 3 8 4 10
2 2 3 1 5 10 2 4 8 5
2 5 7 2 3 6 9 3 5 5
1 1 6 9 5 1 2 9 5 1
5 3 6 6 9 5 2 2 9 3
10 3 4 9 3 5 10 7 3 4
6 6 1 6 10 5 3 7 8 9
8 7 8 9 2 6 4 5 1 1
5 8 9 1 8 6 1 9 10 7
1 3 8 5 4 4 6 5 2 4
1 4 4 3 2 7 5 8 9 2
8 3 4 5 1 5 10 1 1 10
4 2 6 10 10 3 10 9 10 6
8 8 4 6 2 8 10 4 6 5
2 4 10 10 5 10 2 5 2 3
6 4 2 1 10 1 8 3 8 4
5 7 9 4 9 6 5 1 1 6
1 4 5 2 3 2 10 4 10 6
1 9 4 4 7 2 1 5 8 2
6 7 7 8 1 6 4 3 7 3
2 10 2 3 6 6 7 4 9 9
4 7 9 3 3 10 7 10 3 1
8 10 4 2 2 2 2 7 10 2
10 1 5 2 5 3 7 4 7 6
4 4 8 3 2 1 3 7 8 3
3 8 8 10 5 6 10 8 7 1
NoWait times: 3
1 4 5
