n 50
m 10
cap 20
Processing
63 59 61 61 56 73 97 31 42 31
75 75 20 5 17 40 69 61 42 50
44 94 76 92 35 62 33 7 38 82
86 40 57 77 100 98 79 81 59 79
30 21 15 56 66 75 50 52 54 79
61 87 72 25 84 45 71 67 15 92
41 96 21 72 67 87 67 54 15 74
18 8 94 8 36 22 43 35 73 65
58 95 51 75 24 12 26 71 55 12
38 37 38 19 77 12 74 7 16 71
35 29 78 7 33 50 65 12 51 9
60 96 90 51 3 71 97 67 91 23
48 74 28 60 48 24 10 94 59 20
55 40 74 19 88 93 2 95 7 87
2 26 86 25 20 78 95 38 31 29
79 66 19 21 35 45 95 40 19 66
42 63 10 44 14 13 75 86 84 7
32 19 34 40 5 48 45 11 71 44
61 97 57 98 18 88 19 1 5 39
10 77 72 30 28 61 20 39 79 34
15 19 83 59 49 81 47 18 44 56
66 26 4 83 69 21 86 98 29 54
28 23 35 7 7 33 12 49 95 33
20 49 90 27 26 90 8 7 12 31
69 25 6 19 29 51 63 75 47 24
56 77 64 60 38 40 48 85 68 31
31 53 20 12 98 91 86 5 92 8
71 99 14 84 5 73 6 58 73 68
29 91 56 50 78 35 60 64 65 27
15 87 34 25 13 38 93 59 60 62
23 89 39 91 88 33 89 25 44 15
21 95 98 95 90 34 70 24 29 55
41 97 47 28 97 38 24 27 97 14
74 65 88 27 47 91 98 27 54 32
67 51 63 5 92 18 92 19 10 2
89 84 37 53 47 16 33 55 7 17
25 61 37 39 14 88 81 76 21 6
8 78 62 55 45 35 25 20 12 41
9 55 70 78 36 41 69 83 95 27
46 28 59 17 54 76 62 12 96 91
51 44 90 99 41 98 42 52 24 58
48 78 41 66 67 41 50 27 53 70
43 28 23 46 6 70 82 14 49 4
44 82 94 62 71 9 79 94 6 44
57 25 70 27 71 65 65 90 64 19
12 87 12 15 73 69 61 97 66 77
30 37 9 44 20 47 89 34 44 25
95 50 51 74 25 99 69 52 90 30
54 72 62 91 47 31 96 74 83 63
85 89 42 90 21 33 19 87 55 64
Size
7 4 10 3 10 10 1 8 8 5
4 6 6 7 4 5 4 10 4 9
5 3 10 10 5 9 4 3 8 10
5 2 1 2 8 7 5 2 9 8
3 9 10 1 4 6 7 6 9 3
1 10 5 7 2 4 8 2 9 5
1 6 1 2 10 2 3 6 6 4
8 10 6 8 6 7 10 7 1 3
6 6 9 3 2 8 2 1 7 6
7 4 5 4 5 1 7 7 9 1
10 7 10 3 1 4 2 6 8 7
7 1 2 6 9 1 2 4 8 2
10 7 1 3 4 3 3 1 4 7
7 5 1 3 9 1 6 4 4 5
1 8 9 6 3 7 6 4 1 9
2 3 1 10 2 10 7 5 1 9
4 7 10 7 1 2 1 4 5 6
7 5 10 5 5 8 2 2 5 3
1 3 9 6 2 10 9 6 2 9
9 1 1 8 2 3 10 8 2 4
7 10 8 1 7 10 7 2 2 8
4 3 2 6 2 5 6 6 3 10
1 2 6 8 8 4 5 6 5 4
3 3 4 7 7 2 4 10 4 4
3 1 1 4 10 6 7 4 3 7
3 2 2 2 4 2 5 4 4 3
8 10 4 1 8 8 2 3 4 7
4 9 3 3 3 1 4 7 5 8
7 7 10 8 3 9 9 4 2 3
9 5 2 10 9 1 7 6 9 10
3 2 9 8 3 7 2 2 5 10
4 5 2 4 1 5 2 2 9 3
3 2 7 9 5 5 8 6 7 4
1 8 9 7 10 8 7 2 7 2
5 4 10 7 2 10 9 9 4 5
9 7 4 2 1 9 6 1 1 9
4 9 8 8 5 1 9 2 4 7
6 9 10 1 4 8 1 5 3 10
5 3 8 8 5 10 7 4 9 3
4 10 10 4 4 1 10 1 2 10
3 5 4 1 6 9 2 9 6 2
2 4 7 8 4 4 2 3 5 2
5 8 10 5 4 8 3 9 4 1
6 10 6 8 1 10 2 2 7 7
2 6 5 5 8 8 4 2 10 8
6 1 6 2 3 7 5 8 10 10
10 10 10 3 9 7 2 4 3 9
4 9 2 8 4 3 1 4 9 5
1 3 6 10 7 10 4 10 2 5
5 8 9 5 2 6 6 6 4 9
NoWait times: 3
1 4 7
