n 50
m 10
cap 20
Processing
42 73 61 27 3 88 14 6 8 55
44 71 9 67 36 52 5 98 3 15
38 76 20 22 76 1 70 98 86 61
83 75 64 16 79 5 84 97 23 54
51 88 13 86 60 77 17 84 91 98
1 87 7 54 77 87 69 19 72 8
72 53 13 40 34 3 24 1 54 19
1 80 13 18 19 13 15 24 74 28
90 80 85 6 96 44 29 25 99 37
5 83 72 72 33 94 42 45 62 72
13 84 77 28 4 94 36 66 12 56
94 73 70 14 55 17 74 82 2 47
6 27 65 51 46 20 49 81 58 47
82 71 20 60 91 32 10 94 82 91
43 18 88 68 4 65 88 52 77 98
2 24 32 24 22 59 77 9 96 52
39 90 87 1 48 4 25 68 6 33
73 15 25 45 10 55 99 77 35 73
91 22 61 95 76 32 71 9 30 67
65 76 2 98 31 78 79 11 21 75
4 72 19 88 81 7 88 41 32 58
21 89 97 39 39 99 95 12 94 68
38 70 63 92 99 43 39 66 18 24
54 68 95 20 19 5 75 60 81 92
99 22 78 12 59 72 99 24 6 89
57 30 12 97 82 87 33 32 55 35
12 81 63 82 59 92 1 85 38 88
94 61 29 23 59 47 58 48 21 55
12 72 45 4 6 12 61 59 27 22
86 50 44 85 89 72 44 96 7 75
19 18 85 10 17 53 82 79 61 64
47 78 39 91 74 60 29 91 37 47
85 84 62 76 43 34 15 69 94 75
20 19 52 73 1 8 55 85 86 86
54 74 95 9 23 100 29 42 84 34
38 74 73 6 29 16 11 14 71 42
25 69 87 31 56 58 35 69 69 75
99 50 10 86 92 20 75 90 72 88
81 96 88 14 19 1 94 9 4 52
11 57 67 88 63 95 4 22 32 58
84 80 33 61 21 39 91 87 51 10
44 94 86 28 18 9 42 95 90 97
36 27 53 54 47 71 62 72 80 82
12 10 47 8 47 90 9 4 92 70
58 61 44 81 31 8 10 78 29 82
47 35 34 84 52 74 27 27 60 47
78 51 37 52 60 100 32 63 56 87
39 87 56 37 68 56 67 90 23 97
42 28 22 56 66 93 12 77 15 20
97 34 14 49 56 46 87 99 86 29
Size
10 4 5 2 7 6 3 9 8 7
2 3 2 5 3 9 1 8 1 1
8 1 5 9 4 1 10 8 4 5
3 10 5 5 7 8 1 10 2 4
5 9 8 4 5 1 5 3 4 6
3 10 1 3 10 3 10 4 7 4
4 8 7 8 10 6 4 8 6 2
1 1 9 4 10 10 4 10 2 5
9 6 1 6 7 1 1 5 10 8
9 4 10 10 7 3 8 7 2 3
5 9 1 7 6 10 8 10 9 1
3 1 3 4 2 1 6 10 4 4
7 7 3 9 2 2 3 10 3 2
2 4 4 1 6 7 7 10 10 3
2 8 6 6 3 8 5 1 1 9
8 2 5 1 5 10 2 10 2 3
8 2 6 8 9 5 8 4 1 2
4 7 4 9 1 1 3 7 8 10
1 7 3 7 9 3 4 3 4 10
8 4 2 9 5 1 9 4 2 2
6 8 10 4 9 3 6 2 5 2
8 10 10 10 10 4 6 1 10 2
2 8 10 3 2 8 5 10 2 10
1 9 5 7 5 6 6 2 6 4
8 3 10 7 10 4 9 6 7 3
9 8 10 3 8 10 10 7 3 9
10 8 3 8 5 2 9 9 3 4
7 2 5 9 9 4 2 7 1 1
6 6 2 5 5 2 3 5 3 1
7 9 1 6 2 8 5 10 1 10
10 9 9 1 3 9 10 8 3 4
1 2 4 3 9 7 4 5 1 3
4 5 2 2 2 1 5 1 5 6
1 6 9 5 6 5 2 3 6 9
1 4 7 8 3 4 3 10 1 5
2 1 5 3 4 2 8 3 7 2
2 9 3 4 6 7 2 10 6 6
8 3 7 10 9 1 5 9 9 6
7 10 10 4 3 6 3 8 8 1
2 5 8 3 6 8 4 6 3 6
5 3 7 2 5 9 7 10 9 3
7 4 5 10 1 10 6 6 7 8
3 4 6 1 7 2 7 9 1 5
4 10 10 10 5 2 3 9 1 1
5 5 5 6 2 3 4 5 9 4
1 3 8 1 3 10 7 1 3 7
1 5 4 4 10 8 5 3 8 1
1 8 1 5 5 8 3 5 8 6
9 5 5 3 7 6 4 1 3 5
8 1 3 1 2 4 9 2 10 8
NoWait times: 3
4 7 8
