n 50
m 10
cap 20
Processing
39 73 38 12 91 31 50 62 3 9
27 96 64 89 100 96 21 46 95 38
76 93 7 18 39 7 12 67 25 49
70 3 5 67 44 50 77 20 63 3
95 81 68 19 13 69 71 15 60 95
99 81 88 24 56 90 100 96 41 62
18 88 97 28 17 40 62 20 39 65
70 91 46 36 9 13 42 91 85 17
10 40 2 92 91 19 54 85 81 71
43 94 50 34 25 36 79 38 24 59
27 90 74 56 24 89 35 80 37 17
91 41 47 9 90 90 54 45 82 19
9 63 68 44 33 37 27 80 32 9
32 76 86 59 80 25 42 54 70 99
23 36 67 11 51 88 80 42 13 76
80 91 1 85 68 44 92 46 86 52
85 97 71 57 28 35 34 49 56 13
20 46 38 26 4 86 62 51 35 47
32 23 99 7 87 7 91 26 35 93
53 33 72 76 15 42 49 93 41 74
51 34 92 46 29 55 43 69 27 40
73 67 18 65 30 42 50 89 53 79
33 39 84 26 39 16 30 42 98 87
94 47 58 33 10 73 24 97 27 53
58 16 78 13 43 22 76 33 16 14
66 49 80 24 96 14 63 32 69 25
12 14 81 73 10 14 31 92 29 91
71 28 22 9 66 84 95 44 37 76
80 23 96 84 95 70 25 37 29 10
6 60 42 60 95 55 76 50 38 38
63 38 31 45 20 10 1 59 46 58
47 59 30 40 65 34 12 70 22 67
15 12 86 25 11 30 29 81 24 65
13 66 25 37 73 100 52 88 56 63
73 36 31 83 77 48 69 21 36 79
53 6 32 22 79 97 18 80 30 53
38 35 78 16 56 46 76 29 67 94
54 13 7 76 82 95 13 63 11 69
61 87 9 55 30 75 23 26 79 6
47 87 47 1 30 51 47 41 62 39
46 40 41 10 12 52 44 46 78 8
48 25 1 85 84 1 27 17 69 65
32 86 62 5 27 6 64 17 53 29
61 22 34 87 37 33 22 11 52 80
31 64 88 81 32 61 19 28 30 59
35 67 28 23 63 82 25 30 33 64
12 73 98 60 58 45 93 73 59 58
4 93 5 10 9 57 26 47 61 63
3 27 36 4 29 13 4 14 43 95
75 78 71 7 61 70 46 96 70 99
Size
5 8 4 6 6 7 10 8 8 10
2 8 10 4 7 5 2 3 5 5
3 3 3 4 4 5 5 7 8 1
7 8 3 1 7 1 3 4 7 9
4 5 1 7 1 6 6 10 4 7
4 5 8 5 1 2 3 6 7 5
10 10 4 8 5 10 9 1 9 10
1 6 7 2 6 5 3 3 2 9
7 6 10 2 5 8 4 4 2 7
4 3 2 10 10 9 10 10 10 3
7 10 3 5 4 5 8 3 5 8
9 7 3 4 6 1 9 4 1 4
10 3 3 2 4 10 3 6 9 3
5 9 8 9 6 4 3 7 4 10
8 8 4 3 8 8 10 5 7 6
1 6 4 5 2 4 3 2 10 1
7 3 3 5 5 1 9 1 9 5
1 7 10 9 4 3 3 5 7 9
1 9 7 1 6 7 4 8 5 3
6 8 3 3 5 10 2 8 3 10
6 10 10 9 2 4 6 1 10 3
4 2 10 9 1 8 10 6 7 4
7 10 2 4 4 4 8 3 2 10
2 10 10 9 6 2 8 4 1 2
7 7 4 9 6 8 4 6 9 7
7 10 10 8 2 7 3 6 9 3
7 5 8 9 6 6 5 8 1 8
10 8 10 4 6 8 2 1 1 4
6 4 10 6 1 3 5 9 5 8
9 5 6 8 2 5 7 2 6 9
1 1 8 5 5 5 9 3 3 5
1 3 2 2 6 6 7 4 5 4
7 5 7 10 8 10 6 2 7 4
8 9 10 7 8 10 1 1 3 5
3 7 10 9 3 8 10 1 2 9
2 9 8 3 4 3 2 9 9 2
8 10 3 8 5 10 9 9 4 5
8 4 2 3 2 5 10 8 6 7
10 6 9 3 9 2 3 1 3 6
6 10 3 6 6 10 9 9 7 2
7 2 4 9 5 7 6 9 2 8
2 1 4 5 8 3 3 3 10 3
5 6 9 8 7 6 1 2 4 1
1 5 1 9 7 6 4 10 3 5
4 7 10 6 10 9 3 10 9 5
1 9 9 1 8 9 3 9 10 2
6 5 8 2 8 8 4 7 4 7
6 4 5 8 9 6 10 7 2 4
8 2 9 6 3 2 5 9 5 10
4 3 1 4 7 10 10 3 2 8
NoWait times: 3
1 4 6
