n 50
m 10
cap 20
Processing
55 57 74 53 71 91 39 49 38 27
65 13 80 68 46 66 10 12 36 77
89 57 27 88 37 85 78 61 85 18
71 27 58 77 24 77 51 81 4 91
93 21 95 83 30 16 85 5 37 10
26 29 27 50 74 90 34 17 4 32
12 10 88 47 99 34 4 93 94 63
9 9 86 22 27 74 55 48 88 85
35 19 17 92 36 81 94 18 20 99
56 90 92 19 91 20 62 23 6 99
7 22 42 42 62 73 60 35 45 47
22 27 62 39 27 34 42 52 18 12
3 64 98 82 80 60 15 12 15 93
66 88 50 71 31 55 71 77 44 96
56 90 55 87 83 93 8 85 83 88
70 91 85 5 92 99 38 80 8 24
64 83 22 57 97 8 77 78 76 73
34 57 1 36 34 42 89 30 68 12
73 15 62 52 39 59 47 52 72 13
45 68 94 79 5 32 31 43 40 74
85 15 24 61 90 64 52 46 29 95
58 42 4 86 74 79 43 77 4 48
47 66 63 93 17 82 33 83 13 22
51 41 61 35 92 90 6 99 28 20
38 61 48 7 17 83 32 61 27 48
19 93 79 93 10 11 96 4 77 87
72 52 100 32 94 46 7 10 13 47
79 65 76 72 51 80 7 74 31 38
94 30 96 69 12 19 9 21 37 50
23 49 93 62 13 41 34 78 13 95
32 55 4 55 55 86 82 74 21 18
85 13 8 34 56 75 75 34 12 32
90 15 71 91 33 83 60 2 50 28
33 8 15 34 48 15 26 31 82 3
48 100 53 81 26 31 91 74 41 79
51 43 50 15 43 35 35 83 53 39
69 92 44 72 19 34 67 29 15 80
5 32 49 5 55 25 89 53 89 42
47 38 81 11 82 55 6 53 44 86
66 69 64 36 44 30 4 58 58 17
48 9 18 83 85 44 69 44 1 77
59 92 68 87 43 33 39 7 79 76
16 81 68 16 7 22 25 94 52 16
70 83 91 78 49 49 53 76 28 67
28 14 83 10 86 33 75 60 76 76
20 25 1 53 57 79 90 50 3 31
21 75 32 15 24 83 94 87 13 4
20 11 66 71 17 23 87 68 77 33
25 3 4 60 39 73 58 85 57 99
83 9 44 79 60 24 73 55 4 92
Size
10 3 5 1 6 1 1 7 3 9
3 2 10 5 3 1 9 10 3 3
3 9 6 6 1 9 3 4 4 3
2 3 2 10 9 9 2 6 2 3
9 7 7 1 2 3 2 3 5 8
10 1 5 6 9 9 4 9 8 4
5 6 6 4 2 5 8 9 6 6
7 5 5 4 10 6 6 4 10 5
1 4 3 4 7 1 10 3 2 5
7 5 2 10 5 9 10 2 8 2
5 9 9 5 8 6 2 5 3 10
1 8 10 2 5 10 4 6 6 4
4 3 1 9 3 5 3 5 7 1
4 4 7 2 2 3 3 10 6 3
8 6 1 6 7 2 6 1 10 4
6 1 10 3 9 3 10 2 6 6
7 8 6 5 8 10 3 1 4 6
2 3 1 3 6 8 4 6 8 9
7 8 9 8 3 2 10 2 6 6
8 7 4 10 5 8 6 6 2 2
1 2 8 2 6 8 8 3 2 7
8 8 10 1 7 8 1 8 10 8
8 7 10 6 9 3 2 9 4 2
4 8 6 7 8 3 3 5 8 6
2 8 3 10 9 6 1 5 1 6
4 3 2 10 6 9 3 6 5 6
10 2 10 5 6 1 6 5 2 2
3 7 7 8 7 10 1 1 4 9
5 1 2 9 6 1 9 5 10 5
6 6 3 5 10 2 9 5 2 10
6 2 10 10 6 3 5 5 4 1
9 7 10 2 3 7 3 7 9 7
10 9 4 10 7 3 3 3 7 3
6 7 3 9 2 4 6 6 1 4
5 7 6 1 2 2 8 2 9 6
3 2 8 7 4 1 2 1 10 3
3 6 8 4 9 7 7 1 3 7
8 4 1 7 2 9 7 10 8 7
9 7 4 8 5 6 2 7 7 7
5 9 6 2 1 2 1 7 4 10
2 8 3 7 10 5 6 7 3 9
7 10 4 6 2 10 3 5 9 8
10 4 4 7 10 6 8 3 6 5
7 6 5 6 10 4 5 9 10 4
2 5 7 1 9 9 9 2 8 4
9 7 5 3 3 4 9 4 9 10
6 9 8 5 1 9 8 8 10 6
1 3 3 6 5 8 5 1 9 4
1 3 8 1 9 5 1 2 10 9
4 4 2 6 7 7 10 10 5 6
NoWait times: 3
1 3 7
