n 50
m 10
cap 20
Processing
79 11 12 36 79 69 63 80 30 97
16 64 35 23 98 10 35 26 30 41
30 37 5 6 32 97 42 21 91 45
41 89 38 1 12 13 73 61 51 69
89 76 3 48 24 15 79 21 66 53
93 49 68 47 98 16 63 66 71 34
1 70 100 55 74 28 60 6 13 15
3 93 88 59 18 68 32 7 51 77
63 88 85 17 66 94 12 16 43 99
22 53 42 67 6 2 57 100 73 46
45 85 37 38 60 64 32 50 91 66
39 36 30 61 99 19 17 8 67 80
60 3 50 95 63 57 30 18 67 79
70 82 33 56 4 60 99 63 93 78
18 31 86 51 54 74 25 19 49 72
8 91 39 91 30 86 4 32 43 88
92 83 23 35 30 79 89 24 74 17
11 40 63 55 27 14 87 12 90 23
93 82 72 73 73 32 18 2 47 86
39 93 86 52 95 86 60 44 26 43
84 67 65 2 78 13 87 5 6 55
22 57 33 46 89 27 62 54 65 91
72 92 21 94 43 61 12 3 92 11
13 15 76 13 75 46 53 80 26 99
54 10 43 70 4 40 62 20 84 79
85 55 59 44 33 62 5 69 51 80
15 96 79 60 86 60 93 76 78 38
82 92 22 82 31 57 73 70 16 27
67 46 62 79 7 95 40 90 24 81
57 95 10 95 55 1 24 21 11 75
82 58 22 12 56 70 35 75 62 10
1 21 46 41 76 90 26 10 71 95
31 44 23 74 88 68 47 13 35 54
23 43 60 84 60 39 52 34 18 94
19 93 85 97 62 73 2 15 73 15
69 100 56 64 54 70 42 41 5 30
42 38 49 43 87 63 52 52 20 45
91 10 41 3 43 23 90 88 2 27
13 45 83 26 83 72 67 86 84 94
19 30 6 13 12 48 93 64 40 87
72 10 25 8 15 30 48 72 23 36
64 8 43 100 28 27 6 89 18 83
64 99 75 79 78 39 31 21 8 41
33 38 32 41 43 69 99 18 46 67
10 43 3 45 80 26 87 7 31 71
22 83 22 71 10 29 47 43 14 44
96 41 73 36 76 90 28 48 34 81
50 3 3 73 87 87 41 73 41 80
45 55 72 80 24 23 17 49 66 6
72 7 37 89 20 43 79 9 13 59
Size
10 2 5 7 9 3 2 10 6 2
2 6 5 8 2 4 5 7 7 2
1 1 8 8 8 2 4 4 3 9
2 1 9 3 1 10 2 10 6 9
8 5 6 2 5 8 8 7 4 6
8 3 7 8 6 3 8 1 4 9
8 6 8 5 5 8 10 2 3 5
5 6 4 2 10 10 3 3 1 10
5 5 1 6 4 7 2 6 7 6
5 5 8 3 7 7 6 2 7 7
1 3 8 7 1 2 1 6 7 3
3 3 8 7 4 2 4 1 4 8
9 10 5 5 2 4 8 9 8 9
7 2 8 9 9 10 4 8 5 9
6 1 5 2 2 3 9 7 4 3
6 1 1 5 2 3 1 6 7 1
7 7 5 1 4 1 4 8 5 10
7 5 2 5 4 9 10 3 5 2
4 2 10 4 9 2 3 8 1 6
3 1 8 9 7 7 10 5 3 2
4 9 3 4 3 6 1 2 3 10
3 2 9 9 8 5 7 5 2 3
1 10 9 2 9 9 4 5 6 3
7 2 9 10 5 9 2 10 7 9
1 2 6 5 10 8 10 10 5 1
3 10 3 5 3 9 7 6 5 7
9 2 5 2 7 8 5 1 2 10
4 1 7 2 7 9 6 1 9 10
4 3 5 2 10 7 6 5 4 7
7 7 3 10 10 9 6 4 7 3
10 10 8 8 2 5 4 8 7 5
9 10 3 4 10 2 2 1 7 2
9 7 2 6 7 2 5 5 3 10
2 10 7 7 3 10 1 2 6 5
10 3 3 1 4 9 8 6 6 8
9 6 6 3 6 7 5 1 6 7
1 4 10 3 2 8 9 8 7 2
10 6 1 6 7 2 6 10 2 3
6 8 3 3 5 1 10 1 5 2
3 1 10 8 6 10 7 3 7 3
10 6 6 10 8 3 7 8 7 8
6 5 9 9 2 10 7 1 3 5
7 1 3 8 9 8 6 1 10 2
5 1 1 6 6 10 3 10 4 6
9 7 8 9 2 4 2 3 10 6
9 8 1 4 1 6 3 4 8 5
2 10 10 9 7 9 7 5 3 10
8 10 6 6 5 1 7 6 9 4
10 9 8 10 4 10 1 10 10 8
8 2 6 1 1 3 10 3 6 6
NoWait times: 3
0 2 7
