n 50
m 10
cap 20
Processing
70 45 94 30 77 73 95 13 71 86
79 40 1 70 83 49 9 71 43 26
24 20 31 13 99 86 66 59 38 33
67 10 33 69 96 89 10 19 82 80
5 70 44 50 29 25 3 88 58 93
79 89 2 17 30 30 69 86 98 99
45 29 100 52 25 84 66 39 74 9
74 33 44 93 38 62 80 5 57 50
91 92 16 5 83 47 87 38 58 3
11 71 49 35 50 41 47 13 51 27
84 70 29 19 14 74 27 38 60 55
28 59 58 100 78 88 59 58 91 87
51 47 44 73 38 58 94 34 14 15
80 27 98 26 100 74 39 57 75 60
4 44 41 47 56 21 24 79 91 88
8 61 55 61 10 56 31 49 71 57
95 36 22 85 8 82 79 11 77 30
77 86 68 76 33 6 11 54 36 8
56 59 2 24 85 23 41 34 88 89
50 88 7 71 98 25 94 11 87 46
88 36 4 97 53 29 43 63 97 67
13 33 58 100 3 98 99 6 93 41
26 83 35 90 15 52 5 63 74 86
13 79 45 52 30 57 27 45 79 42
58 44 14 52 19 99 27 12 2 88
3 11 80 69 26 77 33 95 96 13
21 4 36 43 62 93 21 54 47 31
32 68 100 64 51 48 91 11 19 86
76 80 34 17 46 27 90 40 64 41
1 89 50 36 40 70 52 92 86 1
59 52 11 86 84 67 30 38 27 18
51 67 100 21 38 39 96 83 75 41
16 80 78 36 86 2 45 41 43 48
26 85 18 58 65 29 59 48 37 1
85 3 33 52 63 97 68 11 83 29
8 75 62 64 24 15 15 92 67 94
2 22 19 93 49 12 91 74 34 54
59 82 90 4 51 4 8 37 31 10
98 62 34 86 68 76 63 98 4 67
48 16 54 83 2 97 94 78 91 28
55 7 92 74 35 85 65 75 3 83
88 25 57 46 88 5 95 81 66 42
67 76 28 40 16 75 38 85 77 27
19 74 54 36 71 33 39 1 74 59
79 48 26 11 97 68 33 33 87 56
86 56 21 50 83 86 26 84 67 7
63 7 17 51 39 20 13 6 47 41
42 28 47 57 66 19 70 19 65 48
82 46 43 30 71 55 35 58 28 87
29 99 1 25 95 29 45 40 100 16
Size
5 6 8 1 3 8 6 4 8 6
2 3 3 3 8 8 6 8 3 2
6 10 2 1 6 6 4 8 9 6
2 1 4 1 3 5 8 5 2 3
1 1 9 9 3 3 5 10 3 2
3 1 7 10 9 2 5 7 1 10
7 5 6 4 2 2 10 1 9 4
8 3 10 4 1 8 2 7 1 1
9 2 3 3 4 1 8 3 1 8
5 3 4 4 5 4 7 4 1 4
5 7 10 4 3 8 4 7 8 6
9 2 10 6 8 8 3 5 4 3
10 10 7 7 4 4 6 10 10 6
9 10 2 9 2 2 6 2 7 9
6 6 2 1 2 1 4 8 3 5
7 7 10 5 9 3 1 7 1 10
10 5 1 5 10 1 5 8 5 5
10 10 6 7 6 4 6 9 2 9
5 6 10 9 7 1 2 7 2 7
5 6 6 7 7 1 1 10 3 9
10 1 6 7 6 4 2 9 8 6
1 2 2 3 9 8 4 5 3 5
9 6 4 9 10 4 6 2 2 1
7 2 10 6 5 4 6 1 9 3
4 9 4 3 4 1 9 4 8 3
7 4 1 8 6 7 1 8 3 10
2 10 7 9 3 7 2 9 9 9
10 2 2 1 3 8 2 4 1 2
1 4 4 2 2 6 7 7 4 5
6 10 3 7 2 10 8 4 10 1
5 7 8 10 1 8 8 3 1 1
6 10 8 1 4 3 4 9 4 4
3 5 3 2 6 1 4 4 3 10
5 9 10 8 9 7 6 9 9 2
6 7 2 2 5 3 2 3 6 2
7 5 6 7 4 9 3 6 4 5
3 8 3 2 9 4 5 5 6 4
6 5 4 5 2 9 2 1 1 10
10 2 6 6 1 9 10 1 8 5
9 3 1 3 10 5 3 8 9 4
4 3 5 6 6 2 10 5 2 3
4 4 1 2 1 2 1 8 2 4
8 3 7 2 7 3 10 9 9 5
8 9 7 2 6 4 5 9 9 7
5 8 5 9 10 5 4 8 9 6
7 9 4 1 7 10 3 10 9 10
2 3 4 6 5 10 6 8 9 7
10 1 10 2 2 5 8 6 9 6
4 2 1 3 1 8 10 7 5 7
1 4 8 5 10 4 9 1 3 10
NoWait times: 3
1 2 7
