n 50
m 10
cap 20
Processing
99 100 70 45 83 74 23 39 25 94
4 46 49 48 13 41 73 89 26 26
36 66 43 78 74 42 41 64 57 73
68 63 83 90 82 3 55 46 98 83
49 24 4 94 89 79 29 3 77 69
52 93 39 90 99 36 6 22 50 21
53 36 66 63 25 82 96 63 10 2
15 68 47 6 65 49 8 89 12 67
52 42 58 54 42 48 20 24 17 14
94 64 70 63 56 74 43 82 17 72
91 60 21 46 7 64 45 83 3 11
99 38 19 1 32 70 68 84 82 78
52 95 39 68 18 54 63 53 24 89
79 30 41 32 95 77 64 58 43 100
88 37 79 19 13 9 79 37 77 49
92 87 11 93 56 32 24 25 96 81
15 69 11 32 27 11 39 57 48 65
61 43 7 1 17 38 38 25 48 54
2 61 84 71 98 15 87 20 61 100
32 12 56 60 27 46 39 75 67 67
22 69 16 70 57 61 90 17 5 43
93 55 75 88 22 87 11 16 32 75
25 34 75 62 15 63 50 11 56 13
43 19 91 59 19 19 11 78 41 37
59 6 26 7 12 76 62 15 81 54
77 9 30 86 30 27 44 24 23 75
62 6 50 100 84 46 36 39 76 5
87 78 20 6 50 62 87 19 15 48
2 79 5 2 81 66 50 80 76 44
82 36 38 30 70 91 88 60 96 28
84 41 50 53 83 22 61 55 80 53
29 58 5 88 74 21 72 90 4 9
78 12 59 31 74 3 100 62 33 16
45 62 22 58 71 64 94 50 90 19
79 19 52 42 2 66 93 26 53 57
74 90 12 3 99 58 61 12 15 18
53 79 95 74 28 62 24 6 87 80
48 64 92 79 31 45 15 86 6 2
98 36 98 80 43 94 39 46 15 41
84 100 88 93 100 54 32 87 2 87
27 1 71 78 61 96 52 47 63 3
47 42 37 48 45 64 67 11 93 89
29 8 81 49 57 78 59 39 13 17
1 65 26 15 20 43 33 1 48 89
72 37 66 40 7 27 36 84 7 39
65 73 59 47 44 73 47 32 92 81
67 9 64 69 42 5 2 6 55 65
12 54 10 20 57 54 31 38 37 81
6 65 13 13 75 9 55 78 93 19
62 85 64 59 64 9 24 97 12 96
Size
6 3 5 3 4 2 2 5 9 7
2 1 5 9 5 2 5 7 8 4
7 5 2 5 3 10 8 9 4 9
3 6 6 10 1 4 6 8 6 4
8 8 6 10 7 6 8 5 1 8
3 6 10 3 3 3 9 8 10 9
8 1 8 9 7 5 9 8 1 5
4 7 9 6 2 3 3 9 4 1
4 5 5 6 6 7 7 6 2 5
6 9 4 3 4 5 9 5 4 4
5 1 5 6 2 9 3 2 2 1
5 1 7 3 7 9 3 10 3 5
8 7 7 7 9 4 1 6 5 3
3 6 9 1 5 9 7 7 8 8
6 4 6 6 8 5 3 3 8 4
4 1 1 6 2 9 5 10 1 10
9 6 2 9 3 1 1 1 8 5
3 8 7 1 4 2 6 8 8 10
3 3 4 1 1 4 1 4 1 3
8 9 7 1 10 10 5 10 3 3
9 10 10 2 6 7 3 8 6 5
7 3 4 7 2 1 7 1 2 5
7 10 4 6 5 3 4 1 8 4
10 9 2 1 6 7 6 8 8 7
10 1 2 8 2 1 2 5 1 3
7 1 10 1 2 7 5 2 8 1
7 2 4 1 8 2 6 1 6 1
5 10 1 1 4 10 1 7 9 1
4 8 8 2 6 3 10 1 7 6
8 1 7 7 9 2 10 9 9 3
6 1 6 8 3 10 10 8 9 2
2 8 7 2 5 1 3 1 5 4
4 3 4 7 5 10 9 6 4 7
1 7 8 7 9 8 2 9 2 3
6 5 9 7 4 7 2 3 1 1
1 8 5 9 4 3 10 8 3 3
9 4 6 3 4 5 6 10 6 2
5 4 5 10 7 10 8 10 8 9
5 3 10 2 8 9 8 5 5 8
3 10 5 1 2 2 1 5 5 7
9 5 6 1 1 3 10 3 9 10
4 6 6 8 5 6 7 4 7 10
10 7 9 6 1 6 10 9 5 4
5 4 6 3 1 3 10 9 2 5
3 10 1 10 10 3 2 3 9 6
1 8 1 3 1 6 5 2 3 6
1 5 4 2 8 2 8 4 3 5
8 6 10 6 7 7 3 2 1 6
3 5 1 10 7 9 10 4 7 8
6 4 1 5 5 9 3 5 3 7
NoWait times: 3
1 3 5
