n 50
m 10
cap 20
Processing
63 69 21 65 39 91 61 83 58 63
87 10 75 95 82 61 7 34 67 66
78 67 90 74 74 84 62 8 85 98
1 89 66 78 46 7 95 42 89 14
59 40 5 89 21 85 92 50 67 84
88 30 83 21 50 55 79 94 50 62
9 18 97 41 42 50 44 32 1 72
29 46 59 71 29 31 61 93 16 36
25 75 5 33 37 86 70 69 72 57
56 78 90 91 21 67 66 29 32 69
6 41 1 5 15 77 82 19 15 58
42 51 99 90 17 20 87 33 77 32
39 33 30 40 28 27 74 91 71 16
12 68 79 1 25 1 82 99 23 26
15 53 32 36 16 15 84 79 23 34
40 82 55 86 25 86 62 52 92 82
43 71 84 14 28 75 72 9 91 78
65 99 89 75 91 91 33 18 25 86
65 25 22 79 1 92 22 59 61 79
42 97 39 81 44 75 72 92 86 55
16 91 50 99 22 24 70 11 10 80
38 71 78 83 34 61 52 91 39 90
29 79 82 82 57 88 36 49 77 96
54 84 7 8 21 11 27 53 22 31
95 84 55 53 79 77 27 36 86 59
39 22 59 24 99 70 52 48 34 96
27 100 96 88 60 64 44 20 49 78
23 84 61 77 88 12 55 20 10 31
64 62 51 2 36 91 87 93 96 58
100 53 5 85 6 74 92 33 1 68
29 14 97 68 81 24 90 83 64 60
90 58 25 9 87 90 39 26 31 42
99 83 59 22 85 68 75 49 93 13
47 27 86 73 55 6 69 31 44 85
12 65 22 53 59 77 46 57 20 20
50 68 55 4 79 1 89 96 32 97
87 66 55 96 78 62 15 79 62 26
37 10 4 38 63 53 14 62 97 36
48 21 16 73 91 82 49 83 49 99
37 63 71 33 1 85 81 2 88 42
96 21 15 38 22 9 95 33 69 69
59 12 3 84 96 83 78 21 91 86
18 34 35 71 1 73 100 56 66 71
17 61 82 50 12 12 20 82 71 22
78 98 78 57 41 77 37 61 50 57
52 46 97 34 32 69 67 96 35 2
47 69 16 15 48 47 49 95 1 88
89 60 4 17 57 13 24 33 8 27
67 90 79 82 48 21 85 54 48 58
59 50 40 97 58 39 31 18 66 87
Size
9 3 5 9 1 10 6 6 4 4
8 10 2 8 5 2 9 7 9 3
1 8 6 3 1 2 3 2 1 8
7 5 3 1 10 6 7 5 7 6
7 5 7 4 8 5 10 3 7 6
10 1 1 5 8 8 3 1 2 5
10 8 1 2 4 7 1 6 6 4
10 10 3 5 6 1 9 8 2 2
5 7 2 7 10 5 4 3 5 9
8 5 10 6 7 4 9 3 10 5
7 7 3 9 10 3 4 6 1 6
1 8 4 9 7 4 9 2 6 5
9 5 5 8 10 5 7 5 8 6
6 4 3 6 4 10 4 1 7 3
1 9 5 8 10 4 9 2 1 10
8 1 5 4 10 10 7 3 6 1
7 7 6 2 3 3 10 5 2 9
2 10 5 9 9 4 2 6 3 1
3 8 3 10 4 8 2 5 2 5
6 10 9 4 6 7 7 1 2 6
3 7 7 4 10 2 8 6 5 3
5 3 9 6 3 2 10 8 1 5
4 3 8 7 9 7 4 7 3 3
10 8 4 10 10 7 4 9 6 8
7 2 3 10 4 1 1 6 6 3
8 4 1 8 3 2 9 9 10 4
1 8 1 8 7 10 10 7 8 3
9 7 1 6 1 8 9 10 2 6
7 5 5 8 2 10 2 5 8 5
8 4 5 6 10 3 10 2 10 10
3 4 1 8 6 1 8 3 9 2
10 1 6 9 7 1 9 1 2 10
2 8 7 4 8 8 4 10 7 1
2 10 3 1 7 4 9 5 5 10
4 7 7 10 9 7 2 1 2 1
1 7 4 9 5 7 10 1 4 3
10 6 4 6 8 4 7 8 6 6
5 6 7 3 5 2 9 10 9 1
6 4 4 1 6 3 2 8 10 9
4 2 10 7 1 8 8 2 7 1
8 4 9 9 5 1 10 2 2 5
7 8 10 4 10 3 9 10 8 6
3 6 4 2 2 7 5 9 6 5
6 4 7 7 9 9 1 1 7 2
10 5 4 8 2 7 6 1 4 1
8 7 3 9 1 1 10 2 4 1
5 2 3 3 10 10 3 1 1 10
9 6 2 7 2 9 6 1 2 4
9 1 10 3 7 4 1 9 8 1
10 1 9 5 1 3 8 4 2 9
NoWait times: 3
6 7 8
