n 50
m 10
cap 20
Processing
31 44 86 91 5 10 33 100 75 10
53 40 38 9 43 24 54 47 68 28
32 22 60 40 45 22 15 83 56 27
9 21 59 91 46 85 67 94 10 31
48 20 27 52 90 70 39 18 82 79
22 7 42 87 36 44 96 61 15 57
85 59 3 75 35 63 12 67 31 43
83 39 9 20 91 14 59 32 48 29
27 3 15 19 23 53 66 75 69 66
69 46 19 57 12 68 61 88 7 30
60 94 42 74 100 28 48 36 22 76
98 65 51 80 23 41 93 79 69 60
90 3 77 44 61 33 8 12 45 91
29 61 52 74 75 63 31 82 1 97
58 35 85 11 42 58 81 73 52 31
35 41 73 76 18 85 40 28 64 20
41 98 53 74 13 6 19 53 7 97
12 78 91 60 1 64 81 19 44 69
34 31 27 73 76 99 4 46 51 29
23 5 7 36 89 20 26 29 100 11
9 70 93 86 61 19 72 58 47 92
24 92 84 83 41 18 79 62 10 15
31 47 29 5 100 32 6 16 65 55
99 10 73 43 54 48 28 97 7 86
44 21 19 70 27 100 81 20 18 70
14 57 31 60 42 95 89 93 20 11
90 15 69 81 84 4 46 12 82 56
26 86 76 25 14 80 66 42 49 36
89 67 33 6 72 37 9 3 63 36
3 24 8 49 11 19 72 34 40 32
32 48 13 29 11 73 72 14 87 28
78 47 25 59 41 66 19 14 95 11
16 56 77 21 52 4 93 42 39 41
35 18 58 22 67 16 61 2 67 97
35 86 40 31 72 63 50 27 49 96
75 96 7 41 78 8 63 66 19 16
46 8 82 27 52 82 88 1 83 43
49 40 24 56 18 97 81 44 27 24
62 45 67 41 52 53 20 16 3 50
18 52 66 17 69 100 50 23 37 2
21 46 85 74 61 17 51 30 67 2
54 60 66 49 47 90 18 90 53 7
99 87 78 55 55 65 67 57 32 38
95 53 87 33 28 48 1 1 51 82
23 62 29 1 50 54 63 64 67 41
100 24 12 87 8 34 50 36 51 93
6 5 44 75 7 69 78 51 28 3
71 6 41 7 40 4 67 81 51 23
56 17 49 38 66 89 28 43 52 40
69 75 35 51 6 70 11 92 7 100
Size
3 6 10 4 9 9 1 3 7 7
5 4 1 6 7 10 10 7 6 1
1 1 4 5 3 2 1 9 2 8
5 9 2 5 1 10 7 6 9 5
2 2 1 9 6 2 1 8 8 4
1 8 8 1 9 6 10 1 10 2
4 4 1 4 2 8 5 4 10 5
1 8 10 10 6 1 1 9 6 6
5 6 6 9 8 5 4 8 2 3
1 3 9 7 1 3 4 2 5 10
4 3 3 1 7 9 5 1 7 5
7 10 4 2 9 5 4 7 8 10
3 2 6 9 3 9 2 7 6 8
2 6 5 1 9 9 5 6 2 4
2 4 5 10 6 3 1 10 7 5
1 3 2 7 6 6 9 3 2 3
1 1 9 3 2 8 7 2 9 10
6 1 3 7 9 8 2 3 4 5
8 10 1 8 8 5 10 3 9 7
2 8 10 2 4 8 7 1 5 9
6 7 4 7 4 2 10 5 8 4
6 9 6 9 2 2 6 6 4 9
10 6 10 10 1 4 10 7 5 1
3 1 2 6 5 3 2 1 8 5
7 8 8 7 4 4 2 8 1 3
9 8 3 8 8 1 9 4 6 10
6 8 3 2 6 7 4 5 6 2
8 9 8 3 3 4 6 8 1 1
5 7 5 2 10 5 6 2 2 6
6 6 2 3 1 2 8 6 2 8
7 4 7 10 5 2 7 1 8 3
6 7 7 2 3 2 10 8 1 9
10 9 8 4 3 6 4 10 7 7
2 2 1 4 1 3 9 2 1 4
3 5 6 6 7 10 10 9 9 5
1 8 2 6 2 9 5 2 7 6
4 8 5 3 10 3 7 9 3 3
2 9 3 4 8 9 6 8 3 2
3 6 4 10 8 4 4 1 9 10
8 5 4 8 6 5 9 2 5 7
10 7 6 9 3 2 5 4 9 2
10 2 7 2 7 4 2 9 8 10
6 8 5 4 1 7 7 5 7 9
5 5 4 7 4 7 2 10 2 2
4 1 2 7 8 1 3 6 9 5
4 5 2 5 2 7 10 9 7 8
6 9 5 8 1 2 9 10 3 5
9 3 6 2 8 1 5 6 2 2
6 10 4 9 7 4 3 1 8 1
2 1 6 6 6 5 5 2 8 6
NoWait times: 3
2 4 7
