n 50
m 10
cap 30
Processing
9 12 86 89 25 80 64 4 21 98
11 57 48 52 34 41 8 27 85 88
93 75 62 73 94 46 35 65 62 59
65 72 97 8 64 68 98 88 81 24
5 25 75 32 35 41 59 84 14 99
15 25 69 46 23 50 88 75 78 12
76 73 65 74 86 62 94 11 43 83
98 45 71 48 42 48 68 86 86 92
100 19 11 72 90 8 79 14 33 4
59 20 84 61 46 50 68 15 100 38
79 81 29 6 34 54 23 87 53 75
97 1 2 59 6 50 3 80 15 72
99 60 76 64 81 16 14 17 6 72
73 16 38 49 14 16 49 1 72 5
93 53 65 21 69 22 46 9 16 43
6 38 40 36 51 97 41 43 37 35
1 78 4 98 52 61 39 98 87 18
84 59 18 80 37 44 19 99 73 6
30 75 19 30 51 56 11 76 99 29
66 37 59 93 68 90 62 24 89 83
89 74 61 52 46 32 72 40 31 18
51 75 39 60 91 55 68 56 20 30
46 59 62 24 5 1 12 26 66 54
90 98 7 25 89 30 46 67 78 81
63 75 76 41 99 49 7 11 59 76
12 56 75 15 17 4 19 48 39 20
79 89 80 23 31 73 55 52 27 36
5 38 23 29 30 90 10 84 71 27
58 49 97 6 14 63 17 67 87 56
81 68 7 84 72 46 67 4 21 67
68 84 37 23 96 26 23 1 32 94
66 58 41 33 27 89 73 99 46 18
23 17 97 62 4 87 52 62 66 3
47 30 51 38 11 8 84 82 74 12
12 42 11 87 1 32 68 6 19 11
51 30 27 22 55 41 50 51 55 98
35 92 31 9 61 61 41 2 64 76
90 41 65 36 24 65 24 70 92 55
55 63 79 80 12 54 97 96 86 63
19 9 40 73 76 33 71 6 22 94
49 37 19 99 9 14 24 29 93 73
27 62 12 15 43 2 60 88 36 97
78 94 17 14 26 38 2 33 76 39
64 98 93 54 100 56 58 24 94 13
30 20 81 97 55 91 6 98 77 56
24 83 3 41 29 37 79 28 95 73
84 5 4 57 43 2 18 73 89 39
62 91 48 10 61 12 93 28 60 51
71 97 91 18 64 59 30 68 26 99
85 39 48 51 50 71 94 5 78 1
Size
4 9 7 6 2 4 4 3 10 8
10 8 10 6 9 6 1 3 3 1
4 3 5 2 10 9 4 7 7 8
9 1 3 10 7 2 2 1 3 10
5 3 3 9 2 6 5 8 6 9
6 6 4 3 7 3 3 7 3 9
10 5 2 3 5 3 8 1 7 5
10 8 6 7 6 10 8 7 2 8
2 8 6 7 5 5 9 6 4 10
1 5 6 9 7 1 4 4 10 6
6 9 10 6 5 5 5 8 4 8
4 5 5 5 3 6 6 5 2 4
4 4 2 8 6 1 1 5 9 5
10 4 3 10 3 3 5 6 9 2
7 1 3 4 3 2 4 3 3 6
8 6 5 8 1 6 4 5 2 6
9 6 8 1 1 2 7 6 3 3
7 4 5 3 1 8 7 7 1 3
9 2 6 3 10 9 5 4 7 10
2 4 6 2 6 6 3 7 1 4
7 8 9 2 1 6 5 4 6 4
4 4 9 5 5 7 10 9 4 3
3 5 1 6 9 9 9 4 1 7
3 7 1 6 4 4 10 6 2 8
2 6 3 6 1 6 8 1 6 6
8 8 9 3 4 8 8 3 9 2
7 6 10 1 3 10 8 1 5 9
4 6 4 3 2 6 10 6 2 2
4 10 2 7 10 8 10 3 9 3
10 10 6 9 4 6 8 1 6 8
10 3 9 8 3 4 4 7 10 1
5 5 9 9 10 1 3 8 9 5
9 9 5 5 8 6 2 1 4 9
10 8 6 9 8 7 1 9 8 8
6 9 8 6 7 9 8 1 10 5
6 6 2 9 5 5 1 2 10 1
10 10 4 4 2 9 5 3 7 7
2 1 9 3 10 2 8 4 3 7
2 1 9 9 3 9 7 5 9 3
2 3 3 4 5 7 6 10 6 6
8 6 7 7 7 6 5 6 3 6
2 8 5 9 7 2 6 8 9 7
10 7 8 9 7 2 10 4 9 3
9 9 10 5 10 8 2 3 5 5
1 7 8 9 5 1 1 5 5 5
3 2 7 10 4 7 10 5 2 10
6 7 3 10 3 5 1 5 2 7
10 9 6 1 9 2 10 1 2 5
8 1 8 4 4 10 4 8 2 5
1 10 10 1 7 2 9 4 3 1
NoWait times: 3
1 3 5
