n 50
m 10
cap 30
Processing
68 68 5 39 47 27 69 15 61 70
49 82 95 14 40 82 98 43 9 17
6 95 92 8 18 16 9 14 29 42
32 77 32 78 15 7 49 81 48 39
31 3 38 66 34 93 45 58 83 59
2 27 71 80 30 59 51 82 11 72
63 31 42 83 17 35 41 42 44 73
3 28 50 71 67 49 85 44 47 42
42 71 89 47 44 52 82 85 68 11
95 85 26 50 97 81 20 90 78 96
25 96 80 44 16 92 24 95 74 98
49 46 96 84 73 28 27 11 55 29
40 78 79 73 42 26 15 89 7 84
69 96 43 47 38 26 43 37 9 32
64 13 93 31 100 37 48 9 90 87
3 4 54 4 24 56 77 93 83 97
48 77 70 89 77 54 31 36 69 92
4 68 98 16 92 3 98 89 63 48
65 34 51 56 71 80 82 48 34 99
76 80 86 76 33 48 71 54 9 91
34 73 91 8 92 22 43 80 84 65
29 99 41 85 79 44 87 58 22 2
26 8 43 100 62 66 10 14 61 53
15 26 31 96 4 42 74 17 84 22
12 88 53 65 38 58 85 80 72 56
95 6 56 41 28 30 24 46 21 67
76 27 37 50 30 3 99 69 48 52
72 53 84 30 45 44 39 48 4 33
16 27 53 44 2 35 71 48 34 84
92 65 30 83 50 53 93 29 68 63
93 29 31 37 100 64 75 73 1 3
65 61 19 52 89 4 83 53 72 55
67 55 48 97 55 75 68 59 66 86
28 9 79 45 94 19 60 13 3 53
3 63 16 71 90 89 48 57 38 29
21 7 5 45 44 2 42 82 35 6
76 66 87 3 75 4 56 36 31 19
73 39 96 50 50 47 33 95 99 8
94 13 45 64 83 95 50 3 98 48
85 17 16 15 89 83 48 23 99 29
31 82 35 90 16 62 24 2 44 58
33 90 47 9 18 98 15 5 34 60
32 24 28 72 94 67 83 34 36 99
65 19 63 77 8 40 54 26 89 45
43 48 14 56 4 76 72 93 2 76
70 8 14 3 83 31 90 65 82 37
2 41 32 19 11 6 52 64 72 85
17 5 44 13 6 64 42 59 82 5
75 81 56 61 83 47 40 71 59 25
35 77 88 63 25 77 37 92 4 32
Size
2 2 9 10 10 1 4 10 6 5
3 2 6 5 3 10 2 5 9 8
1 7 6 2 3 5 8 1 1 10
8 9 7 10 10 1 8 1 3 1
4 3 9 10 1 6 2 8 8 9
1 1 4 2 7 9 6 5 6 6
6 2 3 5 6 2 8 5 1 2
1 4 4 7 6 3 8 10 7 9
2 10 3 6 3 4 10 7 3 9
9 6 7 6 3 10 8 1 9 6
7 7 6 10 6 8 9 2 2 6
2 10 4 3 4 7 9 2 10 7
8 1 7 9 9 5 3 1 2 3
7 2 7 5 6 8 6 9 4 2
6 10 6 4 5 3 4 7 3 9
4 2 10 1 1 5 6 10 7 1
5 8 6 10 7 10 8 3 8 3
5 3 7 8 5 9 5 8 4 6
9 4 10 8 10 2 8 10 7 9
4 7 9 3 6 4 7 9 4 9
9 2 3 10 8 7 5 8 6 7
9 9 9 5 3 8 6 6 2 9
5 8 4 3 5 9 5 2 5 1
4 3 5 8 8 1 8 4 5 2
7 3 6 8 1 2 6 7 2 9
2 5 4 9 8 5 5 2 1 4
5 7 3 6 3 8 9 8 9 5
6 6 3 4 6 9 7 10 6 5
3 3 2 7 10 3 5 3 4 9
2 8 1 2 1 2 6 3 1 8
2 1 3 4 9 8 1 2 8 3
10 9 1 10 5 5 6 10 10 3
6 1 7 2 4 8 1 10 4 3
6 1 5 8 10 1 6 3 1 3
9 8 6 5 2 8 4 6 2 1
4 4 10 1 4 8 8 9 3 6
1 9 8 10 7 8 8 10 6 4
4 8 7 7 7 3 7 3 8 10
9 1 9 6 3 5 6 7 4 4
5 8 10 3 1 2 10 2 5 9
8 4 8 2 10 7 9 10 8 1
7 5 3 3 5 1 4 7 9 7
7 8 2 10 8 1 1 7 2 6
2 4 1 10 7 2 7 1 10 6
4 3 9 5 3 8 6 7 5 8
6 8 7 2 10 4 7 2 1 9
1 7 7 2 5 5 4 9 4 1
4 1 3 10 5 3 7 9 2 2
8 2 10 3 6 4 2 9 6 4
5 4 6 5 9 1 2 1 7 6
NoWait times: 3
4 5 8
