n 50
m 10
cap 30
Processing
59 48 70 9 72 67 91 62 99 87
9 98 55 27 63 20 30 23 20 26
24 30 70 81 83 31 35 21 23 22
44 3 22 18 69 55 61 84 26 2
17 67 2 98 57 31 89 37 72 57
66 96 16 66 14 65 21 59 58 8
33 88 92 26 33 47 53 88 43 39
71 36 32 21 87 21 79 15 40 94
89 1 37 94 37 80 33 46 47 82
15 10 9 42 21 26 4 21 3 18
94 20 70 94 42 34 69 67 99 22
67 79 87 11 51 87 24 73 5 20
99 2 42 69 84 48 53 44 55 72
48 74 23 41 45 91 39 78 30 74
83 48 64 45 56 17 65 97 48 6
98 48 58 23 9 44 98 51 91 7
21 7 11 78 40 89 87 95 36 30
64 69 69 79 40 33 63 3 34 84
32 31 80 54 98 8 48 47 57 91
57 6 76 28 34 67 86 11 88 86
70 73 15 71 92 94 76 41 84 68
17 26 24 7 60 85 84 55 57 88
33 71 78 53 38 79 12 25 54 68
68 41 31 75 69 51 74 71 1 18
94 87 51 37 36 78 81 29 55 90
49 93 45 5 41 58 74 19 67 75
52 90 8 91 91 87 58 90 99 41
39 67 48 71 42 64 68 58 39 80
86 94 27 52 88 31 58 15 43 19
64 8 58 77 12 19 2 82 89 5
39 52 89 64 99 73 23 89 71 87
86 55 24 24 89 26 49 15 57 100
56 47 62 49 35 46 43 46 38 88
22 1 6 9 3 5 92 85 77 61
2 50 96 69 71 46 1 89 86 91
41 98 49 33 59 71 47 4 61 74
25 41 11 64 74 90 70 80 51 94
70 91 39 49 97 71 82 32 85 84
93 100 28 47 54 36 39 11 81 54
4 85 99 93 18 16 4 6 5 33
91 10 1 38 48 24 60 21 7 56
72 87 74 29 55 77 88 94 61 25
13 92 100 46 86 63 14 77 43 8
79 100 74 11 58 77 96 52 73 4
4 92 68 37 54 66 65 15 64 97
34 21 18 10 44 37 66 29 81 27
2 75 3 69 19 76 99 99 3 24
78 83 35 81 61 25 2 11 2 34
97 99 63 8 77 14 27 61 80 1
68 80 23 50 19 45 84 69 98 11
Size
9 5 10 1 2 8 3 9 6 5
10 7 4 7 5 10 6 2 7 9
4 6 10 3 10 1 5 7 2 4
9 8 3 1 2 9 10 1 6 5
1 7 9 2 1 10 2 2 10 4
1 8 10 1 10 4 9 6 7 8
3 7 6 9 2 5 3 7 1 6
10 5 2 10 2 2 7 6 4 2
3 9 7 9 4 6 1 8 3 5
8 10 2 5 1 9 1 5 4 5
4 8 10 1 6 10 2 5 2 7
4 3 9 4 7 6 2 7 10 3
5 6 5 8 6 10 7 7 10 5
10 5 7 5 10 9 7 7 2 2
10 7 9 2 9 9 5 5 1 8
4 5 6 8 3 8 1 1 4 8
8 1 5 3 1 3 1 5 4 9
8 7 10 4 10 8 5 2 10 7
9 10 6 3 10 10 3 10 9 2
7 10 3 9 3 10 1 8 4 10
9 4 4 5 3 6 10 2 9 4
9 6 3 9 7 4 7 7 5 5
8 8 9 9 10 4 4 7 1 6
6 6 4 2 8 5 9 4 7 2
9 4 1 6 9 4 2 2 3 5
1 1 5 2 2 9 8 10 9 1
8 6 1 8 6 4 10 8 5 5
9 4 7 9 5 9 9 4 2 7
3 10 5 1 4 7 10 9 2 6
1 2 5 9 4 9 5 6 4 10
1 8 7 6 7 6 10 8 6 5
5 9 3 10 2 6 1 7 1 8
8 2 9 5 3 8 5 4 7 7
5 3 10 4 3 8 5 1 10 8
4 3 6 6 9 3 3 5 9 8
9 5 1 2 10 5 10 9 1 6
3 9 8 8 8 4 9 3 6 1
4 8 6 10 2 10 3 10 3 2
4 6 2 3 8 1 6 6 4 9
8 9 7 1 4 2 9 6 1 2
4 5 10 5 10 5 4 2 6 4
8 4 1 10 6 2 10 2 2 5
3 6 2 8 2 6 3 9 1 4
2 4 4 4 3 5 8 6 5 6
5 8 4 5 7 4 5 1 6 7
4 4 4 10 2 5 3 2 9 3
1 8 2 5 3 3 8 10 9 1
9 8 8 4 2 6 5 5 3 8
3 9 7 10 8 8 5 3 8 7
3 7 1 4 6 5 4 5 6 3
NoWait times: 3
1 6 7
