n 50
m 10
cap 30
Processing
75 99 75 94 39 81 13 90 77 53
58 90 39 50 85 92 94 69 13 4
47 4 36 84 38 31 29 12 52 77
4 61 46 89 17 56 47 97 22 59
88 99 61 67 77 32 26 3 35 23
98 13 81 34 5 45 26 74 92 91
44 63 27 81 45 58 72 30 73 98
14 97 61 15 40 83 60 81 76 5
25 38 66 79 7 34 47 87 33 91
26 75 71 70 34 42 7 73 45 91
67 99 20 15 35 76 37 4 20 15
30 92 18 11 43 83 100 16 90 79
2 77 25 79 6 67 31 44 95 97
87 70 27 65 83 96 96 55 2 17
65 2 63 84 17 28 73 3 59 18
88 49 13 1 63 19 56 72 89 80
73 50 6 57 6 73 33 4 97 84
79 5 56 23 87 45 57 73 94 12
28 66 80 58 80 10 14 44 30 36
57 38 48 23 25 69 19 34 82 66
46 73 9 72 87 97 97 5 35 20
98 11 90 93 43 98 96 99 42 22
51 75 63 78 5 99 13 84 80 70
84 60 2 31 40 14 55 91 20 89
76 1 21 62 14 6 3 60 75 60
63 61 36 53 32 88 17 95 4 49
15 41 53 9 35 97 8 54 29 52
20 4 69 40 84 2 12 48 5 47
15 29 77 83 95 70 80 23 25 3
27 23 65 73 95 9 73 58 4 76
33 65 18 25 15 24 78 32 95 39
3 10 11 87 40 35 12 46 42 67
7 37 70 13 81 93 28 6 7 58
4 73 60 41 55 77 40 15 71 75
7 69 58 49 82 78 21 63 17 15
95 46 2 3 4 79 37 86 8 85
44 87 12 13 17 78 88 27 65 64
44 43 80 72 29 92 43 88 94 54
88 41 82 88 23 67 44 22 86 35
12 69 38 81 44 24 21 84 10 47
85 15 80 52 31 34 33 23 9 57
58 69 40 28 75 82 100 64 84 71
87 94 20 37 32 34 92 100 42 21
77 79 17 8 76 57 69 78 89 26
29 24 76 48 37 83 15 40 69 64
26 55 65 95 90 51 48 56 27 77
87 71 41 19 40 13 98 23 43 3
61 99 93 38 23 82 76 48 50 33
90 59 71 13 36 68 74 44 76 88
67 15 61 4 10 97 19 51 71 36
Size
4 10 8 7 5 5 2 9 5 8
10 6 5 2 3 10 8 8 4 3
7 3 10 9 9 3 9 1 9 6
1 7 10 8 10 2 3 3 5 6
10 4 8 9 6 10 4 9 1 2
3 7 5 9 9 1 1 3 4 2
8 8 1 7 8 2 7 10 10 8
8 1 2 7 5 3 4 9 4 2
9 7 5 6 10 3 10 5 7 7
7 9 10 8 5 7 10 1 2 5
7 1 8 7 9 1 3 7 10 7
6 2 6 1 10 7 8 7 1 6
7 5 10 4 6 8 1 10 5 1
7 9 9 4 6 1 10 3 8 5
1 7 7 4 1 10 7 6 5 1
10 9 2 6 6 1 10 6 5 6
3 5 2 7 9 2 4 7 10 7
9 10 2 10 6 3 1 1 6 6
8 10 1 8 6 8 4 3 3 8
4 10 7 6 9 8 4 7 8 9
9 1 10 1 7 2 6 8 5 1
2 8 4 6 8 8 9 5 8 10
4 10 2 6 8 8 10 2 10 2
4 2 2 9 8 9 4 7 9 9
1 3 1 3 8 9 4 4 9 6
7 1 2 4 10 4 10 8 4 9
8 6 2 7 10 5 2 10 6 9
3 1 4 7 1 9 3 5 2 2
3 9 1 10 9 5 6 9 6 5
1 8 5 5 1 9 1 5 7 3
7 4 2 2 10 5 10 10 4 2
4 6 9 3 1 2 9 1 10 8
4 4 2 3 10 5 1 5 5 8
6 6 6 2 7 10 10 9 9 10
6 5 5 4 4 5 8 3 9 8
10 2 10 1 4 7 7 2 5 7
6 1 4 6 5 1 6 8 1 7
10 7 3 5 4 10 7 4 1 4
2 1 6 10 2 2 10 6 1 3
1 9 3 2 2 8 3 6 6 5
3 1 5 5 10 3 1 9 10 1
3 1 8 4 3 9 9 7 5 8
9 3 7 8 9 2 6 7 1 6
9 4 7 4 4 7 6 2 2 2
8 9 8 10 6 9 6 1 6 5
1 10 5 4 1 3 6 4 5 10
3 9 10 4 3 8 6 1 7 3
7 4 1 9 6 7 2 9 10 10
9 4 6 10 10 4 10 8 8 2
1 2 5 1 5 5 6 5 10 4
NoWait times: 3
4 7 8
