n 50
m 10
cap 30
Processing
69 33 52 79 59 72 49 60 97 22
49 58 49 63 79 47 52 55 63 46
86 45 88 63 45 60 38 1 26 13
73 49 79 36 73 38 12 50 31 89
82 14 17 24 28 22 80 5 55 68
97 20 52 5 24 25 39 84 64 77
73 35 70 77 10 58 84 65 4 20
45 90 78 8 71 52 16 78 37 8
50 32 75 55 20 65 82 90 48 97
55 32 11 65 53 1 5 61 40 58
25 14 68 42 17 75 69 9 23 80
40 57 45 11 33 26 31 16 85 16
12 26 44 25 59 6 98 65 81 26
50 20 37 17 37 45 66 33 67 46
86 31 45 19 30 14 9 37 31 70
71 96 54 99 89 24 53 16 58 59
40 61 52 34 86 6 97 16 26 75
65 77 96 64 38 51 65 65 52 10
60 23 52 79 48 15 44 93 78 3
62 45 79 47 65 50 53 9 83 38
38 12 85 2 38 14 33 97 38 46
39 96 28 14 99 29 23 97 15 50
18 45 50 37 2 32 71 23 32 31
35 21 53 91 53 57 12 64 66 39
74 86 38 97 43 89 1 96 28 1
67 97 8 8 11 60 11 92 65 3
73 65 66 75 20 97 49 89 25 11
53 24 92 38 48 41 5 59 79 42
49 11 48 61 19 37 4 39 10 59
16 73 65 84 33 37 39 33 35 18
79 48 21 50 39 73 95 80 69 83
51 91 7 39 14 29 64 5 57 55
59 30 65 72 83 59 63 94 35 18
100 54 65 86 73 12 46 35 52 68
27 63 91 33 55 18 27 80 100 40
80 8 70 56 68 70 3 57 88 95
18 77 90 5 9 72 10 14 16 15
85 22 71 33 61 15 73 65 29 94
13 36 57 35 10 64 87 44 93 27
78 81 37 32 19 6 76 5 64 96
42 73 20 58 60 46 5 17 34 64
88 59 36 90 39 19 35 63 81 8
70 58 87 100 64 39 85 19 34 83
45 39 16 87 74 35 61 51 36 52
59 11 50 79 93 38 81 81 47 69
32 64 29 81 65 17 96 45 2 39
26 9 82 56 8 45 25 26 30 83
61 98 12 43 40 67 40 88 60 98
99 75 81 12 87 99 81 78 2 24
27 36 3 73 61 4 49 80 35 85
Size
8 8 8 7 6 9 10 2 4 1
5 7 5 4 9 6 9 10 7 3
7 2 10 4 2 2 2 3 4 3
3 9 10 3 1 3 1 10 5 4
1 1 1 7 7 7 10 6 9 10
10 6 10 5 5 2 3 1 7 8
5 3 3 8 5 8 7 8 4 3
7 1 9 9 1 2 8 9 3 3
1 2 8 2 8 7 9 1 1 2
9 10 6 1 1 5 4 10 6 6
3 2 6 2 10 5 6 10 9 2
7 10 10 5 8 2 8 6 8 1
1 8 5 1 8 1 2 8 10 10
5 9 5 7 4 2 4 3 9 9
9 4 6 5 8 7 5 4 2 9
5 3 9 10 9 9 5 9 8 4
4 5 5 8 8 10 6 1 3 7
3 7 3 9 5 10 1 7 7 2
6 10 7 8 9 6 9 9 1 4
7 7 1 3 1 1 5 4 7 10
9 7 9 6 3 2 5 1 9 2
5 3 4 10 3 2 9 5 3 1
2 7 6 10 1 2 10 8 7 9
5 7 1 4 5 3 8 1 10 9
8 6 8 4 5 8 4 10 6 7
1 10 9 7 3 9 4 8 3 4
9 2 9 5 4 6 7 10 2 1
10 10 3 2 6 9 4 10 3 6
10 6 5 4 4 3 9 8 8 10
9 10 6 5 8 7 4 1 9 10
7 6 3 10 9 6 4 5 7 3
1 5 6 9 4 4 3 5 3 10
1 9 10 4 4 3 6 2 3 9
9 3 1 3 2 10 8 3 9 9
9 10 1 3 7 6 1 1 3 10
7 10 5 10 3 10 10 8 8 2
6 8 5 7 2 9 9 2 9 4
8 10 7 4 5 2 4 5 7 9
3 9 8 5 2 6 1 1 9 5
3 10 3 7 6 3 1 9 9 6
3 1 2 8 5 7 3 9 8 8
7 3 9 7 5 6 6 2 7 9
3 3 7 4 2 5 2 5 1 5
3 6 2 2 3 7 3 8 6 6
10 4 5 10 9 7 1 1 2 9
10 1 5 10 2 8 4 7 4 9
7 9 10 8 4 4 10 8 6 6
5 6 1 1 8 6 8 1 7 8
4 4 10 2 7 3 4 2 7 5
8 6 2 5 7 8 6 8 10 5
NoWait times: 3
0 1 3
