n 50
m 10
cap 30
Processing
61 57 17 14 19 78 32 100 31 39
48 40 12 82 9 58 23 70 24 36
19 100 46 83 13 30 85 55 7 72
56 57 35 100 64 44 31 47 56 25
91 76 81 61 17 65 70 17 81 31
92 93 21 39 44 36 27 76 97 83
90 36 73 75 31 91 74 29 45 26
99 28 100 15 4 45 33 38 38 54
94 20 28 94 78 81 49 84 94 27
75 89 62 75 4 82 73 75 61 36
98 43 39 88 53 34 95 61 71 15
90 78 14 44 32 100 84 19 96 90
60 63 58 100 11 47 26 2 36 59
71 4 24 14 86 98 18 3 100 37
34 37 86 90 90 28 78 1 19 65
98 57 66 40 76 69 44 84 12 87
65 81 5 70 72 97 23 69 24 96
26 29 46 15 13 22 88 65 17 7
58 16 64 88 53 30 13 35 58 78
5 63 92 87 69 4 67 6 100 6
9 5 28 56 79 75 60 81 79 75
67 18 86 57 76 29 74 87 66 3
53 63 11 88 55 69 87 8 32 99
43 95 21 93 21 76 20 61 17 74
67 7 39 47 30 22 39 82 94 26
3 65 77 12 70 62 97 39 3 84
32 34 1 77 9 82 62 14 58 12
69 75 90 87 28 93 79 19 100 56
53 41 28 98 41 63 90 28 40 97
86 37 16 77 6 67 4 86 77 72
9 6 50 84 44 71 82 87 3 83
24 79 100 52 37 89 88 45 18 90
10 73 22 23 18 5 96 47 73 37
6 71 76 5 46 47 51 41 10 45
26 32 11 15 62 39 53 1 93 89
79 77 11 80 5 72 6 3 47 54
50 32 26 44 55 29 72 23 100 80
5 87 76 74 49 36 96 91 84 20
53 74 79 15 29 20 46 23 49 8
100 46 48 18 88 58 78 38 88 19
17 9 3 95 18 29 86 20 38 14
45 73 71 74 88 64 12 39 31 13
55 27 90 58 59 24 57 71 46 71
44 22 73 89 95 10 45 81 67 50
64 47 36 11 27 85 3 67 82 46
58 6 88 3 60 77 56 12 75 91
94 19 79 47 34 88 55 82 1 94
85 39 62 29 90 82 62 20 30 28
98 61 53 77 74 74 89 32 57 97
25 71 98 33 98 10 55 7 56 6
Size
9 2 9 5 9 4 2 8 10 10
8 5 4 2 6 6 10 6 8 5
4 9 5 4 1 2 5 8 6 8
2 4 1 8 7 4 1 8 10 5
1 1 3 6 10 10 5 3 9 1
6 6 8 7 5 8 3 5 10 8
7 1 1 9 8 8 2 1 7 7
10 8 1 9 10 10 6 8 6 10
9 1 10 2 8 4 4 1 8 3
10 4 9 8 2 5 5 9 6 2
9 7 10 2 7 2 8 10 3 4
10 1 9 2 10 2 3 7 4 1
4 10 2 6 7 7 10 6 5 7
5 7 6 1 10 5 1 5 5 8
7 6 8 3 8 8 6 8 5 9
8 2 7 4 2 2 10 1 5 1
1 9 3 5 9 8 9 9 2 5
10 7 8 3 7 7 6 6 5 6
4 3 5 10 10 3 7 6 3 2
9 9 10 4 7 6 7 2 10 2
2 3 3 4 3 3 10 10 5 1
4 3 4 6 1 10 1 10 5 2
6 10 3 4 7 8 6 3 10 1
6 7 5 8 6 10 10 4 4 8
1 8 4 9 5 9 4 3 4 9
2 1 10 8 4 6 3 5 10 1
6 8 4 7 2 5 4 2 4 6
4 5 5 7 8 6 10 5 7 8
1 5 3 6 8 6 9 3 1 4
7 3 9 5 1 6 2 6 3 9
8 10 2 8 10 3 2 1 4 7
8 10 4 1 1 5 5 5 4 6
1 4 2 3 6 1 7 4 5 5
3 8 5 5 1 9 8 8 4 2
7 4 8 8 6 3 4 10 6 1
10 10 1 10 4 6 4 1 8 8
4 7 8 9 10 8 4 1 6 5
8 1 3 10 6 5 4 10 2 2
2 9 9 7 8 8 4 6 5 3
2 5 4 4 4 7 2 5 10 1
7 1 7 8 9 3 10 1 5 8
2 1 6 2 6 1 8 5 8 8
3 7 1 7 10 9 1 9 1 7
5 10 1 8 9 4 1 9 1 3
10 1 6 9 7 8 7 7 10 10
10 10 1 2 6 9 1 2 2 10
7 7 4 1 2 6 1 10 6 10
1 9 10 8 3 6 2 10 7 3
4 5 9 7 9 8 8 6 2 2
7 4 1 3 5 4 8 1 7 2
NoWait times: 3
1 5 7
