n 50
m 10
cap 30
Processing
16 24 66 100 35 46 17 86 5 5
85 47 87 54 7 29 26 77 86 45
64 97 70 63 52 54 1 48 80 39
45 77 25 54 35 74 34 95 78 2
14 92 83 60 86 1 34 85 88 21
29 60 98 30 81 84 39 16 58 19
30 2 11 98 38 38 48 60 40 20
71 8 9 14 25 48 85 27 23 71
66 4 19 88 22 23 21 2 64 94
90 70 88 69 41 45 45 73 88 45
10 7 40 45 7 88 89 85 96 72
47 13 79 83 1 30 53 47 31 13
32 61 48 20 82 48 99 83 19 91
99 33 18 82 14 86 80 20 54 50
13 21 91 77 10 96 34 67 30 52
2 83 8 31 91 48 63 85 1 47
3 32 32 56 14 52 18 60 1 2
12 5 66 66 28 43 30 35 81 70
45 92 23 54 91 96 63 72 74 15
88 36 78 74 80 9 27 13 1 38
81 49 73 59 91 100 16 12 2 56
89 51 18 90 60 60 67 69 79 37
49 84 4 27 42 70 38 79 86 25
52 7 74 25 88 36 51 33 26 82
38 73 23 98 17 28 100 5 56 34
96 89 46 64 15 69 68 32 97 22
75 82 63 19 34 90 2 67 71 12
66 68 16 9 84 8 13 36 12 88
6 53 61 82 90 59 83 76 65 75
51 67 49 51 55 5 36 5 26 25
58 79 47 55 38 44 94 67 75 56
75 90 7 30 97 41 77 49 57 62
21 84 68 78 87 96 34 64 63 13
32 64 99 92 55 73 65 8 29 27
33 85 14 42 46 68 65 43 5 82
34 43 55 63 27 87 75 53 53 45
71 11 79 45 99 33 72 53 44 64
5 73 26 64 40 50 68 14 83 55
18 88 74 17 32 48 23 29 24 45
36 67 41 78 100 9 41 80 44 40
34 5 98 9 16 57 58 52 71 26
15 70 69 3 74 83 99 26 16 18
25 19 47 87 89 27 79 59 62 47
61 22 93 18 8 25 63 8 41 49
6 23 88 51 64 37 7 18 32 64
48 3 89 2 35 70 96 55 43 37
27 4 97 37 15 14 91 80 93 57
43 94 3 78 41 13 45 7 64 4
34 58 72 79 91 34 79 31 45 4
2 48 97 86 67 28 83 33 14 7
Size
6 3 3 1 8 6 2 4 5 9
3 10 2 1 10 7 7 9 4 5
4 9 9 1 2 9 1 1 4 7
8 1 1 5 3 3 5 2 6 1
7 5 10 5 5 1 3 10 8 9
1 3 1 5 9 1 3 9 3 5
2 5 5 10 5 8 4 6 4 1
3 5 8 8 1 10 7 9 8 8
2 6 6 6 3 1 6 8 5 2
1 2 2 8 2 2 5 5 9 3
2 4 6 7 4 4 7 2 3 7
8 8 3 6 2 5 9 7 9 2
1 5 6 1 3 9 5 8 9 3
5 8 8 8 5 2 9 8 4 8
5 10 6 3 10 10 6 9 10 4
4 6 8 4 1 10 1 10 3 3
4 4 6 3 9 8 4 9 5 10
1 5 7 9 5 3 1 5 10 8
6 9 8 6 1 9 1 7 6 9
9 8 7 8 7 9 4 9 2 4
10 2 2 6 4 1 10 10 1 2
8 8 6 6 8 8 7 7 8 7
8 9 8 1 8 5 2 3 7 5
3 5 9 2 7 6 5 7 6 9
10 9 9 3 1 5 1 7 5 4
3 6 10 6 10 6 7 4 7 7
1 9 8 9 7 8 8 10 8 4
10 2 5 2 4 8 2 1 9 4
2 2 1 2 7 7 5 8 5 8
9 1 7 8 8 2 4 1 5 10
10 2 6 6 4 5 1 9 8 2
8 3 9 4 9 2 2 1 10 6
5 1 10 10 9 7 6 6 4 9
3 5 1 6 6 9 9 2 4 1
3 8 8 9 7 9 3 7 9 5
5 7 7 7 6 8 6 8 3 3
4 6 9 10 4 7 6 1 7 4
7 8 7 10 5 7 4 3 9 5
4 10 4 4 1 6 2 7 1 1
6 10 10 7 9 8 4 4 9 2
2 5 2 7 3 10 6 3 5 7
7 10 10 5 10 7 5 8 8 7
9 8 4 9 8 7 5 9 4 6
1 3 4 7 10 6 9 4 5 8
2 9 4 6 2 6 8 3 6 2
2 10 5 10 3 4 8 8 7 8
3 8 5 10 9 8 10 5 9 3
5 10 5 6 5 8 1 8 8 6
6 6 8 6 6 3 9 8 9 8
6 4 3 2 4 4 10 2 5 2
NoWait times: 3
0 1 6
