n 50
m 10
cap 30
Processing
7 58 40 97 6 95 13 14 100 79
77 16 31 84 3 32 58 88 27 9
85 74 91 28 76 32 27 76 80 56
51 89 92 27 89 51 72 10 44 82
11 9 49 65 31 61 84 49 6 49
50 8 99 44 98 96 53 85 69 63
43 83 98 60 22 60 49 89 77 34
22 52 41 34 48 7 100 55 47 60
95 53 36 34 49 17 15 7 14 74
11 52 33 6 81 21 57 24 35 31
23 91 67 30 33 95 73 27 75 50
20 76 84 44 94 45 58 42 2 79
28 60 87 38 4 17 72 70 37 49
64 49 39 53 98 46 65 30 58 4
17 85 64 19 60 44 94 27 40 86
49 68 41 6 91 60 21 19 16 48
18 55 42 7 61 88 93 6 46 21
97 5 68 10 22 46 58 37 44 37
39 99 15 84 75 59 9 43 54 13
77 75 61 66 5 27 65 53 67 55
40 2 17 62 88 88 3 61 87 51
71 10 1 72 8 35 37 29 51 94
54 59 50 57 19 9 28 67 28 68
17 97 59 87 72 43 9 14 25 85
16 69 14 54 72 99 97 57 25 25
66 13 44 97 6 33 56 7 53 97
90 96 29 17 50 64 92 49 18 34
57 32 41 69 76 87 19 10 48 70
72 57 83 83 22 1 27 37 10 55
73 66 39 22 90 97 96 32 94 34
97 68 56 84 24 60 100 39 24 36
68 35 15 78 30 67 13 87 9 57
34 12 99 52 29 64 33 37 69 82
97 92 3 25 10 76 37 92 93 77
33 59 79 3 50 61 10 13 55 98
66 88 52 97 11 14 82 98 61 24
95 31 35 55 45 89 87 38 25 63
100 88 57 31 66 82 91 71 77 78
59 88 73 32 2 29 16 21 21 28
63 64 74 59 11 11 29 62 26 77
35 87 3 88 17 46 5 65 99 62
25 2 1 56 94 44 33 20 46 61
9 89 4 43 60 77 99 98 73 85
73 7 95 47 78 13 29 42 86 73
72 4 84 3 36 5 16 2 38 97
80 41 15 77 66 79 47 60 59 11
9 25 67 74 47 47 100 67 39 55
83 62 84 52 66 54 21 79 15 27
60 14 97 74 82 57 37 14 77 50
15 10 100 8 31 17 60 29 11 64
Size
2 3 1 6 7 3 4 5 6 5
5 7 8 9 10 3 6 6 9 10
10 6 6 10 7 8 8 1 8 2
1 8 4 9 4 10 1 10 7 4
6 9 9 5 7 3 1 6 5 8
4 5 4 1 4 5 3 7 8 10
8 2 1 2 4 7 6 5 7 1
9 4 10 8 3 4 8 8 7 3
6 2 9 4 3 2 9 8 1 4
10 7 2 9 8 2 1 5 1 9
9 3 10 9 5 10 1 4 8 7
10 7 7 3 2 9 6 5 1 6
3 8 4 5 7 5 2 1 6 5
6 6 4 7 3 2 9 1 9 6
4 9 10 5 10 6 8 4 9 7
7 8 5 4 8 2 8 1 1 2
2 5 7 9 5 8 5 8 8 8
5 2 4 7 3 6 2 2 2 3
8 4 8 4 5 1 8 10 9 2
9 8 2 7 8 2 6 9 2 8
4 10 5 6 7 3 8 8 1 1
2 10 6 10 10 7 9 3 5 1
10 3 4 2 9 4 7 3 4 10
2 10 3 9 3 10 3 9 2 2
4 6 2 5 8 8 10 9 7 4
6 9 3 9 5 10 2 9 6 1
9 6 5 4 5 2 10 5 5 3
10 4 1 7 3 9 10 9 4 4
9 3 1 7 2 6 9 3 8 6
6 3 6 9 8 6 8 7 1 1
7 2 9 9 10 2 8 1 3 5
6 9 1 6 4 9 10 1 9 3
3 7 9 5 3 3 9 2 6 8
8 7 1 1 3 9 8 2 8 4
4 4 3 6 4 7 4 8 4 3
9 2 9 6 8 3 6 5 1 8
3 9 4 9 10 7 3 5 4 10
3 7 5 2 8 2 6 9 2 10
8 7 4 9 2 10 7 2 10 2
3 10 3 7 6 10 1 1 8 7
8 5 1 1 8 6 5 7 10 7
1 1 3 5 2 5 5 1 1 3
6 6 1 2 7 3 10 10 3 1
9 3 3 1 8 9 1 6 7 9
9 1 1 10 1 9 6 2 8 2
3 8 10 3 7 2 10 1 9 7
6 8 9 8 8 1 8 10 1 6
3 10 3 7 2 3 4 7 4 6
7 8 5 4 2 1 10 3 10 10
9 10 6 7 4 3 4 4 7 1
NoWait times: 3
1 4 7
