n 50
m 10
cap 30
Processing
87 78 58 29 51 37 98 30 79 73
35 1 36 81 29 77 7 37 8 5
50 20 26 85 88 79 91 37 40 69
56 61 37 40 48 60 78 29 87 19
81 24 85 54 79 48 8 9 21 92
24 14 58 49 52 30 57 85 14 80
20 18 13 8 99 35 74 40 24 74
78 31 13 56 85 38 78 57 100 73
38 89 80 14 27 70 84 57 81 52
42 91 53 39 1 10 6 15 75 76
55 76 42 7 52 44 98 82 6 49
66 10 25 83 33 79 77 73 94 43
59 41 34 77 47 30 67 25 85 34
17 12 10 29 90 53 75 19 7 61
99 7 36 21 39 73 13 78 46 36
74 20 76 41 98 55 39 24 74 54
54 91 22 84 70 45 31 22 59 9
100 74 4 86 85 63 11 55 65 1
81 87 93 30 35 2 3 64 25 14
27 62 98 62 36 61 93 33 75 27
77 76 62 19 74 91 35 27 34 1
35 34 2 40 93 48 94 92 27 66
76 95 75 89 77 50 37 15 91 91
6 38 48 36 56 6 80 63 40 72
8 85 9 76 31 55 1 48 40 86
34 94 13 16 57 81 37 71 34 1
6 67 43 68 85 2 92 70 1 74
99 27 69 11 26 30 29 10 73 98
51 50 38 16 54 11 39 98 18 7
11 70 26 41 49 2 57 42 44 44
36 84 59 18 79 52 36 5 94 8
25 15 27 36 53 60 55 38 48 62
21 40 13 1 54 3 23 47 96 11
83 33 32 13 83 8 30 34 72 63
83 16 39 32 2 51 43 8 26 100
22 8 97 20 29 76 47 71 36 19
34 81 45 6 66 82 73 46 76 59
28 45 48 44 33 90 7 7 94 53
51 27 13 84 44 85 87 27 7 73
85 31 31 13 60 26 8 92 58 8
47 88 46 99 93 78 74 20 50 96
81 73 40 89 83 65 46 35 63 96
73 40 34 41 97 25 17 68 21 62
50 62 42 65 6 23 82 79 2 69
34 96 11 93 70 77 100 81 39 73
34 24 49 8 74 19 13 83 19 76
41 4 8 42 13 22 86 12 80 26
10 50 83 90 30 34 21 14 2 24
16 14 54 73 29 6 3 37 25 68
85 30 97 95 36 85 61 28 32 87
Size
10 6 2 2 2 2 5 8 4 5
7 2 3 6 9 10 6 10 3 5
4 3 2 3 1 9 1 6 2 6
3 10 8 3 9 9 2 10 4 4
1 10 8 4 1 2 5 9 10 9
5 4 3 4 4 4 2 5 4 5
10 1 1 4 6 7 1 3 7 7
6 7 9 3 1 10 3 8 7 10
1 9 3 4 5 4 9 8 6 9
7 1 9 8 4 8 8 6 8 4
1 1 9 5 5 7 5 9 2 2
4 4 8 9 1 9 7 6 8 9
8 7 3 3 2 2 3 5 3 5
5 4 2 1 8 9 2 6 8 6
3 2 9 8 8 3 6 9 10 2
1 7 9 9 1 7 7 5 8 8
8 8 10 6 8 9 4 8 8 8
6 7 10 7 1 8 8 7 9 3
5 5 6 10 8 6 8 7 1 1
6 8 8 10 8 1 1 5 8 1
8 3 3 1 7 4 3 1 8 6
4 10 7 3 5 1 1 3 10 6
2 3 3 4 1 4 1 4 5 4
5 5 7 8 8 6 6 5 10 2
4 7 5 7 9 7 6 2 5 1
10 6 8 2 8 3 10 3 2 1
6 1 2 5 1 8 9 10 4 6
8 3 5 1 6 7 4 1 8 8
8 5 3 6 6 4 8 8 6 4
2 2 7 6 10 2 4 6 2 1
5 6 5 3 10 4 9 2 9 7
1 2 1 8 9 4 5 8 4 5
1 10 3 9 4 4 1 3 5 6
2 10 6 4 7 10 2 1 2 7
7 3 1 3 9 3 8 4 7 7
6 5 3 10 6 9 10 8 10 5
1 3 10 6 4 4 2 8 7 3
9 1 1 2 6 8 9 2 9 6
1 3 10 6 10 10 9 4 9 2
3 4 8 10 8 3 2 4 10 10
1 10 7 9 5 8 1 10 1 5
7 5 5 4 8 8 4 10 2 1
2 10 10 2 9 4 8 10 5 5
4 1 2 4 2 3 1 2 8 8
10 1 4 5 5 9 10 2 9 3
3 9 6 4 6 5 8 1 2 2
1 6 8 3 9 5 7 6 5 10
9 1 2 5 9 8 2 2 7 2
5 7 5 9 8 5 8 4 3 1
4 1 7 3 2 4 5 6 4 9
NoWait times: 3
2 3 4
