n 50
m 10
cap 30
Processing
56 81 88 87 79 9 50 12 12 97
35 2 62 68 93 29 100 91 94 70
74 85 73 11 60 45 90 52 8 93
14 28 83 42 32 36 95 6 24 96
41 42 90 47 81 44 34 56 94 58
12 82 64 62 75 29 51 51 8 96
34 15 22 39 36 99 88 51 4 4
28 83 32 97 47 26 90 66 41 89
16 78 87 4 62 91 50 34 90 42
70 29 25 3 9 4 73 61 87 91
25 73 40 90 53 63 4 19 16 40
44 27 18 37 86 28 99 31 41 45
80 48 67 26 22 73 55 58 82 63
3 2 85 10 28 97 76 11 32 64
15 9 58 17 47 16 89 96 54 62
65 39 91 84 67 45 28 37 85 63
3 78 51 69 67 13 49 30 12 27
31 17 58 77 57 11 66 17 94 36
9 30 58 93 53 39 29 22 86 42
88 13 63 80 53 1 63 74 85 64
78 18 14 72 18 19 28 7 38 12
46 85 45 58 64 94 28 59 46 35
62 28 31 69 37 17 70 63 62 33
58 56 36 32 87 56 30 12 4 71
43 49 98 45 9 95 10 95 65 36
42 7 87 37 51 78 5 45 59 54
11 37 65 8 54 88 19 25 17 94
27 35 10 7 77 43 11 72 1 74
10 55 69 83 54 66 2 84 10 77
21 93 68 18 21 29 100 5 92 54
76 36 34 82 3 3 34 95 55 98
49 79 87 56 65 23 13 84 67 61
35 36 60 56 29 28 65 27 73 78
31 67 96 55 63 80 7 1 80 85
47 58 61 58 100 29 4 41 11 71
18 95 88 94 80 36 67 93 21 76
98 32 62 63 5 29 45 72 16 13
28 45 8 63 51 52 70 70 19 78
76 42 94 40 97 22 18 19 85 7
29 7 11 83 28 88 90 15 36 23
73 4 98 20 64 75 7 57 12 100
54 66 79 52 35 23 57 49 74 68
66 41 13 42 53 78 19 22 89 6
64 96 23 6 91 37 98 25 47 42
99 25 65 38 45 98 79 53 31 73
21 53 12 96 53 20 94 14 73 79
99 70 44 61 60 34 10 35 73 71
33 49 29 100 35 81 55 72 19 57
6 28 77 2 77 41 77 35 5 14
85 87 88 69 80 99 48 63 23 94
Size
10 5 6 2 6 7 9 6 10 7
7 5 4 4 10 1 8 9 8 10
5 5 1 4 1 2 8 9 6 7
6 2 3 6 7 9 10 10 1 3
9 4 9 8 8 5 10 6 8 7
3 9 5 4 5 10 8 8 10 4
5 8 10 8 10 2 6 5 9 9
1 6 2 1 1 5 8 4 6 7
2 8 9 1 2 5 4 10 1 6
7 1 2 6 3 5 1 10 2 1
5 7 5 9 5 7 5 1 1 2
3 6 4 10 10 10 3 8 1 6
8 1 2 2 7 1 2 9 4 6
10 7 5 3 10 1 9 6 9 5
2 8 10 5 6 10 5 2 3 4
8 8 2 2 9 2 8 2 6 8
10 7 3 1 10 4 9 4 6 6
1 6 6 2 10 8 3 7 10 1
5 8 6 8 6 5 3 2 9 9
1 4 9 7 2 7 8 1 4 2
8 3 4 1 1 1 7 9 10 5
6 3 2 3 10 7 1 1 1 8
5 9 1 6 10 6 1 5 2 3
2 6 3 5 10 3 10 2 4 3
8 6 7 1 10 2 3 5 6 2
5 5 8 10 8 10 10 5 3 5
2 1 9 8 4 10 10 4 9 10
2 5 7 8 10 10 6 4 6 1
10 2 10 2 4 10 6 7 1 5
2 3 7 5 2 7 6 7 4 6
9 8 7 10 4 10 10 8 4 1
5 2 2 5 5 1 3 8 7 8
3 1 10 4 1 7 2 2 7 9
3 8 2 3 5 1 4 7 4 1
3 8 10 9 9 5 9 3 6 6
2 8 8 5 3 1 5 2 8 3
7 8 4 6 5 4 6 5 9 1
8 2 6 9 7 10 1 6 5 6
10 6 4 9 3 10 4 4 4 8
6 8 6 5 8 6 5 6 2 3
9 3 9 7 4 7 3 8 7 3
9 10 7 6 1 10 3 6 4 10
10 3 3 4 3 4 3 8 1 5
9 1 9 1 4 5 1 5 10 8
7 1 5 7 6 10 6 5 1 10
3 9 1 9 8 6 9 8 5 6
4 10 6 1 1 6 6 9 5 10
6 6 6 6 2 5 1 10 6 5
10 5 6 1 9 4 6 10 5 2
5 3 5 3 2 4 9 1 1 7
NoWait times: 3
1 4 7
