n 50
m 10
cap 50
Processing
72 35 27 87 74 27 100 57 6 86
31 46 75 32 56 5 9 36 54 63
65 65 35 43 47 67 90 19 68 9
32 18 76 58 100 17 94 39 72 60
94 46 99 10 6 37 13 83 76 28
29 68 78 57 78 67 77 7 94 11
72 24 49 38 10 10 4 79 54 42
51 57 79 55 28 35 93 31 34 42
36 12 37 8 97 11 77 44 97 77
88 22 25 67 3 23 18 59 46 67
82 18 52 98 21 40 11 45 89 84
63 56 62 89 64 60 73 25 40 92
86 15 57 62 83 84 63 97 2 76
92 2 36 79 2 74 24 30 77 9
11 23 9 34 66 77 54 70 6 26
89 30 51 85 100 38 1 12 35 55
93 45 84 76 53 3 46 77 87 95
70 83 38 17 71 37 28 88 3 81
100 67 31 43 99 26 87 53 31 69
68 75 39 40 27 28 73 96 56 78
36 17 9 70 41 93 50 31 74 6
32 34 70 79 59 7 2 19 95 64
64 71 79 25 15 95 33 1 10 94
83 86 67 56 85 81 59 19 62 54
5 33 19 67 18 25 19 80 41 18
39 8 30 81 66 74 45 70 50 39
67 11 44 91 6 64 49 58 42 35
10 74 86 62 60 91 79 74 94 78
49 100 48 40 16 60 34 54 78 39
80 28 65 48 85 21 11 94 34 61
20 88 34 68 12 81 68 17 59 20
9 27 92 31 24 68 9 62 33 17
43 85 51 62 65 34 10 19 21 28
49 74 21 12 77 47 80 10 95 61
32 83 64 5 97 29 42 74 15 69
63 96 95 3 53 91 100 51 53 80
6 13 62 51 29 68 5 56 52 69
47 65 46 44 29 67 98 45 75 29
74 45 20 71 91 48 58 58 7 32
82 66 8 26 34 81 18 77 87 58
24 22 21 72 73 43 7 2 17 97
99 22 100 27 84 51 32 24 45 94
26 33 25 1 89 53 83 16 88 81
24 65 29 31 73 81 97 23 39 95
43 16 49 89 32 66 98 71 42 46
90 91 36 91 94 6 93 85 90 24
68 90 52 34 77 80 52 52 37 83
73 74 2 1 36 23 83 73 7 48
38 92 6 39 30 42 90 84 59 14
65 2 41 90 40 95 25 53 61 60
Size
3 7 8 1 7 7 7 7 8 10
10 6 7 2 3 3 3 8 3 6
4 3 3 8 6 4 1 6 10 1
2 2 6 7 2 9 1 2 10 7
7 2 6 4 3 4 3 5 7 2
5 2 1 2 7 10 4 9 5 3
1 9 2 4 7 5 4 8 2 5
6 10 10 9 1 1 9 7 4 8
7 7 3 9 6 5 5 1 8 1
7 4 4 2 4 5 9 5 4 1
6 8 6 8 8 2 1 5 7 7
6 6 7 4 2 10 3 4 9 5
9 9 6 9 10 6 4 9 5 6
7 2 7 2 7 2 8 7 9 3
9 6 5 8 7 3 10 8 7 9
3 10 7 7 2 1 6 1 5 8
4 3 8 1 2 2 1 3 10 8
4 5 4 1 7 3 7 8 8 9
10 9 10 7 6 7 5 5 7 1
4 2 5 10 1 1 4 10 10 6
1 7 2 7 4 5 9 3 4 4
5 10 2 6 1 4 3 3 9 4
3 5 4 8 1 7 5 6 2 2
2 9 2 7 5 1 8 7 5 7
4 3 5 2 10 2 9 10 1 5
2 4 8 5 6 8 5 3 2 10
8 8 9 2 4 8 5 5 7 4
9 4 9 1 8 8 5 2 4 3
1 1 9 9 2 6 1 2 5 6
2 10 4 7 7 3 8 3 2 2
2 6 1 1 5 3 9 5 1 9
8 9 4 5 4 4 4 6 9 4
4 5 3 1 2 3 5 9 7 3
7 6 1 8 7 9 6 2 8 6
7 2 10 3 5 5 6 2 5 1
4 6 3 9 4 2 10 2 5 9
9 2 2 9 6 6 2 1 8 10
2 4 2 2 5 8 10 7 5 8
2 5 9 2 1 9 6 6 6 1
2 9 9 3 3 10 4 6 3 1
6 8 4 5 7 5 4 6 3 1
5 5 9 7 6 5 8 6 3 10
5 3 6 10 7 3 1 8 3 7
1 4 5 7 10 4 10 1 9 3
8 9 9 9 7 2 6 10 9 4
9 1 8 3 5 7 4 1 9 9
2 4 10 2 4 8 3 8 10 7
3 10 1 9 4 9 5 4 7 4
4 1 4 2 4 8 8 3 3 1
3 9 10 1 7 7 9 2 4 6
NoWait times: 3
0 1 5
