n 50
m 10
cap 50
Processing
64 12 87 19 25 74 99 31 24 2
12 20 71 48 59 70 62 9 56 46
71 98 9 40 18 51 52 83 61 44
26 53 11 34 97 3 1 30 86 88
37 13 34 62 94 72 100 11 80 5
58 35 86 66 10 4 80 63 41 4
92 53 19 56 84 47 44 67 52 61
76 70 37 8 57 32 46 40 87 63
29 47 86 71 73 52 27 83 12 43
92 63 38 41 8 39 88 43 56 67
67 92 16 83 40 1 19 38 80 48
60 79 29 33 86 75 49 21 50 56
65 47 48 15 32 16 58 32 66 78
5 12 31 48 25 95 74 47 71 34
28 23 1 90 57 39 89 62 62 32
31 79 58 45 48 70 73 57 97 36
6 40 76 43 21 66 17 84 82 82
100 50 82 5 74 70 18 10 60 22
90 75 84 66 56 76 35 64 33 64
76 74 54 73 39 43 26 2 11 98
1 27 59 30 59 93 50 32 11 86
20 33 21 1 35 79 95 92 8 55
94 59 21 52 67 56 52 97 55 86
72 6 64 6 23 91 99 59 29 5
26 3 72 66 100 19 91 58 25 12
91 44 42 74 12 64 58 70 36 74
71 6 25 100 42 93 94 11 8 54
85 51 62 8 3 63 74 45 16 55
98 42 98 99 49 38 59 37 49 44
66 3 23 62 47 93 55 25 60 64
39 18 66 4 46 4 88 40 93 97
38 98 59 46 7 22 35 90 24 13
31 30 82 75 22 34 56 51 99 45
25 8 50 84 85 33 2 48 49 95
46 13 78 50 58 33 57 18 88 37
61 71 44 96 66 53 57 98 33 53
38 73 78 7 52 22 29 24 68 94
94 44 66 84 39 42 41 54 3 45
53 31 36 42 50 93 76 65 4 52
21 43 79 22 32 29 81 26 68 25
77 22 67 19 26 87 26 44 70 33
86 87 34 60 55 72 56 35 81 9
51 69 24 67 53 33 20 66 21 4
11 21 61 66 48 7 79 37 77 62
26 59 76 81 70 17 85 48 89 18
45 16 7 31 44 57 57 67 31 12
80 19 79 15 72 67 14 40 12 35
66 59 89 44 29 80 18 98 89 44
72 36 47 9 80 30 38 16 72 89
41 6 76 26 59 11 89 85 24 27
Size
4 7 4 7 3 9 7 5 4 8
3 8 10 8 10 9 9 9 9 10
3 9 1 8 9 5 8 1 10 9
4 8 5 4 10 4 4 10 6 8
8 9 1 7 2 2 10 3 2 4
2 9 3 8 8 10 5 2 5 3
3 1 7 9 2 5 3 9 6 1
10 6 1 7 2 1 5 2 5 5
6 9 2 2 6 2 1 2 6 6
9 3 3 10 9 4 4 7 2 1
8 4 10 3 5 9 6 1 8 9
6 3 6 6 8 9 10 1 3 6
3 6 9 5 6 8 6 7 10 4
8 2 5 5 9 9 4 5 2 7
10 1 1 8 5 6 6 9 4 9
8 4 6 6 3 4 1 7 7 5
8 4 8 8 6 3 6 1 1 3
3 3 6 8 3 6 1 9 3 5
4 1 2 5 2 4 6 7 9 4
1 1 8 4 3 10 8 2 7 4
9 5 3 6 8 2 10 4 8 3
7 5 10 5 8 10 10 2 2 5
6 10 1 7 5 9 5 3 6 1
3 6 8 2 1 2 6 1 2 7
7 1 10 9 6 6 7 1 8 3
5 7 10 7 3 7 6 2 6 3
4 10 4 1 2 5 3 4 9 3
7 4 4 6 2 8 5 2 5 7
9 7 10 4 2 2 1 3 7 5
1 3 5 10 7 2 8 7 9 10
3 9 1 6 9 2 2 1 5 6
5 6 6 2 10 9 6 5 1 6
2 4 2 3 8 2 2 3 1 3
8 10 3 3 7 3 7 1 5 7
5 3 6 2 9 6 6 3 1 9
6 10 1 2 4 6 5 1 5 1
9 2 6 7 4 6 8 10 1 1
4 6 9 5 9 3 6 4 10 1
5 7 7 8 2 6 4 1 9 6
2 1 1 10 5 1 4 10 1 3
8 5 6 6 3 3 3 10 5 4
2 5 10 3 10 4 1 7 8 5
3 2 2 7 2 3 3 1 3 8
8 4 2 4 8 4 10 5 7 6
5 1 8 10 6 3 10 4 8 5
6 8 5 7 3 1 1 4 10 8
7 7 2 2 4 4 3 2 2 6
1 5 7 2 6 2 7 9 10 5
10 3 5 7 1 2 9 4 8 5
10 10 4 3 4 9 3 10 9 7
NoWait times: 3
2 6 7
