n 50
m 10
cap 50
Processing
2 46 41 85 55 10 95 13 47 81
48 13 39 10 86 63 53 84 48 9
36 40 39 82 80 76 3 66 25 30
61 35 17 9 58 80 95 69 45 18
57 3 97 6 87 6 80 55 26 13
4 37 93 30 43 4 95 52 86 28
73 55 65 8 1 64 86 33 86 76
77 66 29 92 15 9 51 28 62 43
87 38 42 1 10 83 4 15 79 79
65 43 10 88 71 64 75 40 36 9
80 69 72 59 16 68 53 96 47 51
85 20 15 32 95 5 84 35 35 15
26 89 98 88 46 69 47 89 100 6
82 82 72 92 34 32 74 73 79 67
75 37 37 98 20 42 97 41 79 27
56 24 18 12 56 8 82 91 72 10
55 83 78 75 22 75 86 56 92 83
42 3 61 86 53 93 99 11 3 46
40 94 23 63 99 4 28 96 45 73
14 42 31 69 65 19 56 17 44 32
33 77 92 93 80 49 85 75 7 15
88 20 56 47 20 27 65 26 65 30
22 30 89 67 21 56 64 93 71 15
55 32 36 45 87 35 16 77 58 57
48 45 68 82 60 82 95 93 48 45
96 32 17 64 68 93 81 11 71 89
11 72 54 67 12 16 43 64 4 11
20 32 52 46 60 79 81 27 19 98
90 87 97 22 89 50 75 59 32 29
56 68 11 83 67 65 45 29 74 8
91 60 81 27 63 34 90 73 85 22
84 72 99 19 24 40 83 65 22 2
29 8 15 35 62 25 89 37 80 86
91 90 40 43 54 81 30 100 17 82
98 74 44 52 89 91 41 9 85 24
78 10 23 52 9 15 83 61 52 87
54 27 68 6 86 10 30 52 61 55
71 96 57 63 42 42 6 26 4 5
22 60 96 64 3 8 73 61 15 89
82 35 73 57 92 58 99 42 93 9
80 79 33 91 54 63 5 77 39 22
45 87 16 42 54 87 65 2 35 74
5 56 4 68 45 21 86 95 99 76
39 54 88 86 98 4 41 10 8 32
45 73 27 30 23 77 93 31 4 20
15 43 45 40 79 76 81 81 82 50
14 75 1 94 100 20 25 43 62 84
9 1 5 15 48 89 32 86 67 52
45 5 12 87 59 33 91 12 27 40
87 84 81 21 92 75 28 86 55 14
Size
3 3 1 8 5 7 8 5 6 3
10 8 6 6 4 4 7 1 9 2
9 2 3 1 8 6 3 5 7 4
2 3 5 1 2 7 7 10 5 6
10 8 2 1 5 7 9 2 5 9
2 5 8 2 5 6 2 2 10 6
10 7 2 2 3 2 9 6 7 7
7 6 5 4 9 2 6 1 4 3
8 10 2 9 4 9 8 5 7 2
6 5 2 6 4 7 2 10 5 2
9 6 6 5 2 5 9 5 2 4
9 1 3 8 8 2 10 8 6 9
10 2 6 8 5 10 9 8 10 3
5 7 1 7 2 1 6 5 3 6
5 9 1 4 5 6 1 3 4 8
10 3 7 8 4 4 4 4 1 1
6 5 5 10 1 10 3 10 1 9
9 8 7 9 7 2 2 4 6 7
4 10 2 3 4 9 1 3 9 2
5 7 3 7 5 1 8 5 2 9
9 3 8 10 3 5 6 6 9 10
4 3 8 5 4 7 2 8 6 6
3 1 4 6 4 3 5 1 3 8
5 2 8 6 7 9 9 3 6 2
4 4 3 10 9 4 1 5 10 6
7 1 2 6 7 9 1 8 5 9
7 10 4 6 3 9 4 3 7 2
8 5 1 7 9 7 1 3 10 6
2 2 3 5 3 7 10 7 5 2
10 2 2 6 2 5 2 1 1 8
8 8 3 2 6 8 7 7 8 3
2 1 5 5 2 4 8 1 8 6
10 9 7 2 5 5 5 4 2 4
10 3 5 10 5 7 5 8 4 7
4 8 5 3 5 9 7 6 10 6
8 8 5 2 3 6 8 9 4 10
3 8 10 6 3 5 2 5 5 9
4 5 5 4 4 7 7 4 8 6
3 4 10 2 2 1 9 2 10 7
6 9 8 1 5 6 7 9 8 9
5 9 8 5 1 3 3 6 10 3
1 10 6 5 6 4 2 10 6 9
2 7 10 4 6 5 6 2 8 10
8 8 8 7 2 3 3 7 8 9
1 4 8 6 7 3 5 8 9 4
5 1 2 1 10 4 6 5 3 7
5 5 4 7 4 3 5 4 4 9
5 6 3 6 8 1 6 2 7 9
10 8 7 1 1 3 5 10 5 8
6 10 6 10 10 1 10 6 7 8
NoWait times: 3
2 6 7
