n 50
m 10
cap 50
Processing
20 85 85 4 32 1 97 76 65 13
95 47 45 30 46 30 58 55 64 47
2 47 43 26 31 88 39 98 55 22
62 4 75 19 21 73 95 98 27 96
96 23 51 42 85 43 49 27 77 8
64 50 33 44 31 5 62 58 81 92
30 61 99 94 33 56 76 9 10 31
48 1 41 85 54 89 85 73 5 68
6 4 66 14 52 26 94 41 31 11
95 47 81 29 92 47 95 72 5 43
46 57 100 65 23 41 20 43 61 68
75 38 96 79 23 100 40 25 19 61
48 34 91 39 65 24 2 89 79 14
54 37 16 74 44 4 37 70 93 15
28 71 54 52 33 90 62 81 45 89
29 92 87 32 88 88 17 32 34 61
70 4 36 77 27 40 62 62 24 4
92 44 99 93 87 77 78 29 91 58
58 61 92 25 41 31 98 50 60 40
100 74 27 66 78 44 31 51 35 37
35 95 41 66 67 7 69 77 1 4
94 76 78 84 19 68 58 57 77 42
87 78 74 19 43 5 48 7 75 62
9 3 83 74 100 57 17 19 83 16
50 55 7 60 81 51 91 91 51 88
14 13 11 29 34 24 38 27 76 4
93 19 64 68 36 63 95 78 69 92
69 77 34 59 86 70 82 64 30 46
19 36 68 34 87 68 91 45 44 65
51 68 51 71 86 58 81 4 70 77
81 83 11 3 81 21 6 67 46 29
14 29 77 6 79 50 71 94 70 39
85 9 52 59 78 92 14 23 38 96
58 75 66 22 45 38 44 49 56 76
22 1 64 93 77 39 96 69 67 24
69 69 40 4 18 56 56 42 43 49
49 42 18 90 35 23 83 75 100 42
48 77 25 66 88 69 30 56 31 55
83 44 58 28 38 32 59 67 70 32
29 95 47 46 18 93 77 95 55 52
87 99 51 92 91 15 20 93 85 84
17 74 87 94 90 85 21 65 48 79
67 54 43 58 75 84 9 9 8 99
15 98 30 29 75 26 25 64 94 89
61 56 9 37 9 76 31 99 5 30
35 43 60 42 20 29 38 5 90 30
60 59 31 35 95 51 30 99 90 10
1 95 7 56 27 71 7 37 4 67
95 89 98 29 28 98 81 77 1 40
14 69 5 64 5 33 84 26 19 50
Size
7 9 7 6 6 9 3 10 6 4
4 2 1 1 5 4 3 6 2 5
1 10 9 6 4 6 4 4 7 4
4 8 1 7 1 2 10 9 3 10
7 10 5 8 2 7 7 5 9 8
4 7 6 4 2 10 9 3 3 8
10 6 2 3 1 1 10 9 2 4
5 3 9 1 4 3 1 6 2 8
3 1 8 7 6 9 8 5 5 4
2 6 7 5 2 5 2 5 4 1
7 5 4 1 4 10 8 8 4 8
1 1 3 9 9 5 5 5 7 8
9 1 3 1 1 5 2 1 5 9
6 10 4 10 2 4 10 10 4 6
5 4 2 9 6 6 7 7 4 6
3 1 9 2 4 8 10 2 8 3
5 7 5 6 2 2 7 6 3 3
5 3 7 3 8 5 6 4 2 1
3 10 2 2 9 4 2 7 7 4
8 1 5 3 8 7 10 4 6 8
9 5 8 9 5 1 5 7 7 5
2 2 3 7 10 10 2 8 5 1
3 10 5 6 4 2 2 8 10 2
8 6 5 6 7 8 4 1 3 4
1 10 4 3 7 9 2 1 6 6
3 6 6 2 9 10 5 2 6 1
7 8 1 1 7 5 4 9 7 6
6 3 5 4 1 1 1 9 5 8
2 2 5 9 1 4 7 1 7 6
8 3 10 4 8 3 5 3 4 9
7 10 4 8 7 10 8 6 5 4
5 8 6 7 6 9 4 9 2 9
9 1 6 2 1 8 1 10 10 7
10 2 9 6 3 3 3 6 6 1
8 2 5 3 8 4 10 3 6 9
2 8 2 2 5 1 1 8 1 5
4 6 4 4 9 1 2 1 8 7
7 4 7 10 8 8 9 3 5 3
1 8 1 6 6 4 8 6 1 1
7 6 3 10 10 10 4 5 9 5
9 2 10 4 4 7 1 2 1 10
6 6 5 3 8 2 1 10 1 2
7 2 5 1 5 8 3 9 2 5
10 9 6 8 10 8 4 6 3 2
6 4 10 2 8 6 7 6 1 9
6 5 3 6 9 6 7 3 10 5
3 6 9 2 4 5 10 4 3 4
1 3 8 5 2 10 3 8 1 2
8 5 6 4 1 7 2 5 7 7
1 1 8 3 9 1 10 6 3 2
NoWait times: 3
1 2 5
