n 50
m 10
cap 50
Processing
86 24 63 26 72 95 46 11 92 16
74 16 28 7 71 16 75 42 52 9
74 47 74 46 71 98 41 32 17 28
42 82 85 76 61 95 92 96 23 68
62 90 25 47 32 79 22 81 71 37
68 35 92 14 21 62 15 62 65 85
9 42 58 33 17 59 66 98 32 26
20 65 80 48 92 80 41 70 43 57
53 68 35 82 40 86 33 77 74 28
13 48 17 47 34 100 68 23 51 40
81 66 50 38 43 63 48 53 53 47
92 66 48 59 53 93 69 86 77 73
19 48 5 32 61 89 1 23 51 89
100 93 99 3 60 38 51 85 96 76
94 63 25 11 80 23 3 61 58 61
13 57 2 55 96 97 50 55 80 44
100 29 11 51 47 58 2 85 71 67
84 5 97 47 35 20 30 41 95 18
15 94 67 85 72 68 36 42 4 34
3 1 16 54 62 44 89 77 1 41
16 73 26 9 36 16 85 86 21 57
71 81 1 50 22 92 63 66 64 49
46 48 1 95 75 34 28 84 53 66
68 27 20 6 27 53 66 52 34 90
56 27 41 90 80 82 5 75 60 11
87 79 96 71 15 57 4 21 19 76
27 98 63 68 97 12 38 50 99 84
18 31 30 55 77 91 53 63 12 100
77 84 87 51 14 46 47 15 1 87
13 51 17 74 83 34 24 100 71 66
79 63 20 100 1 23 77 59 7 70
60 44 17 98 34 71 55 73 61 77
45 84 26 40 59 5 63 58 64 83
8 28 81 99 68 17 60 24 99 80
9 36 44 53 100 97 84 25 59 16
37 43 26 60 18 51 54 66 57 3
74 66 94 19 68 30 100 81 79 34
5 58 93 69 57 58 23 37 87 26
96 97 66 70 28 90 89 98 70 87
74 77 90 78 47 58 93 10 76 94
55 78 22 10 63 83 16 36 30 74
5 76 63 94 70 13 18 41 61 41
38 49 69 17 43 54 47 13 10 73
97 11 25 100 76 20 67 5 1 16
59 50 38 52 14 33 88 40 20 9
45 53 85 81 25 72 58 61 67 7
13 53 54 27 42 30 83 63 31 71
14 33 16 91 37 66 56 23 63 77
17 19 11 26 58 95 77 10 92 2
62 49 30 1 27 45 27 11 95 86
Size
7 6 6 6 1 5 1 5 6 1
6 3 3 4 1 2 5 8 10 9
8 4 5 1 4 10 2 1 3 5
9 3 10 1 5 10 8 10 7 6
5 9 4 9 3 5 10 2 1 6
1 6 5 2 6 7 2 5 5 7
4 10 10 1 5 4 7 1 2 10
9 8 10 4 5 5 7 4 7 3
5 9 7 2 9 10 8 7 1 3
6 7 6 3 1 5 3 2 1 9
6 7 1 7 8 6 7 3 8 3
9 10 3 8 3 7 10 1 8 2
5 2 4 3 8 1 6 4 1 6
2 3 3 5 6 6 8 1 10 2
9 6 7 5 7 2 2 4 1 8
3 9 8 7 2 9 2 2 1 4
10 8 10 10 9 5 4 4 7 10
1 4 6 3 3 7 7 6 9 7
9 3 8 3 5 7 8 3 2 7
4 4 3 2 7 1 3 2 6 10
7 7 1 7 4 7 7 9 8 3
2 8 5 8 7 5 3 1 5 5
5 2 5 7 9 4 3 3 8 7
1 6 2 10 7 9 1 10 2 1
2 6 10 7 10 7 5 2 9 8
6 8 4 6 8 5 8 10 2 8
4 4 5 6 1 4 6 6 10 5
10 9 10 7 7 6 1 8 7 9
7 5 6 7 2 5 8 1 6 3
8 2 5 10 7 3 6 3 7 1
7 4 7 9 3 1 1 10 8 5
10 7 6 10 9 1 3 9 7 9
2 8 9 3 8 7 8 9 7 8
3 2 7 7 10 1 5 9 10 9
10 5 1 5 8 5 1 9 6 4
8 2 9 10 2 4 10 4 4 3
2 8 10 3 9 5 9 3 3 10
2 9 10 3 7 4 8 2 9 1
8 10 8 8 9 5 9 4 10 6
3 8 7 3 6 1 4 10 6 5
8 2 1 5 4 3 5 2 1 5
4 5 8 1 3 6 5 2 4 2
6 3 7 5 6 6 6 3 9 2
7 3 6 6 1 10 3 7 4 7
6 9 8 2 10 2 4 9 2 3
4 8 8 1 8 1 5 10 6 1
2 10 3 1 1 3 8 7 6 3
6 6 7 2 7 4 7 3 6 9
5 10 6 7 1 2 9 1 10 7
3 9 1 5 1 7 10 3 1 10
NoWait times: 3
0 2 4
