n 50
m 10
cap 50
Processing
6 9 73 10 65 25 28 23 16 49
71 65 78 70 86 100 7 66 2 73
79 42 63 24 57 52 70 59 41 62
74 30 12 60 84 84 99 62 100 34
66 81 32 57 44 88 76 77 47 45
87 6 66 26 81 14 35 51 15 83
17 18 98 96 99 53 1 44 22 60
78 93 94 91 76 64 38 37 8 59
41 92 50 89 99 34 55 59 30 12
28 16 24 27 64 58 87 57 52 89
89 2 49 88 56 96 20 26 76 29
77 34 80 40 52 96 15 55 31 55
20 78 41 66 67 45 41 55 56 90
38 55 81 87 25 53 60 51 41 18
50 88 99 33 18 48 55 4 71 12
79 58 31 24 30 11 11 32 79 61
63 81 46 44 1 73 70 60 32 39
67 30 39 81 30 74 13 96 1 63
32 93 65 56 76 57 20 100 40 87
44 58 30 33 56 45 99 9 2 57
65 86 46 98 9 69 8 74 7 57
39 5 11 92 99 35 56 3 34 1
90 26 49 59 69 85 43 25 51 95
86 61 18 2 89 42 32 27 64 17
10 23 91 3 72 49 69 41 85 85
70 73 93 81 68 6 91 33 68 46
26 34 89 65 78 55 61 58 64 70
81 8 46 17 95 10 93 99 99 73
34 94 63 50 2 62 91 11 3 46
48 63 66 91 22 7 13 15 87 74
50 48 43 73 34 32 36 27 96 45
29 72 14 12 37 52 96 67 53 38
92 39 2 31 62 52 12 5 75 6
20 23 67 45 12 71 48 26 94 16
90 82 97 1 85 73 44 53 43 53
27 80 58 15 38 91 45 48 63 16
40 34 98 17 19 39 26 62 32 84
16 52 4 2 27 97 16 15 21 63
17 88 49 35 44 49 32 57 79 61
13 42 61 4 42 68 18 51 100 5
36 36 72 60 50 74 35 59 38 97
83 7 64 36 47 64 44 43 34 15
39 46 76 25 11 21 48 14 21 2
7 7 11 96 90 46 38 87 25 79
5 55 4 56 59 39 10 52 73 81
63 47 6 99 58 3 97 79 23 89
71 48 74 68 80 82 93 25 74 37
39 5 59 96 65 82 58 21 54 40
45 25 89 77 24 4 99 86 42 31
35 6 16 51 85 66 51 33 66 66
Size
3 5 1 5 3 6 6 6 5 4
9 4 5 10 4 9 2 1 2 3
6 6 9 9 3 2 10 2 10 5
8 4 2 2 8 2 7 2 4 3
10 3 9 9 8 3 9 8 3 2
5 6 8 3 5 5 6 9 4 9
7 8 10 1 8 6 6 6 9 5
10 2 9 4 5 10 3 8 1 3
8 9 8 8 3 1 1 2 5 8
6 9 5 7 8 1 4 10 2 5
1 4 2 7 9 3 9 10 4 9
6 9 10 7 4 5 1 5 2 10
4 7 5 10 8 8 7 5 2 10
9 7 1 3 2 4 8 6 2 3
8 8 6 8 9 3 2 6 7 6
4 2 10 7 3 7 7 1 5 4
6 6 9 1 8 5 6 8 5 3
4 5 4 5 6 9 1 4 4 4
1 6 6 5 3 2 8 5 6 6
8 7 6 10 10 10 6 10 6 6
9 5 6 9 4 4 1 10 7 7
6 10 5 2 9 10 1 9 10 2
9 5 10 10 9 4 9 3 5 5
10 9 4 8 5 9 8 4 6 5
5 2 7 1 8 5 1 10 3 8
5 4 4 10 4 1 2 10 9 3
1 4 8 1 4 8 6 4 6 10
7 8 3 5 8 2 4 10 2 9
5 8 3 4 2 7 10 3 2 2
7 7 8 8 6 8 5 9 8 2
3 7 4 1 7 10 5 2 8 1
3 6 2 3 8 5 10 4 6 8
4 5 8 8 3 7 8 4 4 5
1 10 2 8 1 10 6 10 6 9
7 6 6 5 5 4 1 8 1 10
6 10 9 4 3 1 7 6 4 1
7 2 7 2 3 9 8 4 6 10
5 3 7 10 3 7 2 7 6 9
4 5 5 5 1 4 10 9 10 9
9 7 7 1 2 10 10 8 4 9
2 9 5 7 2 9 8 4 1 6
4 4 1 5 5 7 7 10 3 6
1 9 10 9 5 4 3 10 7 10
6 1 5 3 5 10 7 9 2 8
10 1 8 9 4 2 1 1 1 1
5 9 8 8 4 1 10 4 9 5
10 2 1 9 6 9 7 9 1 2
5 2 8 6 10 9 9 7 8 7
1 3 4 3 5 10 10 1 5 10
6 7 3 2 10 10 9 1 7 10
NoWait times: 3
4 5 6
