n 50
m 10
cap 50
Processing
48 80 28 73 52 66 85 76 1 23
30 72 17 71 37 18 7 13 94 7
71 4 2 95 6 36 88 3 51 20
7 15 1 10 36 56 83 28 12 3
26 69 22 48 58 52 98 11 38 32
27 81 49 82 91 59 6 65 50 54
23 14 3 25 30 65 53 59 70 10
55 54 16 20 14 23 39 4 45 3
23 1 68 62 16 70 63 58 6 74
64 89 2 87 48 92 53 25 66 64
72 100 39 57 46 42 8 29 56 5
2 62 34 13 57 34 13 48 53 52
62 64 100 58 14 83 31 81 34 58
6 28 3 17 11 74 62 66 72 80
19 34 43 99 77 3 22 87 37 85
12 37 47 42 83 78 11 25 80 14
10 86 28 47 2 79 92 21 31 70
10 87 97 55 89 86 84 92 72 18
16 15 86 74 8 26 54 86 22 14
14 58 16 27 14 44 85 26 63 68
84 94 45 70 68 63 62 35 46 46
42 90 26 62 12 78 77 46 59 27
41 81 66 72 91 27 25 30 87 33
68 90 15 52 23 44 42 4 52 58
89 26 27 12 46 90 85 53 28 85
32 84 79 12 79 81 20 95 68 36
91 86 1 22 81 74 26 35 48 87
8 81 36 20 67 98 5 85 58 40
83 10 27 59 57 90 63 26 23 59
81 20 12 87 75 10 71 39 27 64
93 32 100 18 75 99 5 92 29 1
59 67 93 83 59 91 6 32 47 70
97 14 43 67 28 91 45 2 73 78
66 17 50 9 1 6 39 37 10 91
15 87 19 90 45 53 10 62 54 29
70 44 30 86 92 26 84 21 8 47
47 74 43 47 13 80 36 97 91 97
79 46 72 54 8 4 6 13 10 30
65 24 48 6 97 77 17 51 50 49
46 73 65 89 76 19 24 53 39 72
22 47 38 81 48 6 79 35 91 46
33 24 100 45 14 31 70 46 33 82
20 76 1 77 83 97 30 57 51 79
15 38 53 41 73 56 29 96 71 30
25 29 55 60 64 77 20 72 42 70
31 78 36 55 74 39 11 47 92 5
50 8 53 1 4 97 65 3 77 96
35 27 50 51 26 73 24 85 31 79
20 97 51 45 9 88 99 3 11 64
71 17 72 86 61 71 77 7 73 26
Size
7 1 4 5 3 10 5 2 1 10
7 3 2 5 7 5 9 6 9 3
8 7 1 10 3 9 9 6 10 6
10 10 7 9 7 10 10 4 9 6
6 8 10 3 10 8 2 6 8 7
5 5 4 7 7 4 6 4 10 3
6 1 4 1 9 10 10 8 4 10
6 8 9 3 7 3 7 1 8 1
9 5 10 2 6 3 3 6 6 5
7 3 3 10 7 7 9 3 9 10
1 10 7 7 5 5 8 1 6 7
5 10 8 6 3 3 8 4 2 7
10 1 4 10 6 2 1 7 7 4
3 2 2 3 6 3 9 6 8 8
2 7 8 3 9 6 8 3 9 3
5 10 9 4 9 3 8 6 7 2
10 8 10 7 8 6 3 6 10 6
2 8 6 1 2 7 8 8 9 5
2 10 2 1 8 4 8 10 6 5
1 4 8 1 10 3 7 10 7 3
9 9 6 4 7 4 4 9 7 7
8 6 9 10 7 10 5 3 3 9
9 10 7 9 9 1 4 10 9 8
2 6 4 8 1 5 2 2 4 5
7 1 2 7 10 8 10 9 10 8
9 1 1 9 8 8 8 4 5 3
9 6 1 3 1 8 5 2 6 3
3 2 7 2 4 10 8 6 7 2
8 4 4 6 5 7 8 8 9 7
4 2 2 9 7 4 3 9 5 5
2 2 7 10 6 1 9 7 7 2
7 4 4 4 9 4 1 6 7 7
7 9 9 9 5 9 5 1 10 5
8 7 5 3 1 5 6 6 8 2
8 1 1 6 4 1 7 2 10 5
1 1 8 2 5 8 4 9 2 10
3 3 10 10 3 4 8 2 7 5
5 9 9 9 10 10 5 4 4 6
1 8 1 4 6 4 4 8 8 9
1 4 3 1 9 6 2 4 9 5
5 10 6 10 9 9 6 5 10 6
3 2 5 1 1 7 9 9 8 8
5 9 7 10 9 9 10 8 7 10
4 8 4 5 1 7 1 1 6 6
3 10 3 6 2 7 7 8 4 10
7 7 1 1 6 9 7 7 8 2
4 7 4 8 8 2 8 10 5 9
7 4 10 8 9 3 4 10 7 7
6 5 9 6 6 4 6 9 7 8
3 9 10 5 1 10 6 9 9 4
NoWait times: 3
2 4 8
