n 50
m 10
cap 50
Processing
59 38 7 26 62 41 33 1 95 6
100 68 42 1 83 2 56 73 5 22
48 84 5 38 68 86 24 54 52 96
42 64 36 82 13 78 63 70 66 63
9 41 86 83 8 96 9 74 54 44
100 45 78 56 59 12 62 66 40 45
81 67 69 6 30 43 50 39 14 94
68 52 26 41 50 93 62 15 52 43
88 56 44 11 34 92 97 3 11 42
92 21 94 52 21 66 29 72 56 18
59 45 90 58 12 38 19 95 55 30
79 63 46 2 97 57 97 15 92 99
2 30 35 12 35 98 72 55 26 31
63 11 100 4 44 17 18 49 23 22
34 44 10 26 10 5 46 22 2 28
38 15 79 35 64 37 48 30 12 55
98 65 74 56 3 60 43 55 94 11
36 19 32 23 82 67 74 70 29 30
37 75 80 84 46 12 12 27 3 61
66 93 63 52 25 71 84 99 24 90
49 66 96 44 55 58 66 21 59 95
45 84 98 50 54 28 79 83 94 98
69 85 59 3 34 70 81 50 88 29
79 38 48 68 25 48 46 12 47 53
67 64 22 4 98 1 5 1 46 35
30 77 78 74 41 53 61 39 46 19
95 85 65 31 87 56 5 79 94 41
44 88 55 36 37 61 73 7 44 62
17 78 18 90 85 87 84 33 14 22
14 47 69 30 42 35 26 98 53 17
22 12 33 20 59 34 51 74 61 26
3 72 13 29 68 39 24 14 2 87
38 69 58 75 22 25 56 38 72 2
52 61 25 91 43 65 54 60 36 66
21 57 59 84 47 91 23 36 97 3
43 27 26 27 78 19 84 46 60 21
49 13 2 75 71 81 26 2 36 64
22 32 77 31 42 56 58 100 14 95
4 74 63 66 71 20 9 60 52 56
90 44 14 14 45 93 95 16 53 78
86 11 19 28 94 74 19 76 89 84
13 50 46 57 67 65 36 99 48 84
3 87 66 60 48 91 67 55 73 25
1 54 61 33 8 96 12 54 67 93
13 76 89 41 86 60 76 36 34 34
34 12 4 37 22 80 35 60 44 21
54 64 90 87 90 7 83 98 3 4
62 74 21 70 94 5 94 41 9 91
9 16 92 15 91 82 33 48 98 72
85 100 6 29 78 81 29 93 63 46
Size
10 9 8 4 10 7 3 1 5 6
6 1 5 9 4 1 3 2 2 4
2 9 8 4 7 6 4 10 8 9
1 4 3 9 6 5 1 3 1 3
9 2 10 3 2 6 8 2 1 5
1 1 10 10 9 3 6 2 5 3
6 7 9 1 7 5 2 4 10 6
3 1 8 3 6 7 6 6 7 1
3 8 1 3 6 10 5 5 9 3
10 4 1 9 4 5 1 2 10 4
9 7 6 2 10 5 9 8 5 6
6 2 7 10 8 4 3 4 2 4
7 3 5 7 10 1 6 5 6 8
4 1 4 6 5 1 7 2 5 7
6 8 10 4 7 9 9 2 4 1
4 4 2 10 9 8 7 1 5 1
4 10 9 7 5 7 9 2 7 6
4 9 1 7 8 7 6 5 4 7
6 6 9 7 3 8 10 1 6 1
2 1 5 1 1 8 3 9 10 10
3 5 6 2 9 4 4 4 1 1
4 5 4 10 2 1 3 9 6 7
3 4 10 2 1 9 2 4 8 7
7 4 6 4 10 1 9 4 4 7
3 4 8 10 6 6 3 4 9 7
1 1 7 5 8 1 10 3 8 10
4 3 7 5 6 7 1 1 4 8
8 10 4 6 3 6 10 8 2 7
8 5 7 10 6 10 4 10 2 2
9 7 6 1 8 1 6 7 4 3
6 10 2 8 3 4 9 4 8 3
3 2 5 7 2 3 2 2 9 1
10 8 2 7 8 5 6 4 1 2
8 4 4 10 1 1 8 1 10 1
9 1 3 3 7 7 4 3 2 4
3 8 10 3 2 10 1 2 5 6
7 6 5 7 3 6 6 6 4 2
8 8 8 5 7 4 3 2 3 9
3 2 9 9 5 7 2 9 10 3
9 9 10 9 2 5 9 1 9 9
7 1 8 5 5 6 3 5 5 10
9 1 9 2 1 9 10 10 5 2
3 5 10 4 10 1 7 3 5 4
10 7 9 2 9 3 3 9 3 5
5 6 3 4 8 4 2 3 2 8
10 5 6 1 8 1 9 6 3 4
3 9 8 6 10 9 8 1 9 5
5 9 3 8 9 5 10 7 10 10
9 5 2 8 6 6 4 9 3 3
6 10 7 9 10 6 8 3 2 9
NoWait times: 3
5 6 7
