n 50
m 10
cap 50
Processing
24 44 21 44 38 100 9 18 24 18
75 2 3 72 12 20 48 3 13 49
52 55 89 97 67 25 52 71 28 53
60 73 77 53 40 32 58 82 62 100
51 5 29 61 58 91 73 20 20 51
6 92 97 79 16 57 22 86 57 100
14 15 13 55 43 12 9 68 2 70
50 61 14 68 19 95 58 37 74 100
22 21 41 17 35 64 6 61 25 51
48 90 100 84 85 45 95 70 13 9
69 39 80 41 94 53 78 65 62 100
97 64 29 18 79 22 89 20 92 66
24 79 25 3 80 88 1 24 13 95
31 13 25 83 86 10 10 100 94 1
86 9 56 100 87 14 1 41 86 3
52 90 13 74 57 97 45 14 54 8
62 88 51 71 83 98 5 88 42 23
40 64 54 90 6 36 75 70 13 71
92 75 72 43 19 98 36 71 40 59
22 58 22 71 53 50 10 9 9 77
35 100 4 86 62 52 61 85 17 21
92 50 10 97 33 56 60 94 4 50
71 58 8 95 95 32 30 13 90 76
36 53 99 9 69 64 35 3 27 71
62 82 50 8 28 75 4 12 75 54
5 65 59 65 43 99 66 12 11 80
52 42 46 96 86 69 52 57 20 25
42 45 91 53 79 87 40 24 70 51
87 41 2 83 82 91 40 97 90 51
64 56 75 29 85 24 51 86 1 53
64 48 82 67 3 51 64 80 52 43
45 34 51 56 8 80 41 78 10 18
64 26 84 63 54 84 26 28 17 30
62 92 23 57 43 75 77 37 39 78
37 77 1 14 16 97 46 45 1 26
6 19 79 61 85 43 91 7 6 86
79 84 75 32 74 49 78 95 72 2
73 84 53 50 59 48 35 65 67 15
77 67 16 95 34 1 40 45 79 77
81 11 64 36 44 19 10 67 61 19
48 7 87 22 12 36 77 73 31 85
11 2 87 88 60 84 76 89 67 49
82 60 65 34 95 73 17 58 51 53
82 89 38 15 65 39 91 20 88 38
60 65 97 9 62 56 86 86 41 100
13 97 97 77 20 10 17 79 76 91
18 11 98 36 89 100 93 38 77 23
75 8 84 3 38 1 72 75 19 93
68 93 95 59 87 62 84 23 7 15
83 45 7 94 99 36 85 96 12 97
Size
1 3 5 10 2 8 3 6 9 8
4 4 5 7 4 1 4 2 4 9
8 10 8 6 1 1 2 4 1 6
4 2 7 6 6 7 10 8 2 4
3 1 5 10 1 10 4 1 8 6
2 4 1 4 9 10 9 10 6 2
3 9 7 3 1 4 3 7 5 4
10 3 3 1 1 2 2 5 7 9
4 8 3 6 10 3 1 4 6 5
10 9 8 1 6 4 1 4 7 3
3 10 8 7 10 9 10 6 3 2
6 7 8 3 4 10 8 3 6 6
5 3 5 9 5 4 9 9 2 10
4 8 1 3 2 9 5 4 3 7
1 9 8 1 6 2 5 3 5 7
7 8 1 3 3 2 5 3 7 9
1 5 10 2 1 8 3 8 3 10
4 3 2 8 8 3 6 9 1 10
3 5 6 6 6 7 4 4 4 2
2 1 2 10 9 2 2 5 4 9
7 5 10 6 5 1 2 1 2 5
6 1 7 7 2 9 7 7 7 5
2 4 6 1 5 9 4 3 9 7
5 6 10 3 5 2 9 2 3 7
4 5 1 7 2 8 7 10 5 4
7 2 2 2 2 6 9 4 5 4
10 8 4 9 1 9 9 9 8 8
8 7 5 8 9 8 5 5 3 10
2 3 6 7 4 8 1 4 3 7
7 7 3 4 7 10 7 2 5 8
8 7 2 4 2 7 8 3 4 7
7 9 3 10 5 7 2 5 10 2
3 5 3 2 9 7 9 6 5 9
10 10 10 4 1 2 4 2 7 1
10 10 2 2 6 3 10 6 3 2
6 6 6 3 4 6 9 7 5 1
1 5 9 10 2 7 5 8 6 7
9 7 7 9 7 7 10 2 3 2
4 6 9 8 3 9 7 4 7 5
9 4 7 6 1 10 2 7 10 3
10 5 10 4 6 2 10 3 1 6
7 2 4 5 7 4 7 3 5 6
6 4 10 2 6 4 2 4 10 7
7 2 6 2 10 6 8 7 7 8
10 2 9 10 2 4 7 9 10 6
7 1 3 1 9 7 1 8 9 10
5 9 5 7 1 8 1 6 10 2
5 6 6 5 7 7 5 7 8 5
9 5 8 3 10 2 6 8 4 10
5 10 2 10 2 8 2 3 1 6
NoWait times: 3
4 5 6
