n 50
m 10
cap 50
Processing
16 60 1 65 98 6 39 45 87 100
57 3 26 95 44 27 20 28 43 72
75 22 42 78 66 66 1 67 93 71
16 30 19 11 8 96 11 90 29 29
27 62 87 5 77 57 55 90 40 79
69 2 6 23 60 19 33 24 43 60
55 37 63 70 12 19 9 81 7 53
43 78 96 93 70 9 87 98 66 36
48 23 56 12 30 87 37 65 24 80
78 52 85 56 90 100 1 68 97 9
30 8 1 81 80 84 82 9 64 57
22 51 44 56 79 81 67 93 76 1
18 76 66 38 2 93 4 48 28 50
14 82 20 84 83 66 91 62 92 97
18 99 64 33 4 29 11 6 36 68
100 84 37 43 45 25 56 56 79 1
35 11 59 68 85 85 27 87 65 58
95 85 34 10 8 61 23 97 94 74
49 34 26 80 49 14 86 63 83 25
47 100 99 31 61 53 34 97 21 25
24 99 42 58 95 2 63 62 32 51
21 15 18 81 82 63 17 93 10 30
49 61 61 62 85 32 33 55 89 80
75 49 97 11 46 65 75 36 72 71
78 38 34 85 37 58 47 84 35 27
89 42 49 6 86 70 63 90 59 41
79 9 5 28 3 85 74 82 36 62
90 16 97 85 91 53 39 16 36 19
43 25 43 88 57 88 73 87 14 58
30 45 68 39 44 61 90 45 81 30
51 19 10 8 28 28 4 5 72 95
41 85 58 19 56 26 1 20 69 57
10 95 33 87 27 80 44 72 5 73
31 54 84 58 77 94 10 28 49 89
77 1 18 21 71 42 78 82 77 32
23 100 64 38 52 22 30 20 14 96
31 24 83 9 86 90 74 50 90 47
1 29 64 54 22 26 62 3 80 66
52 47 11 96 28 30 27 27 70 25
68 82 72 83 100 17 11 64 44 80
82 38 93 81 14 49 92 78 30 54
59 48 55 52 76 91 33 1 11 37
31 91 97 9 9 92 96 83 93 38
26 99 4 45 68 97 61 90 43 63
92 30 8 26 85 72 43 47 76 48
42 55 74 12 21 89 24 15 6 62
39 9 9 84 11 3 38 25 86 40
57 52 90 24 26 69 56 61 27 17
10 40 66 36 85 61 62 4 86 24
99 51 53 98 63 97 51 10 90 57
Size
4 8 2 5 3 9 8 4 2 6
1 7 10 3 4 6 6 7 1 5
5 8 6 7 8 7 8 4 7 10
2 8 3 10 5 9 6 1 5 3
1 2 7 3 5 7 1 10 3 4
2 5 4 3 2 5 9 3 10 8
2 5 2 4 8 7 2 9 8 5
1 9 4 3 4 4 7 5 8 6
5 4 3 5 6 2 9 10 3 8
1 6 4 2 2 1 9 7 2 10
2 8 4 10 9 5 4 1 10 4
5 10 5 3 6 1 9 2 2 2
6 6 4 3 8 3 9 1 10 2
1 6 10 9 2 10 6 5 9 9
3 2 4 2 4 2 3 4 6 1
6 7 4 7 8 4 10 2 3 9
1 1 7 9 8 4 5 4 2 9
7 3 2 9 4 3 2 1 10 10
1 7 6 7 3 3 9 5 9 6
1 8 1 7 8 3 10 5 6 6
10 3 5 7 4 6 1 4 6 10
5 9 1 10 6 4 2 1 6 8
4 10 7 6 9 7 9 6 9 2
5 4 4 10 5 4 4 7 5 2
8 2 7 7 5 5 10 6 9 9
7 6 6 9 3 5 9 6 10 4
1 8 3 8 1 5 3 10 10 8
10 10 3 8 5 9 1 2 1 2
2 7 10 1 8 9 5 9 9 6
6 7 1 8 8 5 2 9 3 3
10 7 7 5 6 5 9 8 7 2
5 4 2 4 4 2 2 9 1 3
3 8 7 9 10 9 6 6 9 8
8 4 6 3 8 1 2 5 5 4
4 8 7 9 9 4 5 8 1 6
1 8 4 8 1 6 8 9 8 3
2 10 3 4 5 7 9 7 8 10
4 3 8 7 7 1 1 9 10 4
5 7 7 1 9 7 9 1 6 3
7 3 6 8 7 10 10 3 6 9
8 2 4 4 5 10 5 5 7 2
8 4 9 5 2 2 7 9 10 3
8 7 10 1 5 7 6 5 3 8
1 4 9 4 1 3 10 3 8 9
10 6 4 10 4 3 4 10 9 7
2 2 5 10 6 5 7 6 1 8
7 3 10 5 1 4 10 7 6 4
10 2 2 10 3 5 9 7 4 8
5 7 4 4 9 5 9 7 7 9
1 9 5 3 9 7 6 3 8 9
NoWait times: 3
4 7 8
