n 100
m 3
cap 10
Processing
51 72 41
69 26 50
78 30 94
39 25 74
64 9 3
17 86 99
67 35 14
4 54 96
94 79 89
90 26 64
40 7 1
29 41 41
36 54 79
86 30 67
26 38 25
2 14 95
53 7 84
39 4 68
76 89 98
21 43 59
90 8 10
89 89 37
77 26 76
66 52 6
32 30 62
91 18 30
14 9 1
54 98 69
84 38 40
33 77 45
64 65 40
43 5 30
72 24 90
17 2 14
6 42 12
71 1 86
5 52 79
34 47 46
7 9 58
59 22 45
77 85 42
73 42 99
11 92 40
85 37 14
90 87 29
5 85 34
68 44 40
16 8 71
3 15 53
7 51 27
75 13 13
55 39 33
77 9 67
81 11 20
48 13 21
32 28 97
17 72 46
67 7 53
40 11 16
6 33 26
72 19 85
8 80 76
2 24 88
74 39 92
6 46 98
3 10 74
25 64 3
3 59 18
11 54 71
84 19 59
63 60 77
4 10 1
17 52 33
64 53 66
75 10 29
52 52 66
84 19 4
23 90 60
39 50 90
32 25 67
88 58 68
74 10 87
60 23 13
33 35 70
47 3 7
95 14 21
15 19 70
3 23 66
95 61 87
45 89 3
88 6 22
84 40 73
55 34 30
9 91 79
56 33 77
17 94 37
37 12 6
55 18 85
98 74 5
40 55 89
Size
10 5 4
9 7 3
5 1 4
7 4 2
7 4 10
5 8 2
10 3 9
6 4 6
1 3 8
1 1 1
1 3 9
3 7 9
5 9 2
2 9 5
8 6 3
6 8 4
3 1 9
7 10 1
2 3 8
10 6 1
10 8 10
9 2 7
10 10 7
2 7 9
10 5 8
4 4 5
4 8 9
6 2 10
8 10 8
1 1 7
5 10 5
2 7 3
7 6 8
9 2 9
1 4 8
7 2 10
1 10 4
1 1 7
6 9 10
10 4 8
10 7 2
7 3 7
10 5 1
4 10 10
7 4 5
7 7 7
7 5 4
7 7 4
6 10 5
1 5 10
7 3 10
10 8 1
4 1 8
2 5 10
3 2 6
3 6 4
10 9 8
3 8 4
9 6 3
7 6 5
5 1 5
1 10 5
8 9 8
9 1 6
9 5 6
10 3 10
9 7 9
9 4 1
4 10 10
7 6 4
3 6 6
3 2 4
2 5 7
3 8 2
10 8 4
5 8 1
2 5 5
1 1 9
10 4 9
5 10 1
7 7 8
3 4 9
8 7 9
6 6 9
2 2 9
7 2 8
2 6 1
9 8 10
7 4 6
2 5 8
2 5 8
4 2 6
2 8 6
1 2 7
8 9 8
2 10 7
9 4 3
4 9 4
1 10 10
3 8 2
NoWait times: 1
0
