n 100
m 3
cap 10
Processing
96 26 74
68 95 54
85 54 93
32 68 25
93 34 25
64 60 98
96 37 22
100 78 57
98 35 83
18 42 11
86 81 61
4 87 14
71 57 38
82 21 58
75 12 61
100 79 75
11 99 49
51 22 87
11 94 73
16 96 88
31 49 37
15 76 28
33 17 5
77 61 82
90 43 1
85 34 47
6 11 93
59 44 97
13 55 46
92 70 12
32 96 83
1 75 37
11 14 74
69 96 12
100 37 7
57 98 77
9 4 85
58 49 47
78 99 94
85 52 57
5 23 90
28 21 85
55 41 96
40 4 6
76 98 12
59 55 27
73 93 23
83 61 57
58 30 86
62 1 89
73 31 96
57 23 17
72 66 1
47 55 60
53 89 93
74 2 89
79 78 58
23 51 61
43 82 41
64 89 15
94 40 86
79 56 38
27 44 89
65 6 45
48 31 31
57 57 100
97 97 73
35 63 100
27 62 76
59 81 98
65 33 85
51 85 41
45 76 48
46 6 91
49 55 26
14 3 3
15 70 74
100 38 64
84 9 38
62 58 26
24 46 85
66 45 70
56 83 66
40 33 80
6 100 4
35 15 55
8 69 73
82 94 39
17 67 77
15 10 76
23 32 5
52 35 93
85 34 83
29 57 82
17 43 47
91 89 65
87 56 94
12 91 12
4 15 24
78 73 11
Size
6 1 4
9 6 7
2 10 7
10 6 5
3 8 1
4 6 4
9 10 5
7 5 9
8 3 2
3 1 8
1 10 7
3 9 7
3 6 3
2 6 10
8 3 7
7 6 2
3 8 10
2 4 8
9 2 1
8 8 7
8 1 3
5 4 2
7 9 8
8 10 2
7 2 10
4 6 9
6 3 6
6 3 8
3 10 7
9 2 9
10 8 7
7 9 1
8 10 7
1 9 6
6 2 10
7 10 2
7 4 9
2 6 10
3 3 7
6 8 3
3 1 4
7 5 4
1 4 4
2 6 6
5 8 7
7 10 5
1 2 8
9 8 6
4 9 5
4 9 9
7 9 4
8 4 5
5 9 7
1 6 9
1 3 7
10 8 1
6 1 1
6 4 4
3 2 2
3 3 1
6 8 2
2 7 10
8 1 3
3 3 10
7 5 8
5 7 5
10 4 5
3 1 6
6 4 10
9 10 2
1 1 10
8 7 5
2 5 4
8 8 3
8 6 9
5 7 10
2 6 7
5 10 4
6 4 9
2 9 7
10 10 4
6 3 3
7 7 8
9 10 5
8 7 9
10 3 8
1 8 6
8 8 4
2 6 8
10 9 6
4 8 10
6 1 10
10 6 5
3 1 4
9 4 9
5 4 5
5 5 3
5 10 6
7 4 8
2 6 9
NoWait times: 1
0
