n 100
m 3
cap 10
Processing
30 71 46
72 92 51
70 16 49
37 96 26
40 43 85
19 65 9
88 38 21
97 77 81
77 98 56
84 36 24
34 35 60
90 49 98
75 97 92
85 36 52
70 95 47
2 28 19
45 71 42
57 81 55
60 63 36
69 66 99
35 49 52
85 92 17
65 36 64
65 32 18
64 65 93
90 9 49
85 17 73
86 84 32
17 36 70
14 82 79
99 89 15
1 88 20
45 71 80
56 20 94
38 91 6
85 61 44
32 12 83
1 77 38
100 48 49
24 86 95
52 81 77
57 88 75
45 98 44
28 59 65
94 96 38
7 64 57
87 4 73
75 8 74
51 38 55
33 40 20
30 26 43
17 59 35
15 17 1
74 30 31
71 96 65
64 34 3
57 23 73
2 90 8
7 21 88
65 26 42
22 77 62
80 71 9
18 81 49
40 61 61
67 17 67
57 52 44
52 60 3
58 38 23
28 99 63
100 42 47
65 50 62
82 96 53
21 34 88
75 2 28
45 19 28
81 60 2
9 61 54
31 61 85
26 39 40
82 30 85
73 95 38
9 10 56
91 70 16
69 61 82
84 60 94
64 68 73
19 65 82
82 36 30
84 29 2
3 27 35
11 63 37
16 57 77
91 39 38
36 78 57
67 71 88
35 21 34
54 52 73
86 77 50
3 88 72
28 26 68
Size
4 5 2
8 4 10
1 3 1
10 2 1
1 7 7
8 10 9
3 10 6
10 10 5
10 10 4
5 6 6
7 2 10
5 4 7
6 9 8
5 1 2
1 1 7
7 1 9
9 10 3
4 8 4
4 4 6
6 6 4
9 9 6
6 7 6
8 1 3
6 10 10
8 6 4
10 1 5
3 6 6
9 7 2
7 3 2
1 8 9
5 4 4
10 5 9
8 6 8
5 4 7
7 2 5
4 8 6
2 7 1
7 7 7
6 6 8
9 4 2
9 1 7
9 8 1
7 7 2
10 1 4
3 4 4
8 9 9
7 7 6
4 7 9
1 9 9
9 1 2
8 9 2
10 4 3
7 2 5
2 2 5
3 4 3
4 1 8
10 5 10
4 5 3
1 4 9
6 6 6
4 3 2
2 5 8
4 7 5
9 2 8
9 8 10
5 8 5
10 1 7
1 1 6
1 8 4
6 1 2
7 3 6
3 5 7
2 7 3
6 2 1
1 7 5
8 3 7
1 2 3
8 10 2
5 2 10
8 2 1
4 4 9
10 7 2
4 2 4
3 3 1
3 8 7
3 2 5
3 4 3
10 3 7
1 4 2
2 1 2
6 7 2
8 6 7
7 2 10
8 7 3
4 5 3
10 5 5
7 1 6
2 5 2
5 5 4
7 4 3
NoWait times: 1
1
