n 100
m 3
cap 10
Processing
68 31 35
5 57 70
56 89 20
59 12 17
95 61 50
20 68 49
74 47 70
75 61 79
92 88 65
36 84 80
56 90 7
27 35 7
70 87 78
30 42 11
81 36 65
31 14 19
30 11 33
12 37 69
35 1 33
87 83 93
27 67 24
64 93 78
30 26 5
86 78 80
81 2 77
18 33 39
72 27 25
85 25 53
62 22 42
94 78 1
83 43 39
33 39 24
18 80 23
39 74 98
27 71 65
100 92 3
4 89 82
42 88 7
25 50 35
31 20 26
91 70 65
45 80 82
15 38 70
28 100 98
40 41 16
100 36 10
99 23 3
88 61 65
86 40 34
37 54 81
30 11 16
56 7 63
84 86 10
23 87 80
21 55 3
12 46 76
44 70 69
95 74 68
56 66 76
58 44 24
79 100 39
96 93 69
81 65 73
26 38 79
79 3 76
27 9 57
96 31 18
31 47 49
2 99 43
33 46 52
14 89 85
71 19 81
50 48 26
41 3 91
31 56 25
30 55 94
7 23 95
27 27 78
38 21 99
11 49 43
99 5 51
44 99 39
11 32 82
12 100 45
62 80 80
39 12 43
61 83 43
89 91 14
46 26 30
63 87 97
17 41 67
28 73 72
96 73 73
27 69 44
88 18 75
2 49 97
91 75 58
35 42 38
11 36 92
33 61 50
Size
7 7 5
1 6 7
4 8 7
9 3 1
8 7 3
8 10 6
2 10 5
2 5 7
10 9 4
10 6 4
7 7 1
3 1 8
1 5 5
9 1 6
2 8 10
1 6 2
9 5 3
7 9 10
8 7 9
9 3 3
1 4 5
3 1 1
7 4 7
2 7 10
7 8 1
10 5 4
7 1 1
1 9 4
7 3 1
1 9 4
4 9 4
8 1 9
6 4 9
4 1 6
8 7 5
10 9 4
1 8 2
6 10 3
1 5 10
4 7 5
6 6 7
1 1 3
5 1 3
10 5 10
5 10 2
2 7 6
4 6 5
10 7 5
7 8 8
7 2 2
3 10 2
10 1 4
10 4 5
10 5 10
9 6 4
2 5 5
5 7 9
7 1 6
4 10 9
9 3 2
3 7 4
8 3 9
1 4 6
5 9 7
4 6 9
7 6 3
9 9 1
8 8 9
10 5 6
2 3 7
9 7 8
4 8 4
2 10 8
4 9 8
5 9 9
3 5 2
7 2 3
4 5 1
7 8 7
2 3 10
5 10 9
3 9 10
6 5 5
3 9 3
10 7 7
5 3 4
1 2 9
2 3 3
1 1 10
1 5 9
8 8 5
4 5 2
9 4 6
8 4 4
4 6 8
1 10 7
4 5 4
7 6 7
1 1 4
8 5 1
NoWait times: 1
0
