n 100
m 3
cap 10
Processing
47 82 84
61 22 58
17 89 70
37 36 56
92 88 48
13 49 52
26 37 93
48 72 60
97 79 59
59 10 3
31 70 4
8 29 56
17 74 76
47 44 49
44 98 79
73 60 74
2 53 74
17 14 100
22 68 61
11 61 24
71 71 54
37 83 57
50 66 51
11 18 45
45 64 80
85 5 54
55 97 20
61 8 57
79 50 47
13 55 82
45 100 44
14 55 44
27 4 53
58 28 27
17 20 82
89 13 82
62 65 68
94 48 67
83 64 55
1 89 13
65 17 30
97 69 73
89 31 31
63 40 4
26 88 87
31 35 8
41 89 84
35 24 67
83 35 87
93 48 60
47 42 76
83 34 52
29 3 59
61 18 37
90 23 55
100 80 71
27 79 68
85 32 89
80 92 66
26 72 52
84 15 55
55 21 39
88 88 28
74 90 54
23 47 37
80 77 3
55 90 10
64 23 33
74 10 33
2 10 88
43 45 2
57 99 20
99 49 17
62 53 17
46 44 90
63 10 83
12 10 61
92 75 25
43 38 66
37 81 56
87 42 66
78 49 79
61 65 48
14 52 27
18 47 54
58 57 98
6 53 2
85 100 57
19 40 5
19 20 30
14 30 69
18 63 67
72 57 25
61 88 93
64 30 59
86 97 31
78 23 70
69 57 96
29 3 47
73 65 28
Size
5 3 1
3 8 10
2 9 8
8 4 7
7 3 8
1 9 5
8 8 4
3 1 10
7 3 3
2 10 1
7 2 10
2 1 2
3 2 7
3 2 1
3 7 7
2 7 6
1 9 3
8 8 5
1 2 3
2 2 1
2 3 7
4 5 3
10 1 7
10 10 3
4 4 10
6 10 6
7 8 1
6 3 6
8 6 3
8 9 7
10 1 5
5 10 10
9 9 3
4 4 2
5 2 6
9 8 9
8 2 7
3 6 10
2 6 10
7 9 6
5 9 8
7 9 2
4 8 1
6 1 5
1 7 4
4 7 5
6 7 9
3 3 8
3 4 6
5 9 9
4 5 9
4 7 1
4 6 4
9 2 1
6 9 5
5 6 6
2 8 6
8 8 10
8 2 1
3 4 3
9 9 4
10 5 9
3 5 1
9 8 8
8 8 7
9 1 10
7 4 3
4 1 7
5 8 3
5 9 7
6 9 9
3 1 8
2 2 10
1 3 9
2 5 1
9 1 10
6 2 5
7 8 1
9 4 8
10 1 10
4 2 5
4 2 9
4 6 2
5 4 4
10 6 7
1 4 6
8 6 9
4 1 6
2 6 5
3 9 5
7 7 6
3 10 9
10 10 2
8 6 7
5 3 3
10 1 7
5 8 10
5 3 10
6 1 3
7 3 3
NoWait times: 1
0
