n 100
m 3
cap 10
Processing
99 24 99
28 77 9
57 12 68
40 24 25
68 38 73
34 55 62
6 81 14
9 77 48
72 71 26
100 57 36
70 76 18
5 66 82
73 48 92
36 2 64
87 19 17
67 90 32
28 27 43
66 88 52
36 55 81
68 29 87
47 98 28
85 24 65
70 36 41
98 63 81
8 83 43
55 92 97
94 94 50
52 20 100
6 94 29
59 16 77
4 64 54
13 75 19
83 81 67
94 63 100
1 13 45
61 70 74
80 47 52
51 87 53
2 50 54
3 80 11
43 13 55
84 41 48
75 39 95
24 82 31
48 55 88
64 49 41
19 55 2
32 5 91
96 57 36
93 34 38
68 16 94
46 60 92
74 47 88
64 34 71
33 74 4
30 5 30
93 29 16
53 6 86
61 32 54
56 61 66
79 9 78
21 5 49
7 79 100
60 73 29
10 6 98
60 10 59
33 32 80
57 76 11
12 88 78
28 39 12
96 100 32
94 48 45
51 9 20
34 89 46
88 92 27
42 100 14
92 91 93
60 44 36
15 38 74
38 97 66
75 57 70
30 62 67
11 10 17
67 10 78
88 59 19
10 94 90
47 100 28
70 72 29
29 54 51
7 15 44
4 36 15
18 50 17
30 50 66
19 87 94
69 64 10
86 85 69
85 31 34
39 94 41
96 11 13
45 10 51
Size
8 10 2
2 8 1
2 10 5
9 4 8
7 2 9
9 4 7
3 9 5
1 1 5
2 9 5
6 10 4
2 9 1
9 6 1
1 8 5
1 1 2
5 7 5
5 8 3
8 9 8
6 4 6
3 1 9
2 3 4
9 4 4
6 1 5
2 5 6
8 7 2
3 2 9
10 10 9
2 1 7
7 9 6
4 10 1
10 4 8
9 9 5
9 6 8
8 6 1
8 6 7
7 9 3
3 7 4
1 5 7
6 7 7
4 8 4
6 6 10
8 3 2
1 9 9
9 10 6
10 1 3
7 2 5
2 4 4
8 7 8
5 4 3
8 8 10
1 8 8
7 1 4
1 7 5
5 6 5
4 9 1
1 7 6
3 2 2
1 4 2
10 8 10
3 9 1
2 5 3
7 9 8
6 1 1
4 10 6
10 3 2
6 5 9
8 9 10
9 10 6
4 3 9
1 7 1
3 8 5
10 9 8
3 1 10
8 8 1
8 10 5
10 7 2
9 9 6
8 4 3
7 1 10
3 8 10
4 6 9
3 5 1
3 5 8
7 7 3
6 4 10
8 1 8
10 4 3
7 5 3
8 9 7
1 1 5
9 5 5
3 8 4
1 3 8
8 9 9
4 10 1
2 9 7
7 8 6
8 5 3
4 5 6
8 6 4
3 7 10
NoWait times: 1
1
