n 100
m 3
cap 10
Processing
67 99 41
60 41 64
64 55 65
51 77 94
9 55 70
37 93 13
72 61 21
22 44 49
90 56 24
58 57 95
93 61 5
8 49 78
13 22 82
27 53 73
75 10 43
44 6 58
90 5 39
21 20 90
18 41 87
46 42 4
21 31 97
25 61 62
26 74 80
63 74 4
2 57 38
91 77 84
50 57 63
20 22 31
88 58 86
70 90 87
13 83 17
36 100 65
1 47 25
33 23 93
58 28 89
90 27 52
41 82 87
74 73 47
33 1 19
82 57 13
58 99 30
10 76 68
67 79 4
100 39 68
88 13 78
22 28 1
73 72 47
20 77 39
94 54 17
81 98 51
46 61 97
88 85 87
81 74 4
46 28 55
89 60 31
5 97 57
97 100 76
19 32 64
88 39 2
88 17 17
11 3 44
68 42 29
40 38 51
36 18 87
51 27 57
27 26 97
92 90 40
34 12 74
66 29 94
94 18 87
47 27 10
53 70 57
54 27 20
11 66 51
26 100 50
44 80 28
37 90 34
17 86 26
97 51 39
40 80 24
16 69 4
91 48 29
15 18 72
70 41 65
28 66 1
70 28 51
36 59 9
31 34 14
92 91 74
72 40 4
72 54 32
6 30 75
30 48 41
94 79 48
8 31 82
16 92 16
70 23 91
76 93 18
45 31 70
93 99 51
Size
2 6 4
4 9 4
3 5 7
6 8 3
2 3 4
2 3 3
8 4 7
6 10 2
5 9 9
2 5 4
6 5 2
3 5 5
5 4 2
8 1 6
4 4 10
9 4 8
9 6 7
4 2 5
8 1 5
2 8 9
3 6 5
6 10 6
10 6 8
3 6 8
10 6 6
9 2 8
1 7 6
5 10 3
7 7 8
7 5 3
5 10 3
10 3 5
4 7 6
3 10 10
7 6 9
9 4 3
3 6 5
5 5 4
5 6 7
9 7 6
5 2 2
8 9 7
10 5 8
4 6 5
9 8 10
8 4 8
4 8 10
3 8 1
2 6 10
1 3 3
9 2 7
3 10 1
2 9 1
7 4 1
7 9 8
7 6 9
5 3 4
7 10 10
3 9 6
4 2 3
1 10 10
1 6 9
7 3 3
3 3 10
1 10 6
1 1 4
8 8 4
6 9 5
2 1 5
7 6 5
10 8 2
3 2 2
10 8 1
2 7 1
3 9 8
5 9 1
3 7 4
1 7 6
2 8 9
2 6 7
6 8 6
10 7 6
9 1 7
2 8 3
3 8 8
3 4 2
4 10 9
5 8 4
4 1 7
4 10 2
9 10 8
4 1 1
5 10 4
6 4 1
7 4 3
2 1 8
8 6 10
2 4 5
7 4 10
2 9 1
NoWait times: 1
1
