n 100
m 3
cap 10
Processing
84 92 6
95 35 20
39 73 89
69 59 29
84 19 55
41 51 65
47 71 7
3 33 92
22 64 89
97 39 34
92 74 61
40 28 40
83 77 95
86 92 22
86 8 50
77 11 18
93 10 49
27 15 41
94 56 25
5 41 44
9 35 21
25 81 30
70 80 68
2 7 57
45 25 59
84 99 44
32 98 63
29 63 96
18 82 70
12 74 35
63 7 20
92 76 35
67 97 45
9 33 75
33 81 100
81 58 82
25 87 22
40 60 52
42 5 43
17 44 41
46 20 76
81 63 56
27 14 10
80 51 51
50 65 33
41 74 66
76 3 57
12 69 93
23 88 67
97 5 57
83 82 30
65 4 54
66 88 44
27 56 21
8 26 98
19 85 2
4 61 76
32 67 48
66 70 30
9 69 25
71 28 79
29 76 41
68 63 83
63 17 38
59 10 76
70 40 97
5 93 28
13 38 87
11 58 49
50 53 76
25 87 56
68 33 26
32 71 79
29 13 9
75 96 61
41 84 20
1 88 99
65 88 42
33 84 2
74 82 17
29 76 35
69 36 84
81 77 79
59 31 54
48 13 51
19 56 18
62 39 59
3 28 56
98 37 1
89 25 74
29 31 36
93 9 27
18 49 17
61 12 55
31 45 80
81 34 93
52 71 14
99 75 78
51 10 38
26 57 11
Size
6 4 6
9 8 9
6 9 5
6 2 9
2 3 2
6 10 1
4 8 5
9 9 8
1 9 4
5 8 2
4 6 10
8 3 10
8 6 6
9 9 9
7 7 8
7 7 7
10 1 6
4 9 8
7 3 4
2 4 6
4 7 8
4 3 7
2 4 1
9 3 7
6 10 2
2 10 1
4 2 1
2 9 8
6 9 1
9 9 7
3 9 1
5 10 2
4 3 8
2 5 3
1 1 3
3 6 8
6 2 5
9 7 6
2 4 9
4 6 4
8 8 9
3 4 8
2 2 1
3 6 9
5 7 4
1 9 7
7 7 9
2 10 7
8 2 4
10 10 9
5 9 9
6 8 3
3 10 5
1 4 1
7 2 6
4 2 6
5 6 7
7 5 3
1 10 6
10 2 10
2 2 7
5 2 9
9 8 3
1 5 2
3 2 9
10 6 5
3 5 3
5 7 3
8 6 1
5 5 10
9 5 9
2 6 5
9 6 4
5 5 10
1 10 8
5 10 2
8 9 2
5 9 8
3 9 6
7 9 7
3 8 10
4 7 5
1 4 3
3 6 2
1 10 10
3 6 3
5 1 1
2 4 9
3 6 3
1 1 4
9 8 8
6 5 2
6 4 3
6 10 8
7 6 3
4 5 6
3 7 5
9 9 2
7 10 5
5 6 2
NoWait times: 1
0
