n 100
m 3
cap 10
Processing
34 73 57
59 11 18
19 6 25
50 74 4
30 96 62
96 55 60
52 17 85
73 77 10
77 73 69
91 75 90
80 85 81
85 87 93
43 13 20
68 6 51
35 72 93
17 42 88
36 97 25
74 7 74
70 48 50
97 37 7
90 36 81
66 20 14
57 14 24
15 77 92
95 73 33
13 88 92
37 74 92
77 5 53
55 84 50
9 99 21
11 78 6
79 15 91
35 97 40
35 42 69
69 64 18
7 70 49
15 67 62
42 8 44
50 93 73
63 50 42
92 97 38
96 77 100
49 68 78
90 86 78
92 40 99
57 24 88
53 10 62
94 42 82
77 97 22
63 73 86
61 93 90
49 1 78
8 5 36
100 20 9
26 27 38
22 46 64
17 67 79
28 33 4
78 12 17
8 15 79
53 48 2
3 57 72
94 78 5
90 53 26
73 23 67
64 41 32
89 39 3
2 99 26
54 37 74
99 51 80
50 37 26
40 8 25
58 49 28
58 17 70
77 91 93
53 7 32
6 93 51
14 23 44
4 76 78
60 52 16
84 48 51
61 86 69
3 35 2
100 98 20
50 70 56
38 55 97
83 100 52
37 9 23
98 11 24
93 90 23
75 27 72
24 69 56
44 73 25
81 18 84
88 97 79
43 64 9
24 95 41
19 99 21
63 48 35
90 20 89
Size
5 6 5
3 3 7
1 3 3
7 2 4
3 4 7
4 7 6
8 2 10
2 3 8
3 10 4
2 9 2
10 6 5
2 7 5
7 5 9
5 8 5
9 6 1
8 1 6
2 1 2
9 8 8
8 2 9
3 5 5
4 8 6
10 6 6
7 3 8
10 6 6
7 3 10
5 5 7
1 5 5
10 8 5
3 10 10
9 8 7
5 1 9
8 4 5
3 8 8
2 1 6
5 2 7
4 1 7
6 4 5
2 10 4
4 4 6
3 2 6
6 7 9
2 10 4
1 9 3
1 5 5
2 2 6
7 7 4
1 7 2
10 2 3
6 3 1
9 9 5
6 1 8
2 9 10
4 3 2
5 4 1
6 9 3
5 6 6
6 6 2
2 7 2
4 5 8
9 4 9
6 9 4
4 2 10
10 3 7
6 9 2
5 10 7
6 4 2
10 9 4
5 6 1
2 8 1
1 8 10
10 2 8
9 1 3
8 5 3
3 7 8
5 7 9
3 10 1
6 8 6
7 8 9
10 10 3
7 2 9
2 1 10
8 3 6
1 4 10
9 5 5
3 5 5
6 2 9
8 4 10
4 6 1
1 10 6
9 9 1
4 10 10
1 8 1
10 6 8
9 8 5
5 3 4
6 10 2
8 4 8
3 10 9
7 3 6
2 5 10
NoWait times: 1
0
