n 100
m 3
cap 10
Processing
96 45 94
59 33 12
81 2 85
49 34 79
47 13 72
34 24 26
58 72 28
2 42 53
25 42 15
74 45 79
28 66 10
64 75 21
57 20 90
71 79 40
57 8 62
25 6 88
22 49 47
84 39 61
43 18 16
26 82 92
87 11 68
4 35 85
39 84 68
37 99 31
57 36 22
33 98 100
42 71 95
6 12 72
44 21 79
65 45 39
90 73 25
50 14 37
8 18 53
68 16 59
87 77 3
9 52 42
23 31 38
67 80 41
26 4 65
2 96 41
25 46 30
74 98 97
100 53 26
68 27 9
6 49 23
26 27 59
95 14 4
86 11 2
35 5 37
71 71 51
86 60 80
8 39 41
19 69 56
93 53 45
51 33 83
29 95 57
40 81 18
7 59 70
81 92 70
12 39 6
33 56 33
60 93 62
52 99 31
82 38 88
68 16 78
79 78 9
82 31 98
97 14 58
18 76 82
40 12 24
11 9 27
24 99 94
79 81 35
27 87 66
22 22 55
38 46 96
71 57 78
50 62 64
50 60 52
35 86 27
16 55 42
93 59 28
34 84 19
92 43 19
59 97 35
65 53 98
67 23 10
11 47 4
38 57 77
82 6 92
32 27 33
58 78 40
13 64 26
16 88 74
79 66 19
94 2 82
91 82 3
63 50 24
93 87 78
42 28 66
Size
10 1 2
7 2 9
1 1 10
4 9 3
2 10 9
7 2 1
4 5 5
5 4 10
9 3 5
6 10 8
10 3 8
9 1 2
8 2 10
2 7 6
10 7 9
1 9 1
7 4 7
9 9 4
9 6 10
10 6 8
7 10 10
9 10 4
10 10 10
7 1 5
3 7 3
9 10 2
4 8 8
10 5 1
4 3 2
1 7 8
3 9 6
2 9 2
3 1 10
3 6 7
6 3 7
6 2 1
10 2 2
8 10 6
6 8 3
9 4 4
6 7 2
10 4 6
8 10 4
3 10 6
2 9 9
9 3 4
5 5 9
3 1 6
1 7 8
5 5 6
4 2 9
9 7 1
9 2 2
7 10 4
7 2 10
10 2 9
4 5 5
6 7 6
4 8 5
9 1 9
10 3 1
5 2 7
9 5 8
6 8 9
10 8 4
10 10 1
7 8 2
3 10 1
2 4 9
3 5 7
1 9 1
8 1 3
6 2 2
3 2 3
6 2 6
8 8 5
5 9 7
9 6 3
9 4 4
6 5 7
4 6 8
5 5 1
3 1 3
7 3 2
6 2 1
7 3 1
7 4 8
10 8 8
2 8 6
9 7 2
7 4 6
7 5 7
10 10 9
2 4 6
8 8 6
5 2 5
5 2 9
3 7 4
9 2 4
6 9 3
NoWait times: 1
0
