n 100
m 3
cap 20
Processing
9 85 88
63 45 32
79 11 18
56 17 10
28 34 95
13 38 95
50 91 37
81 81 56
44 71 94
38 90 7
35 88 88
82 44 61
27 48 87
84 54 26
37 84 92
69 43 95
90 100 46
47 57 76
43 15 30
41 48 76
62 12 78
94 30 6
80 27 1
50 40 96
44 67 69
97 1 99
90 18 23
23 74 23
82 89 58
16 96 26
100 21 65
67 100 39
55 47 39
31 28 28
84 2 58
78 25 98
8 75 65
32 16 22
6 45 83
19 78 68
51 99 55
63 1 36
53 45 12
86 12 84
51 99 75
36 43 2
33 14 87
79 82 72
2 34 97
75 88 28
5 30 59
69 49 71
23 55 35
3 48 44
25 74 63
60 92 36
95 95 90
22 4 73
77 60 1
81 33 67
83 92 51
90 25 49
86 97 31
79 87 90
99 49 78
31 79 53
54 73 55
53 10 91
29 88 91
37 33 98
79 71 35
58 9 77
37 5 40
28 80 88
34 47 20
60 61 80
66 27 9
85 89 48
85 24 84
95 9 48
50 14 16
37 73 60
27 29 90
91 75 82
14 13 28
34 60 77
68 7 15
47 93 36
13 89 89
11 34 72
96 80 44
84 49 63
19 7 13
75 85 31
99 44 54
79 71 86
93 16 17
76 50 59
68 46 14
44 99 36
Size
7 2 10
6 3 10
2 5 2
3 1 6
2 2 8
8 10 4
1 10 2
9 3 2
5 9 3
8 8 7
8 6 5
8 10 1
4 5 1
4 5 4
2 5 5
1 5 1
7 3 8
10 8 6
6 8 2
4 6 3
7 7 1
1 5 1
1 5 7
6 4 8
9 6 6
6 10 2
6 5 6
2 8 7
9 4 6
9 5 7
8 7 4
6 7 2
1 3 5
5 4 2
4 2 8
10 4 10
2 6 8
5 1 5
2 9 6
4 3 10
10 5 1
4 5 3
10 8 3
6 10 10
1 7 9
5 9 4
3 10 4
4 9 8
4 10 2
3 6 7
10 1 7
2 9 4
5 7 3
7 10 1
10 6 5
3 4 6
6 3 2
4 1 8
7 10 10
10 8 1
1 10 9
2 2 5
2 6 9
6 4 3
5 10 1
3 6 2
1 5 7
8 7 5
5 10 6
10 2 10
6 7 6
4 2 10
7 3 5
3 5 6
5 4 2
5 1 4
7 8 7
10 4 4
3 7 5
9 4 1
5 2 1
2 9 9
1 1 9
2 6 2
6 5 4
2 5 2
3 4 8
3 6 9
5 3 6
1 4 3
1 8 7
6 9 9
3 7 10
8 6 4
7 8 9
4 2 8
7 7 5
6 2 9
6 4 4
10 5 8
NoWait times: 1
0
