n 100
m 3
cap 20
Processing
90 13 82
90 72 5
45 86 67
2 19 62
14 59 41
18 74 23
31 66 91
9 33 19
85 35 11
5 18 40
23 13 53
67 6 72
37 48 93
84 38 25
14 48 8
22 78 38
2 7 100
68 86 17
64 47 69
30 75 22
92 70 83
98 99 64
2 74 19
12 65 89
59 18 44
49 70 90
24 55 20
50 92 79
11 61 19
96 22 27
91 44 55
11 23 93
78 28 49
42 69 61
4 85 88
43 48 30
67 1 64
72 6 72
72 24 19
93 81 5
95 21 98
85 50 19
39 25 78
2 79 5
43 17 100
60 78 25
18 60 49
92 55 56
5 48 48
44 95 18
37 77 85
46 56 19
75 24 14
54 35 3
88 42 99
60 25 75
91 95 33
3 5 91
3 32 24
53 1 40
97 3 99
66 16 98
79 27 92
93 34 92
81 70 98
6 29 25
42 25 64
4 88 32
17 67 15
55 22 69
51 34 3
6 12 62
64 54 13
16 8 16
10 28 30
55 45 70
50 88 100
85 69 85
32 51 35
29 64 34
84 50 37
49 84 61
94 61 34
99 55 32
90 70 48
63 76 21
67 75 17
55 60 31
17 70 17
36 95 50
58 44 21
49 27 19
71 88 64
100 31 33
93 48 47
11 100 36
7 83 23
56 41 22
17 68 19
75 13 20
Size
6 6 8
4 1 7
5 10 2
5 7 5
5 8 1
5 1 7
5 3 3
7 6 5
10 8 9
10 5 6
7 3 10
8 2 7
5 5 1
10 6 6
3 5 7
5 1 7
5 3 1
8 5 9
9 6 5
1 10 8
7 6 1
7 7 6
1 4 5
2 2 3
9 8 2
8 4 6
1 1 8
2 6 1
10 1 5
6 1 7
2 9 6
4 6 3
9 8 5
1 2 9
8 6 4
8 8 5
6 1 2
4 6 6
8 2 7
2 5 7
7 6 7
5 5 6
8 10 8
6 5 4
1 6 9
4 1 3
5 4 2
3 8 4
4 6 9
9 1 10
2 8 10
3 7 10
7 6 2
1 3 10
4 8 4
4 2 3
8 6 10
9 7 3
9 6 5
7 5 4
7 10 2
5 3 8
3 8 1
2 3 1
9 6 4
10 3 10
7 2 5
3 6 1
2 3 6
4 9 9
7 7 9
5 8 8
7 4 9
10 1 7
4 5 7
7 6 1
2 9 5
3 5 4
1 9 1
6 2 4
8 6 5
7 5 1
7 3 8
3 6 10
3 9 5
7 1 9
4 2 7
8 8 2
9 2 8
10 8 9
5 9 10
6 7 4
6 6 8
5 6 5
1 9 3
5 3 1
2 9 7
3 7 5
3 5 10
1 9 3
NoWait times: 1
0
