n 100
m 3
cap 20
Processing
55 3 78
97 82 88
26 66 31
26 12 7
41 21 95
20 68 83
10 98 47
49 53 74
66 17 79
91 6 56
56 74 14
42 76 53
72 72 66
38 63 13
42 41 38
47 4 54
70 60 86
13 97 42
49 27 39
97 83 70
35 13 52
71 28 48
53 7 63
91 41 3
65 90 85
39 6 79
4 72 97
14 46 55
46 20 70
87 8 21
81 80 31
47 35 34
82 36 60
35 87 53
82 39 31
24 99 58
90 79 35
88 71 13
75 82 76
52 76 28
40 23 21
8 91 19
72 63 23
6 45 98
96 14 5
65 74 82
65 9 41
79 95 5
84 32 25
98 59 23
73 84 52
23 63 21
55 70 16
6 40 51
93 56 85
47 32 91
57 66 42
29 16 59
51 25 29
62 14 50
59 92 26
93 58 100
97 2 11
65 47 26
72 86 8
68 16 51
54 30 72
10 96 21
16 14 72
37 57 63
93 98 33
19 46 50
3 18 12
66 53 15
71 16 14
91 3 19
59 66 57
84 6 26
35 82 93
11 15 16
82 91 90
26 58 66
37 29 32
49 73 89
19 46 21
57 29 57
91 100 99
81 70 77
30 53 64
32 86 42
82 42 71
20 83 73
35 22 38
50 24 91
77 54 70
65 23 36
12 38 57
12 90 74
2 28 78
48 40 15
Size
4 2 6
5 7 5
5 10 10
10 3 1
9 5 10
9 10 5
4 7 3
6 10 6
5 4 9
7 10 9
5 10 5
7 10 1
1 3 1
7 9 7
4 7 8
4 8 5
7 10 1
8 3 4
1 2 6
5 8 10
10 5 3
9 1 1
5 9 2
2 3 7
2 10 9
7 4 8
6 1 9
10 5 4
5 6 6
5 6 2
8 1 6
9 5 7
2 2 5
7 5 4
6 5 6
9 3 2
7 3 9
2 7 6
9 7 8
4 7 7
2 4 1
2 4 9
3 2 7
7 4 9
9 8 2
10 9 1
10 5 7
2 5 10
9 3 1
8 9 6
3 6 8
1 2 5
3 8 8
3 2 4
4 2 7
2 10 10
8 6 10
1 3 2
3 3 9
7 7 8
5 10 8
7 4 3
2 7 7
9 3 2
8 7 1
9 3 9
10 10 1
1 9 8
7 6 10
10 5 7
4 7 6
7 2 2
2 5 9
6 4 2
4 6 8
7 10 10
4 7 3
8 4 10
2 3 8
6 8 6
3 2 7
4 5 4
4 6 5
7 4 2
10 6 9
2 7 1
4 10 9
1 8 10
8 10 6
1 9 4
4 2 5
7 4 5
9 8 4
8 3 4
6 5 3
9 9 7
3 1 2
10 1 10
9 8 4
5 7 2
NoWait times: 1
1
