n 100
m 3
cap 20
Processing
40 84 72
83 36 90
31 24 52
17 63 49
84 94 96
52 41 8
91 19 97
71 78 14
49 41 24
47 99 65
27 50 21
97 15 42
65 33 91
43 27 61
87 100 33
21 80 19
51 40 10
92 62 30
67 61 65
82 27 47
45 88 60
68 99 88
11 81 34
21 88 65
30 14 95
66 24 2
31 23 40
87 62 58
48 58 33
36 20 4
49 7 29
96 14 2
39 21 19
37 53 4
39 9 39
84 32 93
33 50 40
66 16 71
21 79 42
59 54 5
9 81 14
100 50 24
49 41 77
34 65 84
98 2 64
53 92 27
61 82 4
10 94 87
71 28 42
52 97 49
8 43 12
3 41 54
89 68 71
30 48 37
26 98 48
31 66 30
76 50 83
48 2 7
38 18 56
48 62 42
38 33 82
56 21 99
98 1 91
26 93 57
89 89 27
5 87 83
5 22 59
4 86 73
98 62 76
21 26 25
21 80 92
20 42 13
49 74 14
18 92 9
32 13 51
56 41 24
37 53 66
19 13 15
64 40 14
1 28 88
13 11 7
74 62 72
87 35 9
13 97 27
95 83 33
37 64 35
34 68 60
51 29 73
72 10 7
89 93 21
70 58 36
15 23 80
39 37 2
58 76 14
41 96 35
63 34 99
2 18 48
12 36 100
13 34 11
59 46 24
Size
8 4 4
5 8 6
5 5 6
9 7 9
1 7 6
2 2 1
4 4 7
10 2 7
6 5 6
6 9 2
8 1 1
6 3 5
9 1 10
10 8 10
6 4 10
3 10 6
10 2 4
4 10 9
5 6 10
3 6 5
10 6 9
10 9 9
9 5 7
6 1 5
7 2 5
1 2 2
6 3 8
9 6 4
9 4 6
10 7 7
7 4 6
6 7 5
10 5 5
3 4 10
10 9 9
7 7 1
2 4 6
6 9 6
6 1 8
6 5 2
1 1 6
7 5 4
1 6 5
6 8 4
5 6 2
4 4 2
7 5 10
8 5 5
6 2 4
2 3 7
4 2 9
10 9 5
4 9 2
5 10 10
4 3 8
10 10 5
8 8 5
1 7 9
4 7 7
6 6 9
6 3 8
9 3 4
8 3 4
2 2 7
6 4 7
9 2 6
10 2 1
2 1 5
3 7 4
5 5 6
6 7 5
4 10 2
9 1 6
2 9 4
2 2 7
7 6 9
8 2 7
3 8 6
8 6 3
5 6 9
4 1 3
1 2 7
8 9 6
7 5 2
6 8 8
7 9 8
7 9 9
5 3 5
6 5 6
1 1 9
6 10 3
6 7 9
2 9 1
7 4 8
9 5 9
1 7 6
2 4 10
10 9 2
6 3 7
9 7 2
NoWait times: 1
0
