n 100
m 3
cap 20
Processing
29 26 83
64 37 33
10 99 25
49 8 50
87 31 51
100 77 26
9 1 66
35 24 57
42 38 8
45 40 57
52 50 73
47 94 1
61 10 47
5 73 62
100 94 28
81 64 2
98 39 94
30 69 80
16 18 56
75 38 85
9 85 16
90 5 84
63 5 19
45 93 51
50 50 62
100 96 69
75 17 60
43 55 68
32 2 52
13 62 50
75 88 43
66 54 73
50 93 2
80 67 20
26 28 52
12 24 60
25 57 84
34 98 60
83 96 86
27 83 1
54 26 78
17 58 18
49 39 54
63 73 61
57 89 87
15 82 98
65 49 11
97 63 92
42 49 53
27 92 51
51 83 35
65 69 31
35 91 64
81 55 43
59 58 25
55 17 95
7 84 24
48 55 13
97 53 24
14 65 28
60 85 93
56 11 70
74 61 12
51 49 38
39 38 48
83 52 40
4 84 78
90 6 88
68 27 50
45 72 70
45 76 67
30 38 74
81 80 69
53 56 61
58 52 25
78 66 91
9 42 81
28 65 22
14 83 26
51 38 9
54 34 62
15 90 12
42 46 76
11 20 17
92 23 56
9 100 47
23 17 100
3 8 83
90 45 21
93 35 84
85 83 34
52 2 45
39 58 89
38 98 79
30 43 86
57 22 83
29 66 59
54 41 91
33 3 82
74 74 16
Size
1 8 4
7 3 4
1 4 8
10 1 5
10 3 10
1 3 8
9 7 10
10 10 5
6 8 3
1 1 9
8 6 9
5 4 9
2 3 1
1 2 1
5 5 7
2 8 1
7 9 1
1 9 3
1 1 5
1 6 6
10 9 9
2 10 7
9 9 9
5 9 1
3 5 6
7 7 5
9 7 7
2 10 9
10 4 4
4 5 3
6 5 7
10 7 10
7 8 1
4 10 9
4 2 10
3 7 10
7 5 9
7 8 9
3 5 9
1 2 7
9 6 2
6 9 9
5 5 8
6 6 4
9 6 5
9 8 10
3 3 2
9 3 1
2 8 2
7 10 7
7 8 3
5 1 7
9 5 10
3 4 5
5 2 3
6 2 7
3 10 8
3 9 2
7 10 8
4 4 3
7 1 6
6 7 10
1 3 8
5 5 4
6 6 3
5 6 6
2 3 10
4 10 1
4 5 10
7 9 6
4 2 1
5 2 3
7 3 8
3 4 5
4 7 3
10 2 9
6 8 9
1 1 2
1 9 8
1 6 9
8 3 3
7 4 4
4 1 4
8 1 2
7 4 6
5 8 8
3 3 10
7 3 10
2 2 5
2 6 8
3 5 10
10 5 1
9 7 10
7 7 2
2 4 1
6 6 10
2 3 10
7 10 6
8 3 7
10 9 7
NoWait times: 1
0
