n 100
m 3
cap 20
Processing
84 77 1
90 83 7
63 73 32
78 98 45
57 1 85
83 63 18
68 64 45
88 27 3
75 58 21
27 17 47
77 75 14
98 51 94
45 51 47
58 70 2
66 9 29
62 47 18
89 72 75
57 19 17
77 66 44
48 68 29
9 38 5
39 21 5
74 96 81
6 76 9
73 11 45
81 65 25
76 34 76
64 70 80
94 44 62
22 68 48
23 32 94
71 57 10
69 58 65
31 27 50
8 25 90
22 45 72
96 93 91
28 22 69
42 95 35
93 7 45
58 4 73
45 36 21
5 24 57
21 39 88
90 84 3
70 97 87
41 14 40
90 29 87
74 64 14
48 14 68
52 39 43
70 23 91
86 85 98
3 54 16
32 97 69
17 5 26
94 54 79
6 10 34
93 47 12
75 91 81
43 41 67
30 45 98
88 1 70
15 55 74
26 89 70
78 23 72
90 12 97
55 42 52
40 30 90
92 71 90
8 39 55
43 71 44
46 66 54
7 55 69
9 29 46
15 24 52
42 92 7
15 12 85
12 94 96
33 54 57
48 72 58
61 69 55
81 39 47
19 97 10
23 65 43
96 16 9
3 98 20
11 29 47
5 72 91
78 23 95
74 51 71
47 41 90
98 35 75
15 30 88
81 48 90
17 78 87
95 65 32
81 55 23
39 95 12
77 83 54
Size
1 7 6
3 9 10
1 3 5
7 9 1
8 9 8
1 6 4
4 4 8
5 9 8
3 5 5
2 2 1
7 4 3
8 9 6
10 2 3
7 1 10
1 4 6
5 5 7
10 5 6
8 1 10
3 5 2
3 6 7
4 5 3
10 10 7
7 9 5
2 10 10
5 8 1
8 1 6
3 9 8
5 7 1
2 7 4
5 4 2
10 5 9
2 5 6
9 3 8
2 1 9
1 7 8
2 1 4
6 3 10
4 7 10
3 3 4
5 3 8
7 3 1
6 8 4
7 5 4
2 9 9
7 4 6
5 7 10
2 5 9
9 10 8
1 3 3
9 9 5
9 7 8
8 8 10
4 10 3
9 9 9
2 1 6
1 6 5
8 4 3
2 10 5
7 5 10
1 6 10
7 6 5
10 10 8
6 2 3
9 4 9
4 6 5
8 5 10
2 3 3
5 5 4
5 3 8
3 3 2
7 5 2
1 9 3
1 9 3
10 8 5
9 5 5
6 4 5
2 10 10
9 2 9
6 1 8
6 10 8
7 10 6
10 10 1
1 1 2
8 5 3
9 9 6
4 1 6
9 10 2
10 9 9
3 1 7
3 6 3
2 7 8
2 1 7
1 8 7
9 3 8
10 10 4
1 5 5
5 3 10
6 6 4
3 8 3
3 5 9
NoWait times: 1
1
