n 100
m 3
cap 20
Processing
65 100 13
30 8 26
93 19 23
28 69 30
64 99 41
11 91 92
78 75 78
2 87 75
56 88 42
32 31 10
58 66 98
92 51 32
64 86 67
90 96 81
32 58 18
42 18 16
12 61 100
81 81 71
74 82 59
87 59 99
83 39 53
44 52 37
95 13 94
18 86 3
42 29 54
16 7 52
42 90 57
65 68 19
14 67 53
91 74 31
44 50 55
67 25 47
15 48 48
6 57 54
62 91 89
61 93 43
16 92 11
5 6 25
26 23 86
72 61 76
24 84 99
37 81 58
47 58 93
11 16 20
83 54 97
27 10 72
58 79 94
57 70 89
35 50 62
14 21 88
85 81 19
20 97 44
18 92 52
32 80 79
97 86 88
48 79 38
46 22 32
11 92 95
36 71 51
98 3 43
50 2 39
68 49 21
1 98 48
63 93 36
21 43 100
16 56 72
95 42 67
36 19 77
17 77 49
92 36 19
64 8 69
51 74 97
85 37 69
31 68 21
23 60 66
41 91 89
3 85 40
25 2 30
7 10 93
47 75 30
64 17 73
30 15 93
83 27 39
57 65 97
87 17 20
100 73 13
63 29 86
4 14 31
13 83 78
56 18 97
33 80 56
74 45 60
75 61 20
74 28 50
74 40 46
74 37 73
19 74 43
82 34 72
25 7 44
51 14 55
Size
10 10 10
8 3 5
10 5 4
3 8 8
3 7 4
9 3 9
5 8 9
1 4 1
8 9 8
9 3 1
1 6 3
3 6 4
10 7 2
4 5 2
6 4 9
2 7 10
10 3 6
1 10 1
9 9 4
7 3 3
4 6 2
9 4 9
1 6 1
5 2 4
4 1 7
10 1 5
9 7 6
9 8 8
8 3 2
1 1 3
2 8 7
4 7 2
9 2 8
10 9 6
6 8 5
1 4 10
4 7 3
9 2 4
3 2 2
2 1 9
4 7 1
1 1 7
2 1 4
9 5 5
1 6 1
10 7 10
10 7 10
2 3 5
1 7 10
6 7 9
1 1 7
5 4 6
10 3 6
5 7 3
1 6 8
7 7 9
3 7 9
3 4 2
3 3 5
10 5 6
2 6 3
8 3 4
6 8 10
10 2 6
3 4 7
5 10 9
3 10 3
5 1 3
5 4 1
8 3 7
5 3 7
2 3 4
10 4 4
10 9 3
10 9 4
3 2 5
1 6 5
8 8 8
8 2 8
8 1 10
9 7 9
10 3 10
2 4 10
1 5 2
3 4 7
1 1 2
2 2 10
5 5 3
9 5 10
7 5 6
7 4 6
2 2 3
3 9 8
10 3 2
2 2 5
3 10 7
4 10 10
8 4 5
4 7 9
2 9 2
NoWait times: 1
1
