n 100
m 3
cap 20
Processing
2 36 43
90 35 5
11 71 25
75 22 92
48 79 43
59 45 1
49 76 95
94 97 78
20 74 37
45 41 27
18 69 75
36 6 11
48 86 15
98 47 7
6 52 98
60 52 23
85 21 44
29 40 12
12 59 27
51 96 30
53 16 72
48 1 53
71 88 46
30 40 66
88 24 67
7 45 71
39 98 25
6 16 76
15 46 81
18 8 36
41 88 35
88 8 47
53 61 64
48 58 80
43 10 64
65 14 4
4 84 13
21 19 23
4 37 29
14 47 31
95 6 100
27 92 93
92 35 33
56 43 92
16 74 42
41 80 62
61 58 80
92 65 82
98 18 9
36 99 87
30 11 96
49 96 79
84 7 49
69 73 40
36 77 67
73 10 32
46 98 68
97 83 94
63 39 51
36 93 22
5 76 75
18 64 18
16 25 97
90 44 28
72 44 96
73 37 94
92 42 23
24 11 12
27 82 66
16 98 61
64 31 4
10 59 67
69 17 83
57 2 53
18 97 81
66 56 43
39 92 77
18 61 30
50 65 13
92 6 4
85 76 11
43 55 85
96 13 6
53 27 19
12 12 87
92 99 77
58 24 26
52 80 44
36 92 12
30 41 8
79 32 47
79 37 76
84 32 1
33 15 14
34 93 99
11 21 97
40 87 25
85 27 59
99 59 89
38 60 100
Size
3 5 1
3 2 6
2 6 5
4 7 5
1 8 2
5 10 9
3 2 2
6 1 3
3 1 6
5 4 8
10 5 5
1 6 3
10 1 4
8 4 1
5 3 4
3 7 7
9 2 2
3 6 5
1 9 2
1 5 1
10 8 6
7 7 8
2 2 5
7 10 2
10 5 4
6 5 6
6 2 6
9 5 7
10 6 4
6 2 6
8 6 10
7 5 9
2 2 9
8 4 8
7 3 5
10 3 10
2 1 2
4 1 3
9 4 6
2 2 3
5 8 5
8 6 10
8 9 8
9 4 1
2 10 8
1 8 5
9 8 8
1 2 6
10 10 5
7 7 9
3 10 8
4 6 8
6 4 9
8 2 6
1 8 9
2 2 2
5 3 7
10 9 8
6 4 2
9 8 8
3 1 9
8 7 8
6 1 10
2 5 3
10 4 6
7 8 5
7 6 8
6 2 7
3 1 7
5 10 2
1 8 3
1 4 3
8 2 5
1 7 5
2 2 8
5 10 8
5 6 5
6 1 9
7 1 6
6 1 9
9 3 4
6 2 10
1 5 5
10 7 5
8 2 2
8 8 1
10 9 10
1 1 10
5 8 4
2 4 6
2 1 7
2 9 8
7 10 6
2 1 1
4 10 8
4 5 1
2 9 5
4 5 3
6 5 6
1 6 5
NoWait times: 1
1
