n 100
m 3
cap 20
Processing
78 2 4
81 65 4
99 20 50
58 55 29
76 80 77
17 33 79
85 91 38
88 69 99
88 38 11
58 16 62
92 24 96
29 96 49
18 22 74
10 34 86
21 7 79
88 7 54
45 14 24
10 93 61
47 56 68
86 90 89
84 63 32
70 50 90
4 49 62
76 78 23
53 54 63
83 45 87
1 58 48
45 16 6
31 48 12
72 71 3
2 26 73
18 19 51
90 29 39
94 70 93
25 73 78
71 59 35
68 59 40
50 10 32
91 82 77
23 32 22
6 6 42
98 83 3
87 35 78
58 67 19
25 45 32
15 90 2
29 21 56
98 67 39
55 82 12
33 66 2
5 57 69
65 27 72
41 71 81
20 26 15
66 87 50
100 44 46
67 47 47
11 66 9
93 12 58
62 66 38
57 61 50
64 90 45
32 28 91
52 59 44
7 56 34
55 81 31
29 92 83
67 67 88
43 31 99
26 48 97
69 43 81
54 58 80
7 78 87
6 59 94
59 43 28
24 7 46
99 24 96
54 50 59
18 40 92
38 100 86
3 80 85
89 99 16
13 58 80
75 11 55
77 49 97
64 26 93
31 19 80
95 62 41
61 97 91
23 18 61
24 2 75
18 32 4
94 36 13
99 25 81
82 62 41
3 57 82
51 60 8
45 35 63
96 4 31
28 51 93
Size
2 4 3
1 4 4
10 8 2
6 3 6
9 1 9
9 1 8
5 3 10
6 6 2
3 8 2
5 10 1
3 5 5
5 7 6
8 6 2
7 10 6
9 4 1
4 8 3
8 2 2
10 2 10
3 2 6
3 4 4
10 10 9
6 4 5
1 2 6
1 8 1
3 8 9
2 8 9
10 10 10
2 10 9
8 7 6
7 3 7
7 8 1
4 9 3
10 4 9
7 4 7
6 9 9
7 3 1
8 1 4
10 6 8
5 8 3
3 4 4
2 4 9
10 4 7
10 6 4
6 7 4
8 2 9
5 5 7
5 6 3
2 5 2
7 3 7
9 3 1
6 6 2
5 9 4
6 2 5
10 9 1
10 5 5
4 5 7
6 3 5
6 8 10
4 2 1
8 4 2
3 7 2
5 2 4
6 10 4
3 9 10
8 3 9
9 7 5
4 2 7
9 1 10
1 5 6
8 6 2
1 1 1
2 6 9
7 5 2
8 5 4
10 2 9
3 7 5
10 5 4
7 8 9
8 7 4
10 10 6
7 8 3
8 3 7
10 8 5
10 4 10
7 7 4
7 6 3
10 2 8
3 4 6
2 3 4
3 4 10
2 1 5
4 6 9
4 6 3
7 10 8
6 10 8
8 8 4
8 3 3
6 9 2
8 7 1
8 3 2
NoWait times: 1
0
