n 100
m 3
cap 20
Processing
46 14 52
90 73 10
21 83 72
6 82 8
53 14 51
57 64 33
28 66 21
70 55 27
48 86 1
41 14 7
10 12 57
81 61 85
58 18 66
89 71 5
98 43 91
69 17 40
13 19 27
35 17 65
25 92 73
65 52 6
38 21 33
48 69 58
91 86 54
72 82 82
76 38 67
35 3 85
77 26 34
79 90 83
91 81 63
10 34 95
8 35 73
83 18 92
21 100 90
14 77 14
79 8 20
100 76 73
99 42 100
60 86 58
85 91 82
21 38 54
74 98 94
17 93 4
62 84 16
76 14 66
29 75 23
55 33 4
84 93 29
62 38 98
28 33 27
47 10 48
22 71 65
87 71 98
5 54 18
44 24 92
22 34 57
13 82 78
15 96 42
6 8 71
45 8 34
100 6 41
22 15 51
57 100 79
11 88 60
98 71 26
96 3 7
80 62 73
69 84 9
63 33 69
36 69 87
1 60 44
49 76 85
54 51 69
100 64 98
40 91 61
11 100 32
77 47 89
6 80 30
18 54 25
21 30 60
92 90 7
22 64 30
98 19 72
58 64 16
40 15 29
15 84 2
88 50 44
98 90 64
16 36 88
22 90 25
8 18 43
46 97 49
94 56 26
56 35 47
91 42 10
21 51 58
93 8 21
53 83 78
23 10 5
2 59 32
51 43 70
Size
3 6 1
7 6 8
2 6 4
10 7 3
1 1 7
3 10 4
10 9 9
2 2 8
5 2 9
4 3 5
10 5 3
10 1 2
5 4 3
3 5 1
10 10 7
6 5 3
4 5 7
4 8 3
10 2 6
7 2 1
1 4 5
5 7 1
8 9 6
10 6 7
6 10 3
7 3 3
2 10 5
1 1 9
5 1 8
2 2 7
3 2 10
3 2 6
9 9 10
9 6 7
9 7 3
4 8 2
6 6 3
2 5 6
2 1 2
8 7 6
9 4 5
3 10 8
1 1 4
1 10 9
4 4 9
4 9 9
4 1 3
3 4 9
6 4 6
10 3 1
1 9 10
6 5 1
9 6 3
10 3 5
9 5 4
3 3 6
10 4 8
3 8 6
8 3 9
7 3 3
3 9 4
3 7 5
6 10 4
3 7 9
1 6 5
9 1 9
4 4 10
8 3 9
1 8 6
8 1 5
8 1 9
5 1 10
10 3 8
7 6 5
10 4 4
2 5 6
6 9 5
3 6 8
2 8 6
1 10 1
6 3 8
1 2 6
2 3 7
8 1 5
8 5 1
7 4 3
4 4 3
2 1 5
7 1 10
3 9 3
1 5 5
5 6 5
7 6 2
8 9 5
1 9 5
3 3 4
7 8 8
2 8 7
9 5 2
4 1 2
NoWait times: 1
0
