n 100
m 3
cap 30
Processing
76 5 67
28 79 44
28 67 97
93 89 15
86 84 43
94 45 16
7 98 17
81 70 5
94 35 10
46 15 1
23 71 10
2 43 80
38 33 49
6 8 47
90 64 21
62 61 2
83 75 9
69 97 15
58 7 26
73 73 87
96 98 41
38 29 47
52 6 88
92 66 29
86 79 20
47 55 25
60 3 52
5 15 86
5 4 13
11 52 20
91 5 84
38 79 59
83 41 26
97 41 90
19 41 44
64 92 23
33 94 42
49 82 83
89 74 85
40 17 48
6 96 71
92 85 25
63 57 24
60 92 75
2 97 94
88 90 88
74 9 86
60 87 98
14 10 22
61 19 30
45 44 86
27 91 20
100 64 71
58 3 50
47 66 67
75 90 58
26 24 82
48 15 98
7 91 95
77 12 100
100 56 53
25 83 99
72 9 72
38 25 36
94 65 82
48 63 49
86 58 100
66 25 80
2 37 71
69 66 92
17 87 84
39 18 5
39 81 87
73 46 11
15 85 30
75 15 16
16 88 16
82 47 81
43 44 38
60 74 92
9 67 22
23 91 85
14 35 62
2 74 1
73 10 50
63 11 30
19 92 28
14 3 77
93 29 27
83 44 58
14 77 10
83 22 9
17 98 88
43 79 4
26 5 23
76 77 61
62 32 51
38 8 62
57 97 12
54 6 75
Size
1 10 4
1 4 10
6 2 2
1 2 2
3 9 7
4 2 8
1 2 4
3 6 3
10 6 8
2 5 5
7 8 1
2 10 7
10 2 1
2 1 5
3 4 7
5 10 6
7 5 10
8 3 6
3 8 8
5 6 5
5 3 3
6 7 1
6 7 1
10 8 4
3 6 5
10 1 3
2 10 8
5 4 7
8 9 6
8 2 8
8 6 10
8 10 10
7 8 10
3 4 2
5 6 3
8 6 8
2 7 1
2 1 1
10 7 7
6 8 5
7 10 1
2 1 1
5 3 4
8 4 9
1 10 7
2 9 10
8 10 2
6 6 4
9 8 8
10 9 1
9 5 10
5 5 1
7 6 4
10 7 7
4 4 7
8 3 1
5 9 7
1 7 3
4 10 8
8 4 3
2 8 9
9 7 9
2 1 10
8 4 6
8 8 3
5 5 9
1 3 2
6 4 4
10 4 5
7 7 10
9 2 6
7 5 7
1 9 5
9 8 4
3 5 8
2 6 10
4 6 4
8 1 9
8 9 4
10 4 7
6 10 5
3 9 5
9 10 4
5 7 1
6 5 2
1 8 6
3 7 4
8 1 8
4 10 9
5 2 1
7 1 9
10 3 3
9 7 4
1 6 5
3 10 5
9 3 1
8 2 3
7 6 1
6 7 8
5 1 4
NoWait times: 1
1
