n 100
m 3
cap 30
Processing
8 9 73
2 56 10
12 53 55
95 70 74
37 47 28
58 74 49
19 14 100
76 77 44
66 21 92
69 55 44
80 82 10
3 92 20
29 19 55
25 53 81
80 34 36
99 100 8
74 15 57
57 64 42
66 82 88
16 6 80
15 73 48
99 30 92
63 39 31
11 84 45
93 35 84
26 80 26
45 50 49
13 38 69
60 49 56
92 36 78
98 84 4
60 34 63
50 98 77
9 85 10
36 91 76
57 17 73
36 20 45
50 16 87
68 78 86
94 78 23
28 69 92
92 54 85
42 78 38
46 71 52
66 61 98
6 35 19
22 23 70
82 67 80
67 12 64
97 76 46
36 49 94
38 89 20
6 59 28
48 26 62
81 88 27
90 53 37
12 96 30
53 14 89
64 65 36
16 15 63
16 94 71
57 11 61
78 80 57
37 80 91
14 99 89
69 80 92
26 83 82
59 54 51
90 36 58
91 85 22
72 35 15
96 100 10
41 99 45
40 62 33
88 28 65
12 8 76
71 19 30
16 2 73
61 80 81
74 72 83
82 79 80
33 97 45
78 64 13
79 65 47
61 21 46
9 80 80
64 74 13
13 14 39
2 80 83
81 50 48
12 78 28
89 32 62
78 20 8
31 34 47
67 71 4
43 60 65
55 39 2
39 84 43
73 17 19
62 50 15
Size
6 6 1
6 9 8
5 10 5
1 9 10
4 7 9
10 5 7
1 6 7
5 2 2
10 7 6
10 7 1
5 2 6
8 3 2
1 1 7
7 4 4
3 5 7
10 1 4
10 10 6
8 2 4
7 10 8
10 6 1
10 5 2
2 5 8
10 10 9
10 10 5
9 1 2
9 10 1
4 9 2
4 9 2
8 1 5
7 5 1
2 4 6
10 4 5
7 1 9
2 5 10
3 6 9
4 8 4
5 2 8
10 1 3
8 1 3
8 7 2
3 3 1
9 7 10
5 4 6
9 10 1
3 4 9
8 5 3
1 5 2
2 6 5
7 6 5
10 4 3
5 1 4
7 9 1
9 7 6
7 5 4
3 2 3
3 6 2
3 3 2
6 7 9
5 4 10
3 6 8
6 5 4
1 9 4
9 9 2
5 10 9
4 6 9
5 6 8
9 4 3
8 8 7
4 4 5
7 1 2
5 10 2
10 4 10
4 1 6
10 5 2
1 8 10
1 5 8
3 3 1
1 10 3
9 4 9
1 9 6
6 1 5
4 4 9
9 5 9
10 6 3
5 3 9
4 6 7
3 1 7
9 4 6
3 6 8
10 2 3
2 2 10
4 2 2
2 4 3
6 3 6
5 6 8
10 6 4
8 1 9
3 6 9
4 5 10
2 7 3
NoWait times: 1
0
