n 100
m 3
cap 30
Processing
70 44 66
96 76 96
74 95 58
2 91 76
69 38 31
26 1 35
33 41 57
51 3 79
93 2 1
86 77 50
6 1 80
56 52 50
27 100 17
80 79 98
52 36 43
42 70 61
2 41 6
31 62 87
75 63 98
35 89 100
73 57 98
17 3 16
1 33 25
68 90 8
87 1 55
30 9 27
83 61 94
21 97 62
5 63 42
47 90 6
27 99 73
18 94 66
98 90 29
37 49 62
18 68 67
24 66 59
23 29 42
4 66 48
73 43 10
25 52 3
55 41 58
92 43 68
62 21 95
23 47 69
52 79 45
24 84 8
3 83 9
93 68 24
92 100 90
7 76 34
91 42 7
82 30 59
51 23 15
16 15 6
55 72 5
3 28 9
79 62 18
48 48 21
59 5 36
89 35 98
44 49 41
2 21 42
45 30 35
50 65 81
26 13 79
54 11 23
92 19 15
8 25 20
79 12 87
65 85 21
81 63 11
82 29 2
79 26 12
89 15 89
67 35 73
95 22 59
50 72 23
2 67 29
81 42 20
16 94 41
37 35 43
84 95 64
8 22 64
43 61 92
81 68 3
48 48 93
52 99 83
90 67 28
46 58 71
28 34 79
73 28 80
16 37 89
68 48 63
44 32 12
5 45 91
77 7 63
96 3 10
37 73 55
71 9 56
64 50 10
Size
3 2 9
7 8 4
3 7 1
2 4 1
6 4 3
10 5 9
1 7 3
7 4 1
6 2 5
3 5 5
5 4 6
7 3 1
3 6 1
10 5 6
2 6 5
7 1 5
9 8 6
5 3 2
5 7 2
6 10 5
10 10 3
7 6 5
2 9 4
10 5 6
1 4 4
7 2 9
5 4 10
9 9 10
1 2 1
5 4 6
4 3 10
2 2 7
4 7 1
7 3 9
2 7 6
7 6 8
1 7 1
8 2 7
6 4 5
9 6 5
7 1 6
7 7 1
3 10 5
1 7 2
7 5 2
7 8 9
9 7 7
9 8 4
7 3 7
6 5 1
5 7 7
6 4 10
10 3 8
8 7 3
10 4 3
6 10 2
8 6 2
6 10 4
5 3 4
9 8 1
4 6 9
10 1 9
10 7 3
2 1 5
4 10 9
2 10 8
1 7 5
7 10 9
5 8 5
6 3 5
1 2 8
10 10 2
5 5 6
1 8 8
1 2 4
10 5 7
10 5 8
8 3 9
8 4 2
9 10 7
10 7 10
8 10 10
9 10 3
4 6 1
9 4 6
6 3 10
7 8 5
6 7 7
4 6 10
8 3 2
4 7 9
9 2 6
3 8 4
4 1 9
4 1 9
7 1 9
10 4 8
5 8 7
10 1 7
4 3 6
NoWait times: 1
1
