n 100
m 3
cap 30
Processing
33 95 69
4 96 31
22 39 100
98 82 32
3 66 41
66 34 67
75 3 3
41 30 89
95 34 96
38 6 20
4 72 10
36 20 98
9 77 57
22 27 89
49 76 77
54 37 46
56 96 71
19 12 68
85 85 85
2 97 86
46 71 93
12 99 71
7 16 22
76 6 35
26 87 19
75 77 40
31 56 66
82 28 47
33 90 63
38 36 57
52 13 28
65 20 17
7 42 99
2 97 56
24 86 35
89 2 39
8 15 2
59 13 75
60 70 45
92 6 98
34 85 96
53 53 51
60 25 56
41 35 7
4 63 57
12 63 52
60 62 19
96 17 6
85 27 30
7 74 27
44 65 89
29 100 75
65 96 72
23 90 36
70 28 71
36 9 48
47 87 77
51 23 100
40 91 13
36 30 81
60 87 71
67 95 59
97 6 74
89 33 90
22 40 91
79 27 59
21 12 3
22 47 98
86 34 29
4 87 40
64 96 70
59 53 75
20 100 53
52 37 36
62 10 28
85 50 61
21 77 25
52 5 39
9 84 41
73 29 97
36 46 74
7 62 65
51 91 86
4 18 55
78 71 14
3 45 82
53 92 1
69 17 1
26 10 34
86 60 57
42 18 35
44 68 19
79 96 27
78 48 52
11 88 15
98 76 99
85 83 9
92 65 4
63 32 90
31 42 39
Size
10 3 3
3 10 7
10 6 8
5 4 8
4 4 2
1 10 2
2 7 6
9 10 7
7 6 5
8 3 9
1 4 1
1 1 5
6 9 10
7 7 2
9 7 6
9 8 7
10 3 2
7 4 1
8 7 9
7 8 3
3 8 4
3 8 1
1 5 1
2 7 10
8 8 10
10 1 5
5 4 3
8 5 2
7 6 10
8 5 4
10 5 1
10 10 3
6 1 6
8 2 4
8 1 6
5 6 8
6 8 9
7 6 9
2 10 3
10 10 1
7 3 10
9 3 5
9 2 5
6 3 10
7 7 9
1 9 6
1 5 9
8 5 4
2 6 4
3 4 10
10 8 10
5 6 6
6 2 8
3 5 9
2 5 5
7 9 1
4 6 5
7 10 9
3 2 5
5 9 10
9 1 8
6 4 6
2 7 10
10 9 8
6 10 10
9 8 8
3 1 5
3 4 6
2 7 6
9 1 7
7 10 8
5 5 2
1 3 4
9 6 9
4 4 1
7 5 5
3 7 3
1 8 4
10 9 6
8 9 4
1 5 8
8 10 10
8 3 2
10 1 7
8 4 1
3 5 6
6 8 3
8 1 7
4 9 10
8 5 5
3 3 3
9 9 6
2 7 7
8 1 7
3 6 6
6 4 10
8 5 8
1 8 8
6 1 8
3 2 8
NoWait times: 1
1
