n 100
m 3
cap 30
Processing
71 82 10
67 65 23
12 88 76
57 83 97
93 61 76
76 48 10
52 78 81
3 99 26
29 79 57
75 48 9
92 94 68
1 17 66
33 45 82
26 76 76
23 89 33
66 45 76
27 90 29
56 65 67
52 66 57
37 41 99
98 88 41
51 4 96
16 22 59
52 3 56
67 72 89
9 22 67
53 12 18
95 24 93
69 44 70
4 3 73
73 33 88
92 28 84
40 56 67
55 39 28
14 73 21
41 55 64
69 86 95
60 25 75
44 17 32
52 83 72
72 88 11
15 49 9
63 10 48
21 67 100
11 8 50
97 54 17
75 22 26
65 68 58
80 60 82
93 4 4
52 81 82
22 98 30
82 95 44
12 95 7
95 95 14
34 53 93
22 4 15
92 54 32
9 98 62
53 96 38
77 51 61
50 21 81
37 46 37
88 66 24
10 20 37
8 82 95
46 93 1
62 34 76
52 24 83
67 64 8
27 72 40
92 29 72
26 60 20
76 97 68
83 70 85
7 47 35
31 19 51
69 55 91
56 71 41
70 11 17
61 84 55
35 96 99
38 57 54
40 80 38
98 45 63
31 71 46
55 13 83
58 74 18
58 86 15
5 63 92
65 52 33
55 92 56
99 28 10
19 47 8
14 29 91
24 84 9
70 95 12
10 1 63
92 96 75
34 98 65
Size
8 8 8
3 9 7
6 9 6
9 6 8
10 6 5
1 5 7
1 2 1
3 9 3
6 9 7
1 2 4
8 9 1
3 6 3
10 2 8
1 5 5
2 8 3
8 10 5
6 4 4
5 10 10
9 2 5
5 2 6
9 2 9
9 1 9
2 4 10
5 10 8
6 6 10
7 5 7
3 2 6
1 1 2
1 10 8
7 4 7
9 10 7
5 10 1
3 9 7
7 5 8
8 10 6
2 9 2
9 9 5
7 10 4
1 2 10
4 2 5
6 10 5
4 7 6
2 1 7
7 8 3
1 10 9
2 7 1
1 8 6
6 10 5
4 4 6
3 6 1
7 5 8
8 6 5
10 8 10
8 5 4
7 2 5
10 9 10
8 9 4
1 1 10
1 10 8
3 7 7
1 6 2
1 5 7
6 8 5
5 10 9
2 10 6
6 5 10
9 8 4
4 5 1
7 5 8
2 6 9
9 1 6
4 4 1
1 1 2
8 5 6
10 7 5
5 3 6
2 4 7
5 9 6
6 3 2
5 8 2
4 10 5
1 8 6
2 2 6
7 7 2
7 4 4
4 6 5
5 8 5
7 7 4
8 9 2
3 4 4
8 6 1
9 3 3
9 9 2
4 5 5
5 9 9
4 8 3
2 10 3
1 3 7
8 7 3
2 8 1
NoWait times: 1
1
