n 100
m 3
cap 30
Processing
76 39 20
14 96 36
18 19 90
39 73 98
25 60 84
57 14 44
62 25 44
81 67 27
37 11 80
15 86 58
45 58 38
64 62 67
70 5 96
73 12 54
100 35 33
81 44 31
89 54 73
91 17 77
34 64 20
26 21 6
76 59 9
55 39 35
64 97 41
49 59 29
15 5 92
21 93 24
90 97 58
80 25 12
55 58 11
24 84 83
5 7 27
36 9 50
91 10 38
6 14 64
77 28 28
42 23 45
10 19 44
28 44 13
50 68 40
70 39 40
10 26 36
21 95 77
34 38 33
10 47 79
45 70 33
93 99 92
13 49 59
84 23 58
68 16 43
42 77 73
88 32 94
23 48 53
51 53 66
94 15 13
41 87 30
76 29 83
1 28 95
95 52 45
83 38 23
27 75 82
78 49 67
51 13 5
88 78 98
61 84 53
93 14 95
10 73 42
37 18 75
16 44 86
57 16 70
43 38 35
53 86 2
30 12 90
18 46 56
75 18 26
4 72 24
17 69 16
31 74 60
8 9 31
2 39 51
70 17 30
76 88 56
41 56 56
6 62 47
39 96 71
86 6 49
39 80 36
26 75 39
35 60 50
78 65 26
27 15 72
99 38 51
14 37 21
26 88 7
99 9 59
40 70 96
35 30 16
58 73 76
6 69 42
41 42 64
67 35 33
Size
5 2 1
2 2 6
1 6 4
4 6 3
6 7 5
1 6 8
4 2 1
10 5 5
6 2 5
2 2 5
5 9 4
7 8 7
2 9 2
5 4 7
8 2 8
8 7 10
10 7 1
10 5 5
1 5 2
10 5 10
10 3 9
3 8 8
4 10 8
3 2 3
3 7 8
3 8 10
6 3 6
9 9 2
1 7 8
4 7 2
2 2 7
10 1 8
8 6 2
10 10 2
5 1 1
2 6 10
8 1 10
6 1 4
4 9 5
5 10 5
3 8 9
10 4 1
9 10 10
7 7 8
3 4 4
6 4 4
5 7 5
10 7 8
6 9 2
10 7 9
1 1 6
6 5 4
7 8 10
8 6 1
9 1 5
1 5 2
10 7 2
2 6 3
8 10 5
5 7 3
1 10 3
8 8 7
10 4 2
4 1 10
10 6 1
10 5 9
6 6 4
6 1 3
4 3 1
5 2 5
4 3 10
5 5 1
3 6 8
3 6 10
1 10 5
8 7 8
7 5 2
8 6 8
8 10 4
5 6 3
3 5 1
8 6 8
8 8 9
10 6 6
7 4 10
5 1 1
3 2 1
6 4 8
8 10 4
8 4 9
7 4 5
4 3 1
5 7 10
6 2 7
3 9 3
8 7 9
3 7 5
2 2 4
6 8 5
2 9 7
NoWait times: 1
0
