n 100
m 3
cap 30
Processing
20 22 42
40 64 37
6 80 94
43 26 56
72 18 16
20 25 91
40 52 48
56 1 89
96 59 48
19 43 93
41 7 71
74 12 40
70 74 8
64 22 20
10 65 24
79 77 75
30 96 80
6 75 21
1 32 81
15 71 27
13 35 14
81 85 43
27 68 74
47 38 79
76 10 18
62 23 85
8 66 49
82 55 41
99 37 29
80 3 3
53 26 31
90 29 34
13 35 19
38 77 65
65 51 93
48 82 86
62 72 39
100 79 64
37 26 74
64 85 36
50 56 27
8 57 19
80 66 42
80 39 97
81 67 40
90 7 73
68 95 88
13 36 54
16 85 48
77 51 61
6 47 5
51 98 87
89 97 100
79 68 6
69 69 46
100 88 76
91 64 77
71 98 67
48 46 1
30 82 10
17 89 63
19 86 77
71 42 95
91 67 95
2 17 25
18 85 34
2 79 38
32 91 35
87 78 99
61 80 32
27 48 96
39 57 81
26 11 22
80 97 58
49 55 35
80 31 13
100 32 98
96 28 5
85 43 43
79 38 74
28 60 92
100 54 65
65 84 36
69 45 80
43 84 56
81 35 89
92 92 58
45 77 87
50 14 7
10 50 56
71 84 82
73 68 1
43 36 32
90 98 49
39 27 30
20 50 67
81 9 48
21 61 28
65 39 64
14 2 45
Size
9 10 7
4 1 7
2 7 8
2 3 4
8 6 8
1 10 9
2 10 1
4 5 8
5 8 6
7 4 10
1 3 7
4 8 4
3 6 3
4 2 7
7 5 9
5 9 7
3 9 2
4 9 6
10 9 2
8 7 1
9 8 7
7 9 3
5 10 3
8 10 3
10 1 5
9 10 7
3 7 5
5 10 6
2 3 1
5 4 10
3 3 4
8 8 7
4 4 8
1 4 3
1 5 8
3 4 7
8 8 9
9 5 6
3 5 9
1 6 10
6 5 10
2 7 8
6 2 5
10 4 3
3 1 4
3 7 6
3 6 8
6 6 3
8 2 8
10 10 1
6 2 9
7 6 1
1 9 5
1 3 8
2 10 4
3 7 1
3 6 2
6 1 5
2 2 3
8 3 7
3 4 9
4 3 9
8 6 5
5 9 7
4 2 8
5 4 9
8 2 8
2 3 5
9 2 7
8 9 9
6 4 2
9 2 4
3 3 10
10 4 5
3 8 7
5 2 10
3 8 2
10 8 6
6 8 1
6 4 5
4 7 1
1 2 5
2 4 6
7 8 4
5 10 3
2 3 10
9 3 8
1 6 5
1 8 2
6 1 6
4 10 10
8 10 3
6 9 5
2 7 7
5 8 2
5 8 1
7 10 6
3 6 1
4 8 7
5 8 8
NoWait times: 1
0
