n 100
m 3
cap 30
Processing
31 12 75
26 60 45
38 18 24
70 46 30
21 76 81
78 10 41
44 55 22
16 92 41
38 2 66
31 93 53
10 52 72
92 87 57
92 71 79
58 79 77
7 52 76
76 67 15
48 68 14
87 99 56
65 74 78
59 13 90
81 13 92
88 53 98
98 52 57
16 66 60
41 48 33
3 61 7
44 51 5
8 8 2
12 21 32
63 41 52
34 3 14
98 87 51
62 77 65
35 92 88
45 70 9
37 65 15
19 72 100
47 79 89
82 37 83
3 54 94
57 2 93
90 47 60
13 66 24
54 12 22
7 55 42
27 12 77
29 44 53
93 5 62
42 23 100
87 61 32
55 44 90
64 4 41
66 99 21
99 68 71
88 91 41
95 64 69
80 70 28
27 69 11
87 81 8
30 31 77
46 11 70
37 65 24
64 80 52
50 51 70
31 75 96
25 8 9
85 86 8
63 44 15
88 72 3
39 84 98
15 11 70
66 20 60
74 84 18
52 14 59
60 18 32
49 45 90
47 71 10
30 24 74
98 2 12
8 51 28
21 21 48
28 15 19
44 94 73
43 20 27
59 68 60
63 7 1
45 32 62
52 60 93
86 20 45
40 100 79
54 95 48
13 73 63
5 58 90
50 18 80
97 9 70
63 94 82
32 38 80
2 4 94
11 44 26
42 25 30
Size
5 10 5
7 9 6
8 5 9
3 9 4
10 5 8
7 3 8
9 6 7
6 1 4
6 3 1
8 6 3
6 9 8
1 2 4
2 4 10
4 8 5
9 1 6
3 4 8
7 5 5
10 8 5
5 8 7
9 9 6
6 2 3
4 10 9
10 4 9
1 2 3
7 6 6
8 9 9
1 5 4
1 3 9
2 1 6
9 3 8
9 3 3
1 10 3
4 2 3
8 6 7
9 1 4
6 8 7
1 5 10
10 9 3
7 7 7
9 8 3
7 4 1
6 3 5
7 4 9
5 2 6
9 3 5
7 1 2
9 4 10
9 8 2
8 8 9
6 10 1
2 6 8
2 3 6
8 8 5
9 6 5
4 5 5
5 1 7
6 4 5
9 3 10
4 10 8
2 5 10
3 2 1
8 4 3
5 8 7
5 3 9
2 7 1
8 10 9
10 9 8
7 8 3
5 4 2
7 7 1
1 3 3
5 9 10
3 8 2
1 7 8
7 1 9
2 10 8
2 2 3
6 3 6
8 10 8
7 5 2
9 1 8
4 10 9
3 9 10
2 3 2
4 4 8
8 2 1
2 3 10
3 7 5
7 2 2
1 1 8
7 5 10
2 7 1
5 5 8
9 10 8
7 10 3
7 6 5
3 3 10
5 8 2
3 8 6
3 10 5
NoWait times: 1
0
