n 100
m 3
cap 30
Processing
76 86 59
40 74 39
54 39 57
21 26 86
42 63 32
51 46 98
93 23 14
4 94 32
82 7 57
16 94 25
3 41 40
11 28 65
62 2 97
10 28 69
50 63 92
75 55 79
60 66 30
91 15 82
43 54 81
43 98 6
95 4 23
99 27 72
5 24 76
12 62 36
94 88 89
33 57 70
74 5 36
86 10 56
28 28 25
5 20 70
24 91 98
76 86 32
25 14 60
43 96 70
55 58 94
9 15 63
12 23 20
66 66 88
91 48 73
84 95 72
55 1 58
94 17 49
76 4 6
18 39 33
96 43 10
92 53 63
67 11 98
64 55 36
63 76 98
3 50 76
84 51 9
65 86 2
19 74 80
78 84 96
2 66 68
13 15 18
9 81 76
78 55 94
17 18 68
20 73 21
1 12 4
10 84 56
46 50 92
20 26 16
14 95 62
52 86 26
100 55 50
78 85 14
78 21 85
20 69 62
71 8 69
23 5 58
96 31 99
10 69 42
30 60 19
6 93 85
96 87 23
33 60 34
14 1 78
67 76 92
22 50 66
84 44 53
20 60 30
6 90 100
5 82 66
50 79 69
6 99 81
65 90 56
23 27 9
77 89 11
11 41 11
62 66 80
9 73 13
51 12 60
58 44 76
72 78 57
15 84 9
19 53 84
3 13 92
37 91 45
Size
9 8 3
10 9 8
9 6 2
8 4 4
8 4 1
10 3 1
1 4 7
4 8 7
4 5 9
6 7 2
4 10 5
4 7 5
6 2 5
8 10 3
7 2 4
3 3 8
5 9 4
1 8 1
3 6 5
5 1 2
7 7 9
6 6 7
10 4 6
6 5 1
2 10 3
10 3 3
6 10 7
6 2 9
3 5 4
7 6 8
1 1 9
1 4 8
9 5 10
2 2 3
10 3 10
5 3 7
5 5 7
8 7 6
10 2 8
5 5 5
7 6 1
9 8 6
3 1 5
2 4 9
1 9 2
6 4 8
3 8 10
4 3 1
2 4 3
4 3 4
4 4 7
4 5 7
10 5 1
2 6 8
4 10 4
7 1 3
6 3 10
9 3 5
8 10 10
2 2 4
2 10 2
10 5 6
8 4 7
8 5 5
8 9 7
7 7 7
10 7 6
7 8 10
1 7 2
10 10 8
8 1 5
3 5 8
6 5 6
3 1 4
3 2 2
5 2 1
10 7 6
7 3 10
7 10 7
3 1 10
1 2 10
2 6 1
3 3 3
10 4 5
8 9 8
1 8 7
9 10 1
1 8 6
1 4 7
1 10 4
8 2 7
3 5 10
4 3 1
5 4 6
7 4 6
10 8 10
10 8 1
10 2 5
8 10 1
7 5 9
NoWait times: 1
0
