n 100
m 3
cap 30
Processing
31 93 65
9 77 67
60 54 84
52 12 26
39 69 3
74 12 34
69 78 50
97 77 35
39 51 60
100 8 80
86 13 5
100 92 99
75 20 56
84 70 96
52 74 34
63 58 16
58 26 45
54 83 98
72 8 64
75 5 79
82 79 34
83 98 93
36 86 52
31 45 46
52 24 6
60 64 37
46 94 19
14 80 70
75 36 55
74 20 50
94 48 70
92 53 47
33 15 40
18 60 56
95 56 90
7 47 6
72 77 43
99 72 5
22 91 77
1 68 47
58 6 82
46 9 29
74 99 99
41 90 67
89 62 81
49 97 7
17 94 82
40 31 61
30 14 10
1 47 93
38 58 4
12 1 28
90 50 23
77 70 53
81 89 87
42 45 26
100 48 61
99 95 6
51 52 90
34 9 15
42 60 98
56 51 66
38 69 73
60 20 44
91 5 63
37 31 67
72 7 28
20 99 10
83 6 72
36 36 52
23 31 36
66 1 36
65 76 39
10 75 35
12 19 88
89 64 56
81 99 3
38 72 43
84 57 43
68 3 1
60 10 18
25 100 80
13 23 66
83 31 35
28 55 49
56 48 52
92 70 34
93 89 99
9 42 36
82 52 24
91 89 1
70 98 86
56 3 17
22 51 46
54 14 73
41 30 75
54 7 87
26 66 82
77 57 14
26 8 90
Size
5 9 8
10 6 8
5 2 1
7 4 4
8 5 5
5 1 7
4 3 9
8 10 9
10 7 2
3 10 1
10 4 9
3 2 2
7 10 9
2 8 3
10 8 10
3 8 9
1 4 7
10 1 9
10 3 5
9 5 10
5 10 5
2 7 4
4 10 1
1 10 1
7 5 6
5 3 6
7 5 3
7 8 4
9 6 9
4 4 2
10 1 3
6 5 7
7 7 5
9 2 1
7 8 8
9 7 6
9 6 2
8 5 4
3 3 6
1 1 1
3 3 6
3 9 9
10 7 3
10 1 3
4 4 7
4 2 6
1 5 1
6 7 4
3 1 4
2 7 5
10 6 6
2 1 9
1 9 6
1 4 1
5 8 8
9 1 8
1 7 7
3 5 8
2 3 1
1 9 4
4 5 5
9 3 7
1 7 8
10 1 1
10 2 6
5 9 6
7 2 4
4 5 7
3 3 9
9 6 9
9 7 1
9 7 1
6 9 3
4 4 3
1 2 8
10 8 4
9 10 6
2 1 4
2 5 6
1 5 1
9 5 7
7 2 10
1 9 1
9 7 6
7 8 9
5 2 4
8 2 2
3 3 5
10 7 10
2 4 3
7 1 7
8 10 5
3 8 4
5 2 6
1 2 5
3 2 4
8 6 8
5 2 4
7 9 10
3 6 5
NoWait times: 1
1
