n 100
m 3
cap 50
Processing
83 9 96
7 42 79
52 8 38
72 14 96
61 37 39
56 33 4
67 63 50
86 1 28
92 43 1
40 32 36
63 88 30
22 64 30
6 60 45
48 55 14
95 63 75
21 68 40
75 59 64
59 26 41
21 26 43
9 16 49
7 29 52
62 13 45
53 64 36
66 66 28
65 93 13
69 97 2
44 43 8
17 20 18
19 79 14
51 39 64
23 23 14
35 28 42
68 62 13
43 25 92
33 9 89
48 56 7
10 98 83
35 32 98
23 81 17
63 24 75
66 56 17
44 90 87
17 14 84
30 78 79
89 15 8
27 49 38
5 4 84
59 76 65
53 71 37
35 100 31
56 44 97
3 96 63
11 15 11
13 7 76
59 67 45
73 37 7
20 51 95
27 54 33
61 96 77
11 57 49
14 66 1
41 9 31
30 96 68
22 58 22
27 78 39
87 39 12
71 88 61
70 91 45
80 67 75
89 69 76
46 65 65
72 11 76
92 62 57
83 91 4
84 58 20
92 5 4
8 74 38
75 29 18
54 47 80
29 89 76
86 67 29
32 35 58
12 84 3
62 22 65
82 69 16
80 14 24
90 50 75
32 54 4
91 83 85
45 34 61
1 91 22
26 20 59
23 6 87
5 44 11
69 15 40
85 15 51
76 59 4
22 29 36
67 78 3
92 20 74
Size
6 1 8
3 7 10
8 9 4
10 10 10
6 7 9
3 1 10
1 5 5
7 5 1
4 1 4
7 10 1
8 5 8
3 9 1
7 7 4
1 3 9
10 2 3
6 1 10
6 6 6
1 6 7
1 3 4
10 6 5
5 7 8
4 3 2
3 10 5
3 1 6
7 4 1
8 3 7
7 8 6
1 6 4
4 2 4
7 1 9
10 10 2
1 1 3
5 1 4
1 5 1
9 2 10
9 7 2
6 4 5
1 5 7
4 1 1
4 2 4
6 5 7
8 9 8
1 5 8
1 1 9
10 6 8
2 6 7
8 10 3
8 6 1
5 5 6
6 1 7
5 5 10
2 4 8
9 3 2
2 9 9
10 8 9
8 9 2
4 5 2
7 3 2
4 2 4
10 8 7
2 8 7
10 8 5
5 8 1
1 1 10
2 6 9
3 5 6
10 7 5
6 9 4
10 8 8
9 8 5
6 1 8
9 8 3
3 1 2
3 4 1
2 7 2
2 6 10
2 1 2
7 10 10
8 7 6
10 8 9
7 6 8
2 7 2
3 7 2
9 8 7
2 8 10
5 2 9
6 4 1
1 3 3
1 3 8
3 1 2
8 3 2
2 6 1
8 5 9
8 4 8
5 2 6
2 1 5
1 2 4
1 9 8
4 9 1
4 4 2
NoWait times: 1
1
