n 100
m 3
cap 50
Processing
5 14 44
20 50 64
56 8 60
37 1 39
45 75 12
16 70 99
56 39 28
9 15 80
32 10 20
45 7 4
13 12 90
10 36 71
51 33 93
73 40 100
83 54 11
60 27 17
88 6 58
5 58 92
49 45 73
25 59 84
97 68 41
83 47 21
29 29 5
72 92 1
92 43 29
1 61 29
45 82 66
86 32 91
76 96 93
45 13 26
62 99 76
24 81 15
4 82 96
75 24 13
93 52 2
99 65 2
50 12 35
74 56 8
88 11 53
75 65 43
74 80 56
69 34 43
11 75 42
71 36 52
8 70 70
19 43 97
68 52 64
23 58 10
61 74 93
23 10 72
55 60 62
75 31 93
47 26 33
28 24 79
21 33 28
13 21 98
10 59 53
100 5 41
90 59 6
17 6 95
83 11 29
38 78 14
22 90 43
72 87 79
25 53 12
90 79 54
64 12 19
48 44 3
60 30 2
97 32 76
66 27 60
47 47 45
54 94 100
49 30 21
59 66 13
33 82 92
66 37 50
37 61 13
22 81 72
63 56 23
83 27 41
89 81 69
25 58 14
20 98 75
59 65 88
80 16 70
76 99 29
81 31 49
68 14 28
61 31 27
57 12 8
52 69 42
79 26 31
74 16 100
42 81 16
21 44 80
3 5 10
68 68 4
8 27 28
52 91 14
Size
6 6 3
4 7 1
8 4 3
9 3 8
7 4 6
10 1 4
5 4 10
3 2 7
8 7 6
10 9 5
7 10 6
1 2 9
2 4 7
7 5 10
2 2 2
9 10 7
7 2 10
8 7 10
10 6 7
3 2 8
2 6 10
9 2 9
10 10 8
3 7 1
7 10 5
7 4 10
9 1 10
4 8 10
2 9 3
4 10 9
4 4 6
7 4 1
10 2 9
4 4 2
5 1 1
3 7 3
10 10 1
1 3 9
6 3 1
8 9 2
1 1 6
9 6 9
5 7 3
4 3 5
6 7 5
7 4 6
9 10 3
8 10 2
7 9 6
3 4 1
4 9 5
4 3 2
6 1 5
9 6 4
6 9 8
10 3 9
1 5 4
2 9 8
10 2 6
7 7 2
4 8 2
1 2 3
8 7 3
10 9 2
3 6 9
8 1 2
3 3 1
10 1 5
2 8 8
1 10 7
10 8 10
6 8 6
5 1 5
8 8 7
2 9 3
9 10 7
8 8 7
7 5 7
10 2 1
1 3 8
8 9 7
5 8 9
9 4 7
9 9 6
10 5 1
2 4 8
10 2 5
2 5 6
5 4 1
10 4 9
2 2 4
3 6 1
7 3 7
3 8 5
1 10 10
8 7 7
6 7 2
10 8 2
10 9 3
7 3 5
NoWait times: 1
0
