n 100
m 3
cap 50
Processing
97 66 100
47 83 44
98 4 50
73 18 15
41 7 50
21 89 80
46 19 4
1 3 82
56 17 54
92 96 40
41 30 7
62 71 90
10 11 66
84 28 9
60 49 100
7 15 65
64 79 19
63 31 95
81 54 40
11 48 86
46 44 47
16 55 70
28 10 3
12 33 15
59 84 71
76 64 89
86 79 87
15 89 38
93 55 25
73 26 59
78 57 2
9 48 31
31 67 37
95 98 75
44 89 25
30 91 61
24 97 20
89 20 56
71 35 46
35 19 86
63 14 16
36 59 69
22 44 50
91 91 51
93 73 100
57 63 21
28 36 45
10 14 97
74 86 36
94 9 60
49 63 64
73 81 34
1 1 2
10 89 12
33 65 81
51 36 28
96 85 74
21 67 68
39 64 32
72 11 42
77 52 66
3 94 50
65 74 40
97 14 44
52 69 29
96 33 64
30 72 57
52 69 67
80 75 95
13 33 20
5 56 59
10 41 90
13 9 73
46 77 46
14 38 85
44 98 86
100 4 24
94 93 46
41 85 38
73 18 96
30 13 31
100 61 77
88 10 64
86 92 14
32 78 68
20 30 24
13 30 4
11 71 18
22 53 80
69 85 2
8 60 27
33 56 30
90 98 63
45 21 54
30 35 1
63 6 66
90 24 45
94 48 66
32 50 69
43 50 78
Size
1 5 3
1 5 1
7 5 9
9 5 7
9 2 10
3 8 8
3 2 9
8 7 6
8 4 9
4 3 6
3 5 4
10 7 8
9 4 6
8 5 7
9 4 9
9 7 4
6 8 9
10 2 4
9 5 6
4 5 7
10 4 1
2 8 7
9 2 6
7 9 8
9 5 9
7 8 4
8 4 7
6 4 8
7 10 2
5 5 2
1 3 3
4 3 6
8 9 5
2 10 1
10 8 6
7 2 6
6 8 4
7 4 5
6 10 4
5 4 2
9 5 7
7 2 8
4 3 2
1 2 9
4 8 2
9 5 6
9 7 9
9 3 9
9 6 3
9 3 5
9 6 4
1 6 9
10 10 7
2 3 6
8 9 9
5 10 7
1 1 4
9 3 9
10 5 7
3 8 9
1 1 5
2 10 7
4 6 8
3 5 4
7 10 9
2 3 5
2 6 7
3 3 7
2 5 10
4 7 7
9 9 4
8 4 2
4 7 2
6 6 4
8 4 6
9 3 9
8 1 5
1 4 1
3 10 9
9 10 1
5 2 4
3 3 6
2 5 7
9 4 8
1 1 8
3 1 2
8 1 5
8 7 2
2 7 3
8 10 7
8 7 4
9 10 7
3 5 5
3 10 3
3 5 9
9 2 9
7 4 4
1 3 10
6 2 10
2 9 5
NoWait times: 1
0
