n 100
m 3
cap 50
Processing
48 41 91
65 65 78
13 49 93
2 9 65
47 31 14
56 19 94
74 12 94
94 95 51
33 40 31
29 81 89
97 22 10
69 97 28
40 9 22
69 27 81
98 52 35
18 27 26
90 35 41
90 59 79
31 21 87
58 82 76
30 73 36
68 33 3
94 53 88
45 23 75
33 77 38
25 86 76
20 67 72
23 53 49
50 5 43
49 99 35
19 96 40
35 34 7
84 68 54
34 76 38
84 83 16
85 34 64
87 51 84
84 94 19
74 96 6
90 3 48
24 14 17
66 21 37
42 13 90
85 84 75
98 47 65
64 25 2
26 34 20
75 53 10
88 45 68
86 6 85
77 14 20
20 22 85
11 43 43
21 78 56
50 15 46
55 95 99
2 37 94
56 33 72
68 58 26
48 50 99
90 85 65
25 25 43
79 56 59
81 45 65
61 64 46
90 14 16
91 15 36
66 24 82
23 64 96
88 86 64
94 71 11
57 85 3
59 19 43
2 46 83
67 99 1
27 42 24
24 100 81
83 66 52
76 44 69
25 90 23
53 41 87
10 38 14
94 69 80
12 91 84
28 36 7
78 73 49
83 27 22
31 57 22
27 89 45
73 45 27
17 74 86
82 8 31
31 93 91
88 4 23
3 19 54
92 39 15
92 100 36
19 79 14
53 74 94
49 91 89
Size
8 8 9
8 3 10
3 5 10
1 1 9
2 2 8
4 8 5
1 7 9
2 9 5
7 9 4
4 1 7
8 3 1
10 7 7
5 6 4
2 10 7
3 9 6
6 5 2
10 3 2
3 4 8
1 8 5
2 4 3
7 1 10
10 5 1
5 10 9
4 2 4
5 1 9
8 8 9
7 10 5
10 7 8
3 10 7
8 6 6
4 9 2
9 3 2
10 5 8
10 6 1
3 1 6
2 2 5
9 2 7
7 3 1
9 6 6
6 4 7
7 8 6
4 9 6
2 5 3
9 8 9
10 1 4
5 3 1
9 5 5
9 9 1
8 3 7
9 3 2
1 9 9
6 8 7
8 9 9
3 10 9
7 5 9
1 8 2
7 8 6
9 2 3
10 6 7
1 3 3
10 4 5
7 8 6
2 7 7
1 1 1
6 8 6
5 1 4
8 3 10
8 10 7
1 6 8
7 5 6
7 3 9
9 2 9
5 2 1
8 7 6
5 10 2
7 8 7
10 2 7
5 5 3
3 10 4
6 2 7
6 4 6
10 5 3
7 6 6
5 3 2
10 9 10
4 10 2
4 2 5
6 8 4
9 2 3
9 5 8
9 5 8
10 9 2
8 7 8
8 8 3
4 2 10
9 2 5
10 9 9
1 6 8
2 9 8
6 3 4
NoWait times: 1
0
