n 100
m 3
cap 50
Processing
5 32 81
67 17 35
58 69 33
21 36 32
62 43 83
63 68 76
57 83 69
95 87 44
4 39 86
93 65 87
53 2 11
82 18 53
80 45 4
51 85 83
14 29 19
61 89 33
59 83 61
27 50 88
32 83 10
85 30 88
100 27 17
46 81 6
67 72 25
74 40 68
60 3 62
53 62 8
65 57 44
10 94 22
2 67 27
36 99 24
75 9 70
93 66 55
99 69 49
93 31 2
78 35 44
21 22 72
70 26 21
76 90 1
53 19 80
43 90 95
9 25 30
90 15 98
17 42 38
1 75 67
50 36 70
80 74 69
73 12 87
83 1 21
82 85 90
14 1 31
54 13 25
55 23 63
27 84 90
56 26 69
27 53 48
86 48 17
13 33 100
78 57 30
46 5 30
38 50 42
67 12 92
14 98 81
18 93 83
22 47 94
11 75 14
40 48 61
28 12 26
55 29 23
27 84 34
100 46 13
18 50 21
23 92 12
74 96 2
30 97 19
80 45 5
90 91 4
78 23 86
87 86 82
22 59 70
68 41 37
5 43 56
32 74 62
24 79 8
83 22 96
43 11 59
79 16 8
49 23 75
22 17 19
22 95 83
22 96 82
97 72 50
29 28 92
63 49 19
29 63 93
73 72 46
70 83 90
28 22 67
9 41 59
59 19 98
64 7 69
Size
7 10 1
6 1 3
1 3 4
1 10 3
6 4 8
2 5 9
4 4 9
5 6 10
7 6 4
4 9 9
7 4 1
3 9 3
5 5 3
5 10 10
5 2 6
10 7 6
5 2 9
1 8 3
3 10 7
10 1 7
8 6 4
8 10 4
8 1 7
5 5 6
5 3 1
7 1 8
1 5 1
7 3 1
7 10 1
7 8 5
5 5 2
2 6 10
2 7 1
10 1 5
1 8 3
3 8 8
3 4 7
9 6 1
2 4 7
2 2 1
6 4 6
4 8 9
10 10 2
2 7 9
1 6 5
10 5 2
5 1 7
2 8 7
1 9 1
9 3 3
1 8 1
8 7 1
10 7 9
7 7 7
6 6 2
2 6 9
8 10 9
3 6 8
3 6 10
8 5 10
9 1 2
10 7 9
2 9 6
2 9 2
5 2 7
2 7 2
5 4 2
7 6 5
3 1 7
2 8 7
6 9 10
1 9 2
8 4 7
3 3 6
10 3 3
9 9 5
10 7 6
2 3 9
3 10 5
4 1 6
5 3 10
6 4 8
10 10 1
7 8 7
8 8 8
2 10 10
8 5 10
1 5 5
9 10 1
9 2 4
1 4 9
8 4 1
4 2 1
8 8 7
10 7 9
8 7 9
7 1 1
4 9 9
10 1 2
2 7 5
NoWait times: 1
0
