n 100
m 3
cap 50
Processing
57 50 25
96 13 16
38 68 16
82 58 96
75 91 75
63 65 67
64 3 42
35 79 98
44 9 59
88 69 7
94 92 21
42 76 69
96 48 23
4 41 76
13 19 83
61 56 45
57 74 49
72 11 99
30 6 89
40 80 14
86 9 47
76 76 31
93 58 26
6 22 45
79 59 47
21 67 15
35 53 81
28 69 72
86 38 52
58 8 7
91 74 51
65 86 10
70 14 78
86 28 80
3 13 45
48 9 68
34 72 27
55 56 44
83 81 9
8 45 3
9 33 65
39 77 75
41 6 32
23 76 56
90 62 78
56 41 16
35 31 14
15 83 29
11 18 74
88 73 74
22 30 29
39 32 84
40 29 83
61 1 99
61 73 46
100 86 46
96 71 83
72 61 83
33 73 53
88 72 78
79 54 75
5 64 50
29 3 54
27 47 4
16 28 14
28 7 14
31 21 100
33 26 8
99 4 63
49 13 21
99 40 91
57 2 66
75 90 99
23 33 100
91 16 48
1 20 63
28 83 30
95 100 55
13 70 50
94 55 70
57 33 63
86 87 47
60 8 75
14 88 48
21 15 69
42 97 43
51 14 56
68 31 51
20 33 79
86 84 11
18 38 46
74 59 34
47 30 77
87 45 23
55 76 74
79 54 46
14 68 89
40 39 77
1 62 87
83 70 95
Size
1 10 8
5 5 4
6 8 9
10 2 8
6 4 4
4 2 6
7 8 7
7 7 6
8 4 10
3 6 6
10 9 7
2 8 1
9 9 6
4 3 10
2 1 10
8 9 7
4 8 10
4 7 4
1 10 4
9 3 7
4 3 6
7 1 3
4 6 2
2 9 3
4 7 8
2 7 9
6 10 2
10 7 9
8 4 7
5 4 8
10 8 9
10 4 7
7 3 9
10 4 9
2 9 8
9 3 5
6 7 7
8 4 4
2 3 5
5 10 5
1 2 9
10 9 3
5 6 9
7 6 9
6 6 8
10 10 5
5 7 3
9 10 4
5 10 6
2 4 10
8 6 6
7 3 1
5 5 6
7 8 9
2 2 6
3 8 6
7 9 6
2 5 7
9 8 5
3 7 2
8 3 5
5 6 6
9 7 5
9 6 1
1 9 4
3 8 5
8 3 7
2 7 8
4 6 3
4 8 2
1 9 2
10 2 1
4 6 1
6 9 8
3 1 4
7 1 5
4 2 8
3 9 5
2 7 9
2 10 5
3 7 2
9 3 5
1 7 4
7 2 9
3 4 10
9 8 7
3 7 4
1 4 3
2 5 6
2 6 4
2 6 9
3 7 5
7 3 7
7 5 9
9 6 4
1 2 7
8 6 5
2 4 7
7 7 3
1 3 1
NoWait times: 1
0
