n 100
m 3
cap 50
Processing
12 15 6
91 75 81
5 83 74
4 30 52
83 22 68
68 84 70
77 65 55
19 37 19
9 22 61
99 37 66
94 2 86
64 36 65
77 100 10
78 94 30
44 84 93
76 87 9
88 42 40
43 30 94
49 100 43
8 36 43
6 71 52
56 74 53
32 62 13
60 26 37
41 79 68
78 89 5
73 27 18
95 55 51
57 22 26
52 6 82
32 96 39
53 19 73
78 16 64
71 85 56
52 9 65
98 77 86
25 42 79
83 95 44
65 98 33
64 62 10
91 67 12
22 11 21
8 8 54
83 88 65
3 80 94
49 23 28
50 74 27
97 7 29
18 28 7
82 86 79
50 45 79
20 82 26
86 89 53
5 42 1
35 33 60
7 88 76
47 4 76
38 74 87
3 15 100
82 68 60
57 46 88
88 61 53
97 54 80
68 60 42
34 9 69
29 79 29
83 53 14
17 57 28
74 34 2
32 89 99
100 6 23
38 53 21
64 25 7
97 74 68
74 79 11
36 11 69
58 17 100
2 35 90
35 72 43
94 18 57
37 28 59
88 68 88
35 69 67
60 80 8
64 15 50
51 85 13
59 30 82
70 92 21
72 8 11
10 62 47
17 66 100
93 92 4
92 56 36
91 80 40
97 75 91
41 17 55
63 13 10
4 58 61
17 11 61
42 30 54
Size
6 9 3
4 3 10
8 8 6
2 2 2
9 3 9
2 7 4
9 7 9
2 7 5
5 10 9
2 3 3
2 9 7
7 7 8
9 6 5
5 2 3
7 3 8
3 5 10
8 6 7
4 7 1
3 6 6
7 2 2
6 1 8
1 3 4
4 3 2
8 10 9
2 6 3
2 8 6
7 1 5
9 2 8
7 6 8
4 5 7
9 5 8
9 5 9
4 10 8
10 10 10
2 8 5
7 4 1
4 7 2
5 8 2
5 3 7
3 10 2
1 4 1
6 9 4
10 5 8
7 2 10
9 6 5
2 3 8
5 10 10
5 4 2
8 1 5
7 10 7
2 1 9
7 7 6
3 10 8
5 3 9
3 6 5
10 4 1
9 4 6
5 3 8
2 4 4
8 1 8
4 10 6
8 5 2
2 1 3
7 2 9
7 10 3
3 5 3
10 7 10
6 6 10
6 1 1
1 9 4
6 5 10
7 6 9
5 8 4
4 2 7
7 7 9
2 4 8
9 6 9
7 9 6
2 3 9
9 5 7
7 10 1
4 4 1
1 8 5
10 2 7
4 9 5
10 1 8
4 5 7
9 9 3
1 3 7
5 7 6
5 2 7
10 1 6
2 3 6
6 2 3
8 10 7
5 7 1
2 9 9
7 1 7
5 4 6
10 9 1
NoWait times: 1
0
