n 100
m 3
cap 50
Processing
50 86 65
2 65 30
91 99 55
58 73 53
14 16 74
70 69 25
98 87 39
44 25 81
3 93 2
83 100 92
38 63 3
84 24 13
97 78 1
35 59 20
53 1 50
65 96 82
38 34 85
100 15 73
42 8 57
85 100 21
60 35 64
61 93 54
11 62 55
20 56 57
33 4 49
2 24 61
100 8 81
72 34 70
55 40 6
30 2 50
59 12 77
37 96 82
4 30 35
2 71 37
81 60 84
63 77 7
26 1 97
79 28 26
63 78 38
81 46 40
71 85 75
87 56 34
62 91 50
80 44 41
82 31 97
76 72 74
34 76 20
30 36 83
82 38 62
55 76 81
24 49 99
88 53 42
86 9 30
43 95 59
78 95 83
28 56 92
6 20 43
3 55 10
10 46 71
84 47 41
43 40 41
32 5 65
83 60 3
92 58 98
92 52 13
16 14 15
13 40 58
37 62 47
12 71 17
13 55 32
72 58 41
99 48 27
39 76 59
93 6 37
20 60 13
8 71 41
42 60 14
57 74 8
78 7 92
43 9 44
98 63 27
1 55 3
88 17 78
41 50 93
71 44 49
77 69 91
76 61 38
36 32 49
100 98 85
21 17 57
44 48 60
12 35 91
59 97 99
3 76 84
70 48 8
8 45 79
63 67 50
33 70 87
86 98 62
35 56 67
Size
1 6 1
7 3 5
3 3 2
4 3 9
7 10 5
6 2 6
3 8 2
1 1 4
8 7 5
10 1 8
2 1 3
8 2 3
10 2 2
9 7 8
2 6 1
6 2 1
2 9 9
4 7 3
1 1 5
3 6 4
9 1 6
4 10 8
9 5 2
9 4 5
3 6 9
2 2 9
10 3 10
6 7 6
9 3 5
6 4 5
5 9 1
2 9 9
9 2 7
2 7 5
3 5 8
9 9 2
8 7 2
5 5 10
5 4 6
8 2 5
3 5 3
9 5 9
8 9 4
1 4 3
5 7 1
10 6 8
7 7 2
2 8 4
4 3 7
6 6 10
6 4 8
7 3 10
7 9 3
4 6 4
8 8 9
9 9 3
7 7 1
5 2 2
5 1 10
6 2 3
6 5 3
4 8 4
9 4 3
8 8 6
4 4 9
10 6 9
2 4 10
6 8 1
1 4 7
4 9 2
5 8 10
8 4 3
5 7 10
4 6 7
5 8 8
8 7 1
8 6 5
6 4 10
6 7 3
5 3 10
5 6 6
6 4 8
5 1 2
7 7 10
1 6 10
10 7 2
2 5 3
7 7 6
7 3 1
10 6 4
8 6 10
6 10 9
5 7 7
4 4 1
7 3 6
5 4 5
5 1 2
1 9 8
4 7 4
9 9 7
NoWait times: 1
1
