n 100
m 3
cap 50
Processing
51 4 16
82 11 96
3 74 6
2 88 31
24 26 52
45 16 34
88 73 32
46 20 72
95 40 57
72 63 44
67 25 7
84 62 69
44 61 6
23 30 96
32 48 49
21 80 49
62 59 87
58 8 71
50 25 39
25 3 26
26 33 53
90 68 4
3 42 43
62 2 10
65 55 4
78 83 89
54 89 78
11 34 44
22 8 39
34 66 10
88 5 14
66 7 59
13 44 65
62 59 23
56 21 34
47 52 7
83 83 34
38 96 24
14 95 7
48 48 93
59 76 67
100 93 93
77 87 93
12 38 96
5 88 54
84 38 93
39 31 64
17 76 30
72 78 16
74 41 6
12 18 52
32 86 40
70 56 4
66 79 4
96 4 4
4 32 41
78 59 9
70 78 21
33 1 23
18 95 73
23 25 72
32 26 100
27 37 37
45 11 12
91 51 60
10 79 21
80 40 69
9 41 89
59 27 48
40 85 63
64 34 24
84 18 11
37 85 52
99 73 66
100 19 3
29 15 72
61 63 66
64 33 46
71 54 32
68 38 43
63 1 73
27 25 46
76 81 92
62 21 22
46 76 8
53 25 5
8 19 11
85 27 9
24 87 97
66 55 11
72 75 95
29 98 59
16 86 48
4 6 89
45 24 72
88 71 37
38 2 70
5 65 47
27 71 13
80 52 44
Size
7 1 5
5 4 2
8 10 10
7 6 3
3 10 6
1 5 2
1 3 2
9 1 1
6 5 4
10 2 1
5 4 9
2 9 3
8 7 10
2 10 1
7 1 4
1 1 2
4 1 9
4 2 9
9 5 2
10 8 10
10 6 7
2 1 1
9 4 7
1 5 5
9 3 5
1 7 3
8 4 3
7 4 7
4 9 5
9 9 9
9 6 4
7 9 9
9 9 3
5 10 7
8 5 3
10 2 1
10 3 9
6 4 6
1 1 7
5 1 6
10 3 3
10 8 2
5 4 3
2 2 5
5 9 5
8 5 5
10 7 1
10 6 1
4 1 2
10 2 1
5 2 6
10 2 9
9 6 3
3 9 4
7 4 3
5 6 9
1 8 4
4 6 10
4 8 2
7 7 8
4 8 1
2 3 4
4 5 6
7 5 8
3 6 5
10 5 2
10 2 9
7 6 10
6 2 7
6 7 2
7 3 10
4 8 8
5 10 1
5 2 3
2 3 4
7 7 6
3 6 8
2 8 2
1 2 3
10 4 5
7 3 7
9 7 2
9 7 9
3 8 9
9 6 10
7 10 1
4 4 6
8 5 8
1 2 6
10 10 2
6 3 9
2 8 6
9 9 7
4 4 5
4 6 2
10 7 7
1 4 2
8 10 8
1 6 2
6 1 2
NoWait times: 1
0
