n 100
m 3
cap 50
Processing
73 85 78
42 57 30
98 13 59
33 40 82
94 38 20
89 87 30
35 80 78
54 14 87
77 42 28
41 29 73
61 30 18
18 5 71
24 13 97
61 94 9
69 46 13
34 39 79
17 18 4
62 7 43
11 91 74
70 75 19
50 34 33
50 25 49
59 39 26
51 62 67
27 48 53
61 86 30
25 22 88
59 30 65
24 89 41
67 7 73
81 63 73
16 99 87
3 79 83
69 40 27
17 66 73
26 33 58
22 94 19
69 84 99
70 88 44
41 9 25
35 17 79
63 59 81
40 15 42
70 32 68
27 7 42
90 18 95
85 16 44
49 50 91
51 90 32
82 42 65
39 9 12
29 97 92
47 100 28
53 44 27
29 40 96
91 55 63
24 29 86
97 21 19
21 36 3
60 84 59
72 63 15
84 42 49
1 77 18
97 100 9
76 79 82
64 23 27
84 14 48
56 90 72
26 10 62
43 31 77
89 11 66
30 99 6
43 98 92
79 69 88
76 11 21
29 71 43
21 71 92
89 82 53
5 29 61
89 84 53
91 3 3
27 60 18
81 88 19
63 7 65
75 74 25
94 35 68
27 22 67
11 61 3
5 29 12
34 72 81
92 39 40
91 37 16
46 48 6
33 57 14
28 35 53
87 50 63
61 91 63
13 51 3
37 10 94
40 95 50
Size
3 8 2
1 4 5
4 10 9
2 1 9
10 8 6
8 10 3
5 10 3
7 6 10
5 3 6
2 5 8
3 5 8
10 5 9
1 6 7
5 2 10
4 1 2
2 10 4
1 1 1
6 5 6
8 10 5
1 4 9
2 3 4
7 4 8
6 7 10
4 1 7
2 3 7
1 5 6
5 8 3
10 8 8
3 1 3
6 6 6
7 7 8
10 5 8
7 10 10
3 5 8
1 4 3
9 5 1
5 2 2
4 3 1
7 1 2
7 2 6
5 5 7
9 6 8
10 4 1
10 5 4
3 6 5
7 6 10
6 2 8
9 9 5
2 2 8
3 5 9
3 8 5
7 6 7
10 3 3
9 1 3
4 7 4
3 8 9
1 1 3
3 3 10
9 4 7
5 2 2
5 9 1
8 2 8
3 4 5
6 9 7
2 7 8
3 3 1
10 10 3
10 4 4
7 10 3
3 6 9
8 2 8
7 2 10
4 8 3
8 2 5
8 1 6
1 6 8
10 9 2
10 9 2
4 5 1
1 9 7
1 3 6
9 2 1
6 8 10
1 8 8
4 10 8
5 2 6
1 4 3
3 2 6
9 1 2
10 5 3
1 3 6
10 5 4
3 9 1
4 1 2
5 10 6
5 2 8
6 10 7
3 4 2
7 3 9
6 9 8
NoWait times: 1
0
