n 100
m 5
cap 10
Processing
20 36 56 5 22
38 87 26 48 47
41 66 23 60 90
25 25 33 80 44
12 89 53 88 77
25 6 43 31 33
35 42 1 3 56
8 68 57 86 37
38 4 42 81 31
70 61 90 3 71
20 84 46 67 14
22 62 63 41 33
12 26 15 6 72
71 75 38 99 74
61 84 90 86 45
26 12 8 64 80
66 87 29 4 16
81 47 45 88 58
100 98 80 88 71
74 40 81 74 51
37 29 22 31 93
80 2 11 87 21
80 39 24 95 55
97 99 55 60 53
40 30 44 45 83
100 7 56 81 91
16 74 74 77 97
99 51 43 16 14
37 31 4 55 99
27 73 83 30 46
84 62 38 3 35
57 17 100 16 47
4 35 33 38 33
46 100 57 93 74
69 37 28 93 4
4 21 87 21 10
24 78 42 46 23
68 59 65 46 75
100 26 21 53 53
15 84 96 54 46
96 71 56 50 6
79 26 74 25 38
3 40 78 90 93
12 5 82 12 2
36 4 57 36 46
12 2 79 40 29
56 48 60 90 47
34 73 46 58 23
76 40 97 35 46
64 64 96 80 10
86 71 95 97 82
13 15 5 43 15
87 50 19 44 32
29 68 60 9 1
81 75 38 92 46
57 93 40 47 42
24 59 37 54 85
99 43 17 73 89
13 19 98 47 54
80 39 33 85 40
8 82 33 96 52
10 40 69 43 31
98 65 17 98 7
56 14 56 36 78
22 11 99 67 13
46 17 87 6 70
97 5 71 30 79
15 8 7 22 82
16 90 42 50 63
22 34 52 3 19
76 50 73 6 43
33 72 25 64 44
50 12 63 8 22
69 39 71 12 99
79 55 72 45 17
95 99 47 86 4
74 59 40 62 76
91 7 11 94 29
45 57 58 72 93
74 28 56 16 66
75 61 52 98 77
48 75 83 4 85
31 33 14 13 13
73 20 74 28 87
13 74 28 12 18
7 90 99 5 10
47 88 99 70 30
78 78 34 60 63
94 12 99 72 57
82 18 29 95 38
49 38 28 68 11
37 54 97 98 43
57 47 79 17 54
2 27 40 69 57
29 25 5 80 30
84 17 61 89 39
71 54 31 17 50
15 87 63 61 17
15 3 42 49 76
68 16 20 44 88
Size
4 1 10 7 6
10 8 4 7 6
5 1 10 9 6
7 9 8 6 7
5 8 4 4 7
9 7 10 10 8
2 3 5 1 9
9 4 2 1 7
8 2 9 6 2
2 9 3 1 4
4 1 6 6 3
7 10 1 10 3
4 6 5 5 5
5 7 1 6 4
9 8 7 2 5
4 7 1 5 8
8 3 4 3 3
10 2 3 9 5
8 10 6 8 4
6 1 4 8 1
8 2 1 4 4
3 6 8 5 6
4 8 2 4 5
4 2 5 10 7
10 5 4 2 3
9 10 1 10 10
3 4 1 10 3
1 9 10 5 9
1 1 8 9 9
7 10 6 3 7
2 4 8 1 9
8 9 1 8 1
6 8 5 3 8
2 2 10 3 7
5 1 5 1 2
10 4 4 9 8
8 7 3 9 1
2 6 3 2 3
7 4 6 3 1
3 6 9 5 5
8 2 8 3 9
3 9 3 7 7
3 4 9 6 3
8 9 8 6 4
6 7 7 8 8
2 4 7 1 3
9 6 9 6 4
8 7 1 7 8
3 10 8 1 3
7 8 1 1 3
8 5 5 3 5
7 8 5 1 2
6 4 9 3 2
8 8 6 6 6
5 6 9 8 9
4 10 3 6 5
8 4 7 1 2
3 3 9 5 6
5 1 6 8 3
5 8 5 9 9
8 8 1 3 7
7 7 3 10 8
8 1 3 8 1
4 7 9 1 10
3 4 6 7 5
1 4 6 5 6
6 5 1 9 3
7 1 8 4 9
9 9 1 2 8
4 7 10 8 9
9 3 7 5 7
3 7 7 10 6
5 9 6 6 9
9 6 6 4 1
7 4 8 7 1
1 1 1 1 6
10 5 9 4 6
7 10 4 7 2
8 10 10 3 7
1 10 2 1 9
2 10 8 6 5
7 6 2 1 6
2 10 9 10 6
5 5 9 10 6
2 9 7 10 2
1 7 4 6 9
1 3 6 4 4
7 10 7 7 3
1 5 2 2 3
1 6 7 8 8
5 8 8 1 10
8 6 6 8 6
5 4 4 5 8
4 5 3 8 6
5 9 6 5 8
5 4 3 6 1
2 9 5 9 5
3 4 5 7 9
5 7 3 7 8
1 6 10 1 7
NoWait times: 2
0 2
