n 100
m 5
cap 10
Processing
6 70 46 24 16
50 59 75 69 20
18 18 23 46 59
88 97 100 99 63
59 87 90 26 53
94 12 78 6 31
33 74 78 16 33
14 15 86 54 9
30 57 63 63 47
62 18 92 17 55
31 71 53 24 13
68 9 91 17 19
17 73 33 20 4
86 31 16 38 2
39 28 21 47 73
73 45 52 60 38
100 65 12 40 39
65 30 7 21 6
86 25 1 91 13
46 44 68 96 38
18 62 75 37 56
18 86 80 85 100
64 63 89 37 6
56 96 68 49 57
23 21 41 74 97
92 63 13 57 49
44 22 94 22 9
78 11 86 91 54
64 12 82 29 31
15 75 78 69 86
9 50 30 34 6
35 17 49 23 98
16 29 57 28 19
81 27 94 15 43
28 95 54 48 40
28 1 20 41 25
55 12 29 84 3
100 28 89 5 76
75 22 70 82 7
28 30 96 71 16
94 27 73 42 80
14 58 37 58 63
17 45 11 92 100
31 18 44 53 95
70 19 87 94 17
6 3 66 57 92
47 44 28 11 100
33 80 4 91 68
82 54 89 23 49
97 24 90 1 45
20 32 58 56 71
36 83 85 47 14
62 94 59 39 81
73 92 75 35 38
21 57 13 50 75
6 23 67 54 21
87 28 16 83 54
77 70 27 82 50
83 74 48 71 5
81 26 19 97 75
86 48 76 65 53
56 25 38 19 2
92 19 53 75 49
74 5 58 84 30
53 55 98 4 17
64 53 72 69 98
93 34 94 70 35
100 70 100 20 3
31 98 18 42 56
7 70 37 50 26
55 37 11 4 68
60 26 55 74 1
84 3 12 68 88
94 59 15 66 90
47 66 51 80 29
71 52 30 29 31
49 63 65 39 40
35 41 21 64 49
11 22 12 90 53
56 68 43 55 86
34 90 49 85 79
32 15 26 54 65
83 37 52 26 16
47 41 52 90 75
75 46 98 14 33
48 17 60 75 1
22 96 15 71 45
57 100 17 90 4
82 70 15 79 92
54 31 36 31 74
65 21 33 44 16
30 14 27 66 93
76 81 43 8 14
91 45 90 72 32
82 2 34 2 11
42 89 10 56 21
93 76 46 56 61
64 47 54 18 57
89 33 89 51 14
89 93 87 37 9
Size
6 7 10 1 7
9 4 8 1 5
6 10 6 7 8
7 9 1 10 3
6 4 8 5 7
10 8 2 3 2
4 10 1 2 3
2 9 10 6 1
4 3 7 5 3
6 6 4 1 4
9 2 5 7 7
5 6 8 8 5
3 7 3 9 6
2 4 6 4 4
9 8 9 10 9
5 6 3 1 7
10 10 9 1 8
2 6 5 3 1
3 7 7 5 3
10 1 4 10 9
5 7 9 9 5
7 7 8 7 9
6 6 10 1 1
6 6 1 4 5
3 6 2 10 4
7 6 6 10 6
4 10 3 1 4
3 1 2 9 10
5 4 10 10 3
10 9 10 8 1
9 8 5 2 4
5 3 3 4 5
1 7 1 6 9
6 10 6 7 10
10 4 2 2 5
3 8 1 8 7
3 9 9 7 2
3 5 10 4 9
8 8 9 3 8
2 3 1 1 9
3 3 4 10 6
6 1 6 1 6
9 2 6 10 7
3 9 7 1 8
10 7 9 10 6
6 7 7 9 6
5 4 2 2 2
9 10 3 10 6
5 6 4 3 8
8 1 3 10 7
7 9 1 5 10
4 8 8 2 1
8 2 3 8 1
6 2 8 6 7
10 9 6 7 4
5 8 5 3 5
2 8 8 4 9
8 9 5 1 9
4 4 4 8 7
1 1 6 7 8
8 2 3 2 8
8 9 4 3 10
7 1 2 10 3
8 2 2 9 9
5 1 7 6 8
7 6 8 7 8
1 9 9 8 6
3 1 2 6 9
3 10 5 10 10
9 2 3 4 10
7 10 9 2 1
5 3 3 3 4
1 9 2 4 7
5 2 8 4 10
7 6 7 6 1
4 7 3 2 1
4 7 2 9 10
6 5 7 7 7
3 9 10 9 5
3 3 9 6 5
4 1 8 8 9
3 2 2 8 3
4 3 4 9 4
8 1 3 10 1
5 4 7 9 3
8 3 1 9 7
3 6 8 8 1
2 1 4 10 5
5 7 6 3 1
7 1 10 6 8
4 9 6 8 4
1 7 1 10 4
3 7 5 10 5
8 8 9 5 1
5 5 4 5 2
9 2 5 7 10
7 1 6 5 5
8 5 3 5 4
9 7 6 7 9
1 9 8 6 1
NoWait times: 2
1 3
