n 100
m 5
cap 10
Processing
4 19 20 25 49
45 78 9 95 40
16 95 41 87 59
54 27 10 53 34
93 17 62 61 15
98 51 100 58 70
54 75 43 64 15
55 24 68 96 20
25 20 25 5 27
72 61 19 2 4
25 87 12 39 48
81 42 60 40 81
63 92 29 69 2
83 19 41 99 6
73 19 19 61 64
62 70 28 63 51
64 22 52 72 44
96 29 84 56 95
22 29 5 86 53
66 93 12 61 94
33 13 65 69 48
82 86 18 14 46
98 51 99 40 57
43 19 46 87 18
50 59 8 36 1
17 32 5 4 16
85 45 48 98 19
79 96 60 46 25
97 33 13 91 7
88 86 83 98 75
9 95 98 49 66
13 2 61 26 72
65 35 98 77 16
57 69 22 10 50
99 93 86 79 86
81 84 8 75 9
24 13 93 34 44
81 11 14 35 55
62 49 46 80 57
98 65 86 55 25
58 80 35 71 21
78 65 15 93 86
84 7 9 63 71
16 86 3 57 11
22 56 98 90 12
90 76 45 26 46
12 64 27 20 77
85 23 96 16 15
89 43 85 27 84
23 84 50 25 4
50 41 90 49 16
75 71 87 27 8
11 39 26 79 81
1 9 97 39 92
18 80 77 1 24
96 80 74 23 54
94 87 84 81 64
37 76 97 49 43
11 32 53 38 10
15 81 38 83 75
10 26 82 76 91
42 87 56 66 2
28 92 33 69 59
100 15 13 22 19
8 49 57 24 4
10 23 75 59 86
84 61 4 80 16
69 38 73 93 95
86 56 87 93 48
50 53 39 30 49
77 23 75 95 99
55 87 51 23 87
40 64 20 31 87
17 62 17 18 86
5 93 27 20 99
21 54 84 20 22
66 22 88 34 87
78 83 66 3 18
69 95 27 86 14
40 51 41 59 37
9 72 64 32 5
49 91 27 86 50
11 6 49 60 4
37 77 31 48 96
80 55 79 97 58
22 63 89 12 16
97 69 17 2 48
31 39 48 50 70
36 24 93 57 65
91 34 21 70 25
87 91 59 56 86
64 40 89 11 27
17 51 5 69 61
1 58 36 75 14
22 26 32 4 92
37 84 39 55 7
6 22 27 65 29
6 61 35 47 28
41 71 71 46 73
51 90 1 46 83
Size
8 1 5 2 6
2 8 3 5 9
7 7 4 1 9
7 2 4 9 3
5 3 5 6 7
10 7 3 2 6
10 3 8 2 7
6 1 6 8 3
4 8 5 1 4
2 3 10 5 4
2 6 3 3 8
7 4 7 1 7
9 7 6 9 5
3 5 10 5 10
10 8 7 4 8
10 8 9 9 6
6 6 7 5 1
3 6 4 9 6
7 9 1 1 10
7 2 6 5 2
3 10 5 8 7
1 10 9 10 10
1 8 2 8 2
1 8 4 9 2
3 6 1 2 3
3 3 10 5 10
4 6 7 5 3
7 4 8 7 4
5 8 7 1 8
7 5 6 1 3
1 5 7 4 2
8 10 10 2 10
7 1 9 4 6
5 2 5 3 4
8 9 1 1 1
5 6 7 1 4
3 3 8 1 5
1 4 2 7 6
2 6 10 10 7
4 6 9 10 4
8 9 2 3 8
7 10 8 2 7
1 5 6 2 3
6 5 2 3 3
5 7 5 8 5
1 9 2 5 7
4 7 3 6 5
4 2 1 6 10
9 3 6 9 3
2 7 5 4 3
4 4 5 5 7
10 7 4 9 4
2 9 4 10 1
10 8 2 4 8
2 3 5 1 9
1 3 5 1 2
4 1 1 7 9
5 7 3 9 9
4 2 5 3 6
1 5 8 1 3
2 1 9 5 9
6 3 8 9 10
8 10 1 4 4
9 8 2 9 9
10 7 8 6 6
4 2 1 9 5
3 10 7 8 8
5 7 2 7 3
4 6 1 6 3
7 6 7 9 3
6 10 6 6 6
4 7 8 2 3
2 10 5 2 10
8 9 2 6 3
8 8 9 2 3
1 9 9 6 3
2 7 5 3 1
9 7 5 9 6
9 9 2 7 9
2 5 1 1 9
4 9 9 8 2
1 1 6 3 6
2 3 3 2 7
2 6 2 5 7
8 10 9 6 3
3 5 8 8 6
5 9 6 4 7
5 10 3 3 10
10 9 5 8 3
3 1 9 9 9
3 8 1 2 6
9 5 6 4 7
9 7 3 10 5
2 2 7 8 1
10 3 10 8 7
6 8 4 10 7
5 1 10 10 10
9 1 1 9 6
1 10 9 2 1
3 6 4 4 9
NoWait times: 2
0 1
