n 100
m 5
cap 10
Processing
91 22 93 22 31
90 92 72 99 86
69 23 91 78 2
72 95 5 60 58
57 16 91 53 18
52 11 44 40 27
80 59 7 70 75
48 18 100 80 32
34 74 57 24 83
6 12 46 58 42
4 91 6 95 40
80 12 12 22 7
42 63 76 20 1
77 29 52 55 31
8 89 78 52 10
98 92 51 63 44
45 23 5 77 85
17 52 8 63 84
97 98 5 69 48
28 65 22 1 26
90 98 87 21 3
97 86 31 16 39
82 20 62 14 51
56 1 26 25 53
18 46 42 8 77
38 48 99 7 66
25 50 47 100 89
3 34 43 17 32
39 95 88 83 76
95 12 25 50 65
13 91 86 69 44
81 66 2 29 33
82 64 77 76 83
84 39 2 46 76
76 84 90 11 76
69 43 66 60 7
67 82 93 68 17
38 32 49 53 20
91 83 73 78 31
33 54 18 35 34
75 27 4 42 94
66 35 39 60 75
65 75 72 64 96
27 20 99 9 71
87 68 42 7 1
51 100 64 10 84
32 2 50 23 17
71 85 73 54 84
9 18 34 98 59
80 63 42 55 77
80 77 96 66 99
38 6 46 28 82
96 19 40 73 100
79 92 37 5 61
96 22 64 66 3
30 81 36 10 60
31 60 4 27 6
24 36 4 46 58
36 60 17 30 63
22 15 72 34 50
59 68 6 6 15
22 97 39 26 32
29 11 86 10 71
40 43 90 48 67
37 76 67 81 22
94 19 31 51 96
66 90 90 100 37
83 43 23 10 65
82 86 2 88 71
39 76 88 77 94
95 73 85 86 75
33 16 74 84 39
78 96 24 40 74
29 50 68 56 36
4 82 68 92 57
66 32 71 21 46
4 41 3 41 14
25 40 65 85 75
83 85 21 36 61
62 38 86 79 34
46 17 48 71 7
21 10 46 44 62
85 25 90 4 6
47 63 33 32 9
51 93 41 15 8
79 3 34 38 13
43 31 91 4 7
55 22 22 15 47
42 56 63 22 88
4 79 96 11 79
47 38 15 31 34
97 96 49 27 45
68 21 20 83 56
52 54 87 97 81
43 54 87 8 90
40 12 60 77 59
22 8 84 60 93
28 17 16 100 38
23 55 37 94 6
9 86 46 31 6
Size
8 7 5 6 4
10 9 7 3 5
4 10 7 4 5
8 1 4 5 3
9 8 3 8 5
6 10 9 4 2
2 4 4 8 8
3 2 9 7 9
7 5 1 9 4
2 2 1 6 1
9 7 2 6 9
9 9 7 6 2
4 5 3 7 4
4 5 4 8 2
10 4 4 5 7
2 6 8 10 10
1 2 5 10 3
8 9 5 6 5
10 10 9 6 4
7 8 4 3 3
10 7 1 8 2
10 9 8 4 5
4 9 2 1 2
3 3 4 7 9
6 5 3 1 10
3 2 4 10 1
6 7 2 4 6
2 3 5 10 9
4 6 4 10 5
1 2 2 10 6
10 6 6 9 7
5 10 4 5 4
10 4 8 9 5
6 1 7 8 7
2 3 8 2 4
10 1 10 2 7
2 3 3 7 5
3 8 3 8 10
5 7 4 5 7
7 10 2 2 3
6 7 3 9 3
5 7 4 6 9
9 9 10 2 7
2 8 4 2 1
2 10 7 5 2
4 3 2 5 8
9 3 2 4 4
8 6 1 2 5
9 8 10 5 10
2 3 3 1 6
7 9 6 2 7
4 10 10 2 9
2 5 1 3 10
4 2 10 7 5
1 8 10 5 4
1 7 5 9 4
6 10 10 2 10
5 6 7 1 5
3 10 8 10 6
2 7 3 1 2
7 4 5 10 2
10 3 4 1 3
4 2 2 5 2
5 4 10 5 6
5 4 10 5 8
3 2 6 5 4
8 8 10 7 3
6 7 6 5 10
10 9 9 4 9
6 10 4 4 4
7 7 1 3 1
8 1 10 2 9
2 1 1 3 1
10 3 6 3 9
4 3 10 8 2
2 7 5 3 7
8 5 3 5 4
6 4 8 9 7
9 7 9 9 1
6 8 8 8 2
5 4 1 5 6
10 9 2 2 1
3 7 1 1 8
7 8 7 1 1
5 9 6 2 4
5 2 10 6 2
7 4 6 5 2
1 1 1 1 3
3 9 5 2 9
6 8 8 9 9
10 1 3 3 5
4 8 5 10 8
1 6 2 7 9
2 8 9 9 9
1 3 9 4 3
8 10 3 10 5
3 1 7 3 1
5 1 2 10 4
2 10 3 5 6
7 2 7 9 6
NoWait times: 2
0 2
