n 100
m 5
cap 10
Processing
45 49 91 66 23
89 60 57 25 81
19 61 21 72 40
25 61 77 90 48
61 96 8 15 40
62 32 73 26 15
65 30 59 67 1
50 77 7 56 21
16 9 13 12 32
61 76 72 85 70
14 90 50 20 6
26 82 66 61 89
7 44 9 66 1
18 83 16 99 53
83 26 45 42 72
27 29 14 75 21
6 32 7 45 39
44 94 29 72 34
81 36 36 3 5
7 42 69 12 92
92 41 91 30 11
18 99 76 56 76
91 11 42 33 57
18 33 31 79 43
55 20 85 66 48
83 61 77 79 46
11 86 5 72 50
32 83 22 53 70
63 93 1 51 50
12 28 19 34 79
14 15 79 1 54
56 66 33 97 9
68 79 89 49 83
61 91 82 26 80
81 38 21 79 23
99 56 78 70 54
45 83 86 76 96
44 18 80 39 98
21 44 41 41 17
85 71 38 92 95
34 73 78 61 81
78 16 95 79 98
46 40 65 9 81
84 49 47 48 89
8 27 68 73 86
83 68 72 87 31
64 53 5 30 52
69 49 9 30 67
22 54 27 66 83
67 80 80 35 2
59 50 4 60 93
74 24 51 92 16
9 1 91 28 37
50 25 88 39 37
90 96 6 14 11
2 6 40 45 27
93 58 3 99 92
74 21 11 69 52
20 57 22 71 40
24 100 77 41 37
92 100 17 41 67
37 85 26 69 8
43 57 22 10 10
62 100 17 30 84
82 45 64 38 97
7 13 4 25 83
97 9 52 26 18
8 14 75 82 44
44 82 20 90 76
85 93 19 99 91
74 12 52 62 4
17 18 18 42 78
29 61 1 5 97
47 25 43 61 17
69 60 35 89 95
6 82 59 64 1
7 84 72 59 90
100 18 32 42 69
18 95 41 24 79
24 59 25 45 54
75 65 11 93 67
1 98 54 96 51
9 29 89 21 3
37 26 78 76 70
55 25 85 58 52
63 64 77 32 94
3 91 34 7 41
93 47 82 56 15
67 41 47 54 9
14 23 4 84 38
22 61 42 60 47
89 8 8 70 90
68 21 58 40 81
2 20 42 55 99
98 78 80 95 73
21 36 3 30 50
43 75 68 29 32
77 72 56 67 74
26 59 72 78 17
31 16 55 4 3
Size
3 10 4 1 5
2 2 10 8 7
2 7 9 6 10
6 2 10 8 7
7 8 1 2 2
10 9 6 3 6
7 9 7 1 8
7 1 7 10 4
5 3 2 3 6
7 5 8 4 6
8 7 7 6 3
7 1 5 2 6
7 9 9 8 9
5 5 2 9 7
1 9 4 10 9
7 4 10 3 10
5 7 9 9 1
2 7 1 3 6
9 8 9 4 2
4 10 1 1 8
1 3 10 1 5
5 10 8 7 10
6 3 2 2 9
9 2 10 7 9
8 5 6 3 2
10 4 5 1 3
2 8 7 1 5
4 3 3 3 10
6 7 10 8 9
6 4 8 5 2
5 5 10 5 7
8 9 3 2 4
6 5 2 3 7
2 7 2 7 2
4 4 9 3 3
2 5 7 8 8
2 6 2 7 2
9 5 6 1 5
8 4 10 7 6
2 1 2 1 1
5 8 2 6 10
8 5 8 10 5
2 5 4 5 6
5 7 2 1 3
8 4 6 9 5
4 9 5 3 10
2 4 8 8 4
5 1 5 5 8
3 10 3 7 7
10 5 9 10 3
10 6 1 4 4
3 2 8 4 10
7 4 2 5 1
7 10 6 2 3
8 5 6 4 5
9 6 2 4 4
6 8 3 6 3
7 1 8 5 8
9 7 5 1 2
6 7 4 8 7
7 8 4 7 2
9 6 5 6 1
1 8 5 1 4
10 6 1 1 6
4 7 3 1 6
6 6 6 1 6
1 9 5 7 9
9 4 6 10 5
1 7 1 5 9
7 4 7 3 7
9 7 4 2 7
7 3 10 8 4
7 2 7 8 7
10 3 2 1 3
4 6 4 9 8
1 2 1 3 9
7 7 2 8 6
4 10 4 3 7
8 1 9 5 2
5 7 4 10 7
9 10 6 3 1
4 10 10 6 1
5 3 6 7 8
4 5 4 1 3
1 7 7 10 8
9 8 2 5 10
10 9 8 9 3
10 8 4 8 3
6 2 6 9 7
9 7 7 2 2
6 10 3 3 6
8 9 1 7 3
3 10 8 6 1
2 2 4 9 8
3 7 7 1 9
4 9 3 2 2
1 5 9 10 8
5 5 4 5 3
9 10 3 10 3
8 2 7 9 1
NoWait times: 2
2 3
