n 100
m 5
cap 10
Processing
21 20 72 78 90
45 14 46 72 71
98 23 27 16 52
48 92 2 14 19
65 99 44 81 39
94 97 75 98 18
36 12 23 9 2
69 73 25 27 84
61 9 94 28 85
100 2 51 72 21
34 70 13 57 73
72 48 82 4 26
60 90 97 92 63
32 100 66 27 8
59 58 34 61 24
10 34 89 73 78
91 83 61 32 48
63 46 45 72 16
18 74 59 38 53
34 40 82 68 48
49 39 45 3 35
16 22 6 13 12
57 86 51 62 92
50 64 8 82 99
26 29 2 100 71
9 5 2 18 63
57 81 64 91 79
70 10 38 89 28
14 92 24 70 80
54 94 90 75 11
57 100 62 46 79
100 3 78 87 36
9 21 27 12 22
8 90 59 29 5
26 49 30 11 24
35 8 69 17 17
72 4 7 36 48
53 45 24 53 86
54 87 54 46 7
52 18 22 33 65
1 100 68 16 4
90 91 15 14 27
42 44 7 33 12
7 66 50 99 30
91 99 74 6 41
36 64 29 12 58
71 39 40 96 61
95 87 4 26 44
90 30 97 80 89
52 96 15 62 32
77 54 89 31 91
81 47 2 1 89
25 82 41 97 25
31 43 95 53 33
99 37 55 39 94
8 7 77 29 7
60 23 29 82 72
47 53 31 16 43
55 79 31 32 34
77 47 65 57 44
87 46 37 77 42
75 14 59 15 85
68 22 91 19 75
79 88 96 60 81
7 42 91 64 3
66 52 35 70 34
22 89 94 32 6
46 90 62 8 72
43 100 54 22 14
99 41 86 97 49
74 90 3 97 26
67 12 25 53 83
70 43 70 50 36
79 10 76 18 31
11 95 68 93 66
86 50 35 25 72
72 37 96 2 92
21 7 9 25 56
16 62 18 29 7
78 90 39 13 73
15 66 47 22 6
93 64 20 32 62
41 69 25 35 40
80 14 84 38 13
84 39 92 40 41
70 8 82 91 77
25 5 62 1 71
6 88 46 8 6
32 28 51 56 63
10 2 6 15 3
59 25 39 72 82
53 30 13 94 3
43 81 15 42 56
69 48 44 69 1
41 84 71 87 56
80 99 16 8 74
76 78 28 97 5
61 97 98 16 21
94 43 69 94 99
52 10 10 63 22
Size
7 9 6 2 1
10 7 7 9 3
4 6 10 10 7
9 5 5 6 6
9 4 5 7 8
1 3 5 3 2
9 4 2 1 10
8 10 8 3 1
3 4 2 4 10
6 3 1 4 6
1 7 5 7 2
10 9 6 5 2
8 7 4 9 1
9 3 4 9 8
9 1 6 10 3
3 9 9 3 10
9 2 4 5 8
4 10 5 5 8
3 1 4 2 7
8 3 8 4 9
9 10 2 3 8
8 4 2 7 8
3 4 5 6 2
1 6 10 3 7
5 2 1 9 10
6 7 4 3 6
2 10 6 3 4
2 9 8 9 5
6 7 6 8 3
4 2 4 2 9
7 1 10 1 1
7 8 4 9 4
8 3 4 9 6
6 10 8 6 7
9 8 2 8 7
5 5 6 3 2
7 8 1 7 1
1 5 6 4 10
5 6 10 9 4
6 7 6 4 9
9 10 9 6 2
7 4 7 1 2
7 4 4 2 9
7 3 7 9 4
10 4 4 9 2
8 8 9 4 10
2 2 4 5 1
10 5 1 1 5
7 2 4 6 4
8 9 1 1 10
3 7 10 5 2
6 5 1 8 10
1 5 5 2 7
2 5 7 5 5
7 4 9 2 4
10 10 9 6 10
6 4 3 4 6
10 8 4 3 3
6 7 2 4 6
1 1 2 8 9
9 10 6 1 7
4 6 8 1 3
8 6 7 7 2
10 4 3 10 10
7 10 6 9 10
10 2 2 9 7
4 3 9 2 7
3 1 8 4 4
2 7 10 7 7
5 3 1 3 9
3 2 2 2 3
3 2 1 4 4
4 2 9 2 8
9 1 1 6 2
6 10 2 7 10
9 7 9 6 9
6 2 7 9 8
3 1 2 3 2
3 7 8 7 10
1 4 2 9 9
8 2 10 8 4
10 9 10 3 10
3 8 5 7 4
10 6 7 8 1
10 5 3 4 5
5 9 9 4 5
1 6 6 7 6
5 9 9 3 2
5 8 1 10 2
5 8 7 8 9
7 1 10 7 1
8 9 10 1 3
5 3 3 6 1
9 1 6 5 2
4 3 1 4 5
3 10 1 9 10
1 3 2 10 1
9 5 4 8 7
1 8 9 2 1
6 2 7 3 1
NoWait times: 2
0 3
