n 100
m 5
cap 10
Processing
56 56 71 50 81
42 100 97 28 90
85 84 45 17 93
84 80 63 1 57
71 10 20 13 85
63 70 13 78 40
40 94 71 8 88
50 16 32 88 59
55 5 16 77 86
75 74 42 19 54
71 49 44 94 64
82 95 26 39 33
88 2 12 53 54
38 71 83 94 78
20 18 3 81 25
93 3 12 34 73
34 40 85 8 46
14 61 66 69 27
65 95 21 98 46
49 48 15 30 83
32 65 63 46 50
62 53 17 16 4
82 1 70 31 95
91 65 16 46 81
80 22 85 68 62
26 54 22 98 3
5 39 88 11 96
54 57 35 37 41
39 69 85 94 84
43 11 31 92 20
100 63 11 31 31
6 33 71 44 80
8 80 42 54 37
74 23 76 83 3
88 85 43 85 97
90 38 72 72 89
10 1 36 16 41
23 96 72 6 81
75 36 22 75 29
30 46 62 38 14
64 29 34 60 29
22 60 1 40 6
50 51 59 23 15
100 36 75 47 40
70 51 90 39 10
73 42 33 79 61
34 59 3 95 39
78 77 98 31 9
8 65 17 7 35
8 44 79 63 52
46 76 56 82 32
24 92 65 48 37
46 41 73 87 20
7 11 84 38 24
97 16 47 64 43
11 93 62 67 37
31 19 46 71 68
94 73 5 46 89
78 74 5 96 69
35 27 97 63 69
2 18 44 87 57
32 19 93 10 82
86 51 79 78 49
40 12 4 27 92
35 42 57 70 2
26 40 90 79 64
43 43 86 61 47
72 82 52 51 83
100 97 83 66 92
58 88 85 26 58
90 91 19 57 34
88 26 11 80 55
38 2 88 74 82
82 34 47 100 89
57 42 58 26 67
44 10 29 98 76
86 80 93 67 14
2 36 36 12 73
28 17 91 38 1
14 55 84 25 88
56 56 74 56 96
77 57 34 38 61
53 22 58 17 76
60 2 34 37 30
40 35 38 76 71
64 44 4 69 27
30 1 33 19 30
20 47 59 41 97
20 66 70 93 39
18 12 74 49 60
80 19 21 84 29
20 74 17 95 4
44 57 85 46 10
18 71 55 49 14
79 24 67 3 80
91 57 31 34 15
12 74 72 58 58
67 97 92 43 40
2 61 65 30 51
51 17 99 2 67
Size
7 9 3 9 3
8 1 8 1 10
6 4 2 8 5
6 3 7 6 9
1 9 6 7 3
3 8 5 4 10
5 2 8 5 9
4 5 3 3 9
4 9 3 1 10
10 8 6 4 1
4 10 10 4 2
9 7 1 3 10
1 10 7 9 5
3 7 6 3 4
1 6 4 1 9
1 8 7 9 4
7 2 8 7 10
1 8 5 10 10
1 7 5 7 8
3 6 4 10 9
1 2 10 4 6
3 7 1 1 3
4 4 10 7 3
9 9 10 4 6
3 8 3 1 1
7 1 1 9 7
4 3 6 7 5
4 5 1 9 10
5 4 1 2 8
1 4 4 5 9
1 5 10 2 1
9 8 6 3 1
8 1 5 4 7
1 4 10 5 5
5 8 10 7 9
9 8 3 9 6
9 4 7 6 10
1 1 7 2 10
6 3 6 3 3
2 1 9 9 4
8 5 6 3 4
5 1 7 4 1
7 5 4 9 3
10 10 10 6 1
4 5 9 3 9
1 9 6 1 4
4 4 6 7 4
10 6 5 5 4
3 3 4 8 1
5 8 2 8 7
10 6 5 6 6
3 8 4 8 7
4 3 2 6 10
3 9 9 10 6
7 4 4 8 1
1 1 3 3 7
4 1 6 8 7
1 5 1 2 10
2 1 8 1 5
1 3 9 4 2
3 4 2 10 6
4 4 3 5 3
1 8 1 3 1
9 10 9 10 3
9 1 7 7 4
10 5 6 9 5
5 3 5 5 2
8 1 2 7 4
7 1 1 2 9
6 8 2 4 9
1 8 5 8 3
8 7 7 5 7
9 1 6 3 9
5 1 5 5 3
2 5 9 4 5
3 4 7 8 2
10 4 6 10 1
5 4 7 8 4
3 5 5 3 6
3 4 8 6 8
7 5 7 2 9
3 3 8 4 4
1 3 7 8 10
4 8 4 6 9
9 1 6 9 4
10 1 9 4 4
1 1 5 9 8
6 10 1 9 7
2 4 7 10 9
7 7 3 4 8
4 1 5 6 6
8 5 4 7 10
9 8 3 6 3
6 2 1 7 6
1 7 8 4 4
8 7 3 10 4
5 2 10 2 4
4 1 6 6 4
3 2 4 4 6
2 9 7 3 2
NoWait times: 2
0 1
