n 100
m 5
cap 10
Processing
43 33 40 31 33
91 50 42 47 78
44 1 81 57 38
59 84 22 25 74
14 51 94 12 48
90 99 10 79 65
81 96 45 20 57
69 54 61 34 85
40 76 63 95 65
71 97 20 80 41
59 82 53 98 94
43 46 72 18 70
6 9 29 93 28
14 44 17 85 68
41 87 64 26 45
100 29 96 96 45
71 51 29 83 67
93 83 29 6 94
11 71 93 78 57
28 70 32 42 57
17 37 40 58 34
15 95 45 88 30
92 61 72 70 64
27 40 37 1 33
15 31 37 87 96
83 18 7 89 55
5 18 15 41 64
54 43 79 61 64
35 62 45 62 75
38 44 68 63 52
11 56 37 43 81
38 31 34 86 78
64 50 34 87 5
39 50 73 55 89
87 40 38 84 90
73 27 43 36 28
95 76 74 65 100
22 62 2 21 42
32 80 20 6 62
69 40 81 49 61
40 37 95 58 84
41 33 54 59 7
58 21 47 70 9
41 97 7 14 91
85 83 58 73 40
6 90 92 45 87
87 34 33 61 92
41 34 23 88 73
76 47 43 59 81
62 67 20 9 47
61 25 83 25 47
12 81 74 93 48
69 36 27 43 17
83 50 80 37 45
38 88 72 100 95
74 78 20 51 32
24 25 97 49 9
81 100 81 94 23
99 62 68 91 34
10 83 85 87 51
90 64 10 18 68
98 54 68 37 65
61 79 52 50 91
12 92 2 33 92
17 20 76 68 33
45 45 77 88 21
69 53 46 24 89
45 45 39 1 53
18 47 80 94 61
31 45 7 70 3
20 19 6 16 2
46 85 77 20 68
42 52 97 38 19
38 40 98 30 5
88 44 1 76 8
90 17 75 11 61
94 60 87 81 34
1 57 98 42 80
36 90 84 58 54
64 33 97 17 4
90 72 55 24 98
25 59 44 72 19
64 43 37 6 61
70 69 21 9 38
93 14 72 3 98
38 39 77 74 84
9 78 38 35 64
83 8 51 71 64
32 67 92 38 14
16 33 17 75 61
48 2 20 14 58
66 15 7 73 80
73 58 54 100 92
69 80 83 4 78
97 64 19 57 51
39 6 55 15 19
69 45 53 18 79
81 33 38 32 14
6 9 62 54 55
89 62 80 23 4
Size
7 6 7 7 9
5 1 6 6 9
10 10 5 4 5
2 7 7 1 2
8 6 4 2 5
4 10 4 8 1
1 9 1 10 2
5 7 3 9 4
3 3 9 10 2
2 6 5 1 4
3 8 6 5 6
3 3 5 8 5
5 1 4 8 5
3 2 7 4 6
5 10 1 3 3
9 9 7 2 10
9 2 8 10 8
1 10 6 7 3
7 5 9 3 9
9 4 6 9 8
8 2 2 8 9
4 1 3 5 2
6 7 6 4 8
2 9 5 2 6
1 3 2 7 9
9 4 1 10 2
5 3 9 9 3
4 5 3 1 1
2 1 3 3 6
4 3 5 9 4
3 7 8 7 8
6 5 7 5 3
8 3 6 8 7
9 3 1 3 5
3 4 1 1 9
9 2 3 4 1
8 8 2 8 4
9 5 4 2 2
1 4 8 10 4
4 2 9 6 8
1 6 5 4 3
10 4 5 2 6
2 4 7 8 1
7 1 6 10 9
5 3 2 3 3
7 8 2 1 7
8 5 1 2 4
1 2 8 8 8
1 6 2 7 6
2 6 10 7 2
6 4 9 3 10
10 4 8 5 1
6 1 2 5 8
1 8 2 2 3
1 9 3 10 3
9 10 5 10 8
2 6 1 6 8
5 2 4 5 7
6 1 6 5 1
6 6 9 1 4
9 10 10 4 5
4 7 10 2 3
3 5 5 4 10
1 4 2 4 10
8 3 5 1 8
8 1 6 3 8
10 7 7 5 5
6 8 1 2 2
1 6 10 2 7
9 3 9 5 6
9 10 2 10 8
8 4 1 4 7
3 8 4 2 10
8 3 8 2 9
2 6 1 1 10
5 5 2 10 4
8 6 1 7 8
7 7 1 3 10
3 9 9 5 3
10 7 5 8 9
6 5 4 2 8
5 2 6 1 6
3 1 3 5 2
8 2 1 4 9
8 8 2 1 9
4 2 9 5 5
4 9 2 5 9
8 8 8 1 8
5 9 9 5 1
10 9 3 2 6
4 7 6 10 4
2 8 3 8 5
6 8 8 4 8
4 7 4 4 8
8 7 3 5 1
4 6 10 5 10
4 9 9 3 7
8 4 2 10 2
1 5 10 7 10
5 3 5 8 7
NoWait times: 2
0 1
