n 100
m 5
cap 10
Processing
10 46 61 44 98
4 90 53 99 73
26 24 28 36 37
72 3 2 67 26
73 64 64 12 69
6 51 50 16 20
16 67 67 8 27
76 42 69 51 65
79 22 31 74 85
46 22 35 32 74
78 8 63 64 71
86 21 69 56 11
33 90 38 8 9
40 88 85 70 72
84 53 10 27 88
28 14 29 62 56
2 81 30 21 93
64 23 75 3 26
54 81 55 76 25
90 50 10 72 77
78 40 76 95 22
90 61 59 75 64
91 20 36 60 23
63 58 32 40 1
94 37 27 51 42
83 51 47 100 83
33 71 48 43 15
94 93 11 24 9
12 15 78 40 93
34 38 14 18 14
5 40 14 68 55
2 78 88 93 15
14 55 63 16 16
70 95 37 48 69
51 55 82 68 63
31 70 79 33 60
47 97 44 72 42
85 67 34 36 28
29 91 98 1 67
29 54 82 65 76
57 55 43 46 77
79 84 65 89 88
63 84 59 79 59
41 69 99 44 72
74 35 88 72 43
2 19 12 79 54
11 75 41 59 45
74 16 14 13 84
72 73 68 35 35
41 79 32 4 61
66 29 94 18 56
11 96 65 41 60
47 70 96 45 13
40 12 71 28 55
90 62 52 23 11
84 25 51 61 26
97 45 46 31 38
38 52 97 51 33
2 90 5 25 22
38 11 36 5 84
16 1 64 79 32
25 47 3 11 48
72 72 18 53 40
11 46 100 15 64
47 1 95 36 55
14 70 64 37 73
30 15 89 99 70
36 5 72 63 41
87 17 10 20 2
54 16 75 2 50
73 79 14 95 41
8 16 52 15 47
40 82 1 52 68
12 1 74 33 55
57 81 13 55 66
88 88 94 54 20
87 51 85 64 79
48 80 78 82 16
49 40 62 65 52
55 54 13 94 71
95 33 55 94 41
46 90 82 40 15
20 91 59 58 19
99 46 96 32 34
2 17 50 26 68
73 48 55 64 29
8 28 96 86 73
29 88 23 16 96
73 9 48 80 96
49 38 17 86 89
70 81 11 99 68
25 37 46 66 66
8 19 68 67 37
41 77 9 30 4
89 61 64 25 49
14 36 79 87 43
96 12 76 40 76
19 20 21 97 57
17 77 37 18 42
17 74 47 88 67
Size
7 10 5 6 9
6 5 5 10 3
3 7 8 2 2
10 6 7 2 6
9 6 8 8 3
6 5 3 5 5
8 7 4 4 5
5 5 9 4 9
8 5 1 10 3
8 8 5 4 1
5 4 4 5 3
5 1 4 7 6
5 2 5 10 7
1 9 7 9 5
7 5 7 4 5
5 3 5 3 4
3 5 4 10 4
8 4 5 10 7
3 8 9 2 2
4 4 10 9 7
3 4 8 10 2
6 4 2 7 3
8 10 7 1 2
10 7 8 3 8
2 7 3 4 1
3 4 10 9 5
8 1 3 2 10
2 5 4 4 8
2 4 1 7 4
4 3 6 2 3
9 4 9 7 6
9 1 8 10 9
3 7 9 2 10
1 4 7 7 5
3 6 2 5 10
4 2 6 9 3
1 9 4 6 2
5 10 9 4 8
10 1 8 9 6
2 2 4 2 10
9 3 2 1 6
8 5 10 2 6
5 4 9 4 1
6 4 1 8 5
1 8 3 5 10
1 7 5 6 5
3 9 5 8 6
5 4 1 2 7
8 8 3 2 9
1 3 1 10 10
6 4 5 5 6
6 4 10 6 8
4 1 5 9 8
5 2 5 1 5
7 1 3 8 4
1 7 2 5 10
7 10 8 5 4
3 10 1 2 4
8 8 2 4 7
7 1 9 1 7
2 10 10 7 2
4 9 3 8 8
9 8 3 10 4
1 5 8 7 3
8 6 6 9 2
4 5 5 5 10
9 3 8 4 9
9 7 8 8 2
8 9 2 7 5
2 2 1 7 5
6 7 3 6 3
2 9 7 6 2
3 3 5 2 2
5 8 10 1 8
6 3 6 4 5
6 5 4 1 9
1 3 6 6 8
9 4 10 9 6
6 3 9 10 6
4 10 4 9 10
6 1 7 6 4
9 9 4 6 1
1 10 5 4 5
2 1 3 4 5
2 1 6 2 2
6 8 7 1 5
5 4 8 6 5
9 7 8 3 1
2 7 4 1 9
1 5 1 9 8
4 8 2 3 9
3 6 7 5 8
2 6 4 4 4
3 9 8 5 2
4 10 1 9 3
10 4 2 10 10
9 9 8 7 2
10 4 1 9 5
6 10 8 8 9
9 7 9 3 2
NoWait times: 2
2 3
