n 100
m 5
cap 10
Processing
26 81 76 34 25
100 86 80 5 75
35 86 67 13 11
70 27 93 85 37
65 30 14 56 99
87 91 56 73 57
57 90 82 42 88
18 12 76 65 66
10 50 73 34 86
73 98 14 25 49
48 7 39 41 30
22 90 72 14 5
3 93 17 14 78
64 75 70 66 19
69 74 4 72 73
5 74 83 23 36
51 61 89 46 49
2 17 83 69 61
94 76 20 69 48
94 19 43 43 10
4 89 14 24 9
58 100 44 57 42
74 74 33 46 65
52 76 22 73 21
18 29 7 34 46
5 27 4 100 18
7 95 74 88 80
57 73 11 99 16
84 80 36 70 86
92 61 97 9 15
79 89 51 44 35
95 7 40 89 97
12 16 35 16 45
4 20 36 75 26
29 17 28 34 37
69 64 55 29 13
16 45 42 92 85
52 73 71 74 84
6 51 38 42 31
83 71 43 66 37
37 2 82 12 12
64 63 46 92 90
97 78 45 50 38
43 61 37 95 41
21 79 18 31 58
5 63 29 40 19
42 99 7 6 1
2 85 55 99 74
100 95 40 37 37
95 79 47 80 83
72 52 62 56 40
97 16 44 52 72
96 25 84 98 43
63 50 70 43 43
32 26 52 49 61
96 68 59 26 96
86 86 63 46 47
84 55 49 45 19
72 51 32 45 49
28 65 93 98 12
93 83 21 73 23
33 11 77 7 62
49 54 60 81 77
7 68 82 59 15
44 11 64 34 37
48 53 83 13 39
49 37 70 65 94
23 81 82 92 84
10 88 4 21 66
84 90 20 33 44
78 53 61 64 48
37 36 41 92 73
33 7 7 100 15
59 22 72 81 23
26 23 21 64 1
18 65 84 11 2
96 86 52 21 52
42 44 98 44 22
26 85 67 21 69
87 48 54 52 13
39 39 6 9 60
41 94 93 62 46
1 99 46 49 60
60 26 25 17 91
61 51 99 31 92
100 19 18 4 29
59 1 43 8 72
54 34 47 3 12
43 65 69 51 96
45 37 38 80 35
76 66 91 46 77
51 85 83 88 91
48 61 67 3 3
56 85 72 29 78
98 81 44 35 71
40 43 50 33 36
38 16 49 88 61
46 94 69 43 7
34 32 61 14 68
57 24 38 40 48
Size
9 8 1 7 5
4 1 1 3 6
5 4 2 4 4
4 9 9 1 8
1 3 4 7 10
8 6 1 9 2
3 10 10 4 2
10 3 7 6 1
6 5 4 6 5
8 10 4 7 2
7 10 9 4 1
6 9 1 10 5
5 2 6 6 1
1 7 1 3 5
6 2 6 7 6
6 8 2 3 2
4 2 4 9 5
4 10 1 1 9
5 6 5 4 4
7 8 7 1 3
6 8 9 7 2
6 10 4 8 10
10 3 1 6 8
3 3 7 3 1
3 5 2 2 9
9 9 3 10 2
2 6 8 10 1
2 8 4 2 9
8 3 8 10 4
9 9 2 3 7
6 8 4 6 2
8 10 8 8 6
5 7 3 1 3
1 2 3 2 9
9 2 1 1 6
7 4 3 5 7
7 10 5 6 2
8 3 1 4 8
10 2 5 9 5
3 9 2 7 9
8 6 7 8 4
2 2 10 9 1
2 10 4 8 6
7 8 7 5 1
4 7 3 4 2
10 1 10 8 1
4 9 4 1 1
5 5 1 6 2
8 10 8 7 1
8 2 8 5 6
10 9 6 9 3
9 3 4 5 6
7 9 3 10 9
8 9 10 9 8
8 3 4 8 1
10 5 9 1 4
2 3 6 5 3
7 8 7 10 4
7 2 3 9 10
8 3 4 8 4
3 2 6 6 10
5 6 5 3 2
3 7 1 9 7
5 3 9 3 6
7 10 8 9 1
5 5 6 10 6
1 10 8 7 10
1 10 1 8 6
2 9 4 10 2
8 1 8 10 1
1 10 4 9 3
4 8 8 9 10
4 5 5 9 2
6 5 6 1 1
2 10 7 4 7
4 5 4 10 10
2 6 3 5 5
4 6 7 4 6
3 2 8 1 8
3 7 10 2 10
7 7 6 5 4
2 6 6 6 9
5 5 7 6 6
5 6 4 2 10
5 9 7 4 9
4 7 10 8 10
8 3 8 7 9
5 10 9 2 5
10 1 3 2 6
8 9 2 4 1
10 6 3 5 2
6 9 5 3 4
3 5 4 3 8
4 5 4 2 2
10 5 3 6 1
3 9 5 2 10
2 5 10 4 6
8 2 2 7 7
10 2 8 5 7
6 7 8 2 4
NoWait times: 2
0 3
