n 100
m 5
cap 20
Processing
54 75 30 22 19
43 70 64 15 22
1 61 44 26 54
59 13 90 17 18
34 94 93 97 56
10 49 78 57 23
41 37 43 60 19
58 3 82 83 3
92 93 34 39 17
74 21 75 3 46
64 43 46 46 77
43 99 3 43 75
20 3 13 94 71
17 58 30 95 54
49 96 97 51 100
70 5 96 42 16
95 58 12 31 27
94 13 53 78 31
85 68 52 34 90
23 75 78 25 29
88 35 4 57 6
56 55 10 52 32
1 14 93 84 63
75 39 12 64 61
77 85 32 22 61
89 89 62 66 36
59 63 33 41 73
19 59 25 65 59
20 100 7 8 23
32 88 21 78 68
77 95 10 72 31
55 11 41 11 74
70 82 94 38 13
56 1 11 7 38
76 4 23 95 29
89 46 1 56 93
86 48 100 3 98
77 86 37 99 92
47 68 4 42 87
70 50 41 49 100
71 95 75 67 3
58 84 45 64 85
7 37 44 77 58
78 43 22 6 16
43 24 67 19 53
59 55 82 29 81
51 73 87 44 9
3 23 73 74 78
55 5 92 22 30
58 78 89 66 4
91 48 47 79 93
30 73 100 48 41
95 98 84 25 10
29 93 62 35 58
35 2 43 44 39
70 76 25 84 56
75 24 77 93 26
48 73 4 73 34
39 46 17 99 3
37 40 72 96 51
22 28 51 75 94
6 46 69 14 76
80 74 61 85 47
89 92 25 92 49
35 19 54 34 5
78 14 89 91 90
25 75 17 25 75
13 61 71 22 85
58 27 24 38 64
65 60 6 95 24
81 72 5 88 42
85 97 5 64 53
54 56 21 68 71
88 67 40 52 61
44 62 12 69 66
25 28 68 53 79
45 88 36 66 24
89 29 48 90 82
61 25 17 83 49
18 99 45 63 16
91 91 31 4 44
46 69 2 35 43
4 93 28 24 6
86 75 99 51 26
13 75 54 62 93
68 33 30 95 12
14 16 27 17 59
57 79 44 11 59
12 44 73 20 24
64 6 12 40 78
98 44 25 58 31
20 48 6 18 53
55 92 43 83 20
18 84 16 25 24
19 12 43 72 84
40 70 66 77 21
63 3 59 83 1
12 59 28 27 99
35 88 50 33 75
66 70 12 30 98
Size
9 2 4 9 8
8 5 9 7 10
1 10 10 5 2
1 2 1 2 9
9 10 2 9 3
8 10 4 3 1
9 2 1 10 5
7 8 9 3 1
3 6 9 5 8
1 2 10 9 5
4 8 4 4 4
8 8 2 5 7
2 10 4 4 9
4 8 10 8 10
10 9 9 1 4
1 5 8 4 4
2 9 10 9 7
5 3 8 9 6
7 8 1 2 8
3 6 2 3 6
5 6 1 9 3
8 8 9 1 10
9 3 10 2 6
4 9 10 3 4
2 8 8 6 7
7 5 3 5 6
5 9 6 4 6
3 6 1 10 6
8 9 1 1 7
1 7 5 9 10
3 6 2 4 1
4 5 1 8 7
7 5 8 10 4
9 8 4 3 9
8 6 7 4 9
6 9 8 1 10
9 7 6 4 9
5 6 7 10 5
8 4 5 1 3
6 7 8 9 4
8 4 4 4 8
8 1 7 9 6
3 2 9 6 5
4 1 2 9 4
5 2 9 4 4
3 8 4 7 8
6 1 5 1 5
2 9 8 8 5
2 3 1 5 5
10 7 7 4 3
5 8 3 7 8
1 7 1 4 7
6 5 10 8 7
6 10 7 10 3
6 1 6 7 9
2 4 2 4 4
4 1 9 3 4
1 5 1 6 3
1 10 5 9 1
1 6 6 9 5
3 9 3 1 7
3 9 1 5 9
4 5 9 1 10
4 10 1 8 9
6 6 3 6 4
3 6 7 6 8
7 7 2 2 5
9 3 6 10 4
5 8 3 1 6
9 6 7 2 8
3 2 9 5 10
1 10 4 2 4
3 8 6 5 9
6 4 2 7 6
4 6 4 5 5
6 9 3 10 1
8 2 7 7 5
2 7 10 1 3
7 10 8 9 7
5 6 3 9 6
4 8 8 3 5
6 6 1 6 10
2 4 2 2 7
2 5 10 5 6
9 10 1 3 9
4 3 7 1 9
7 10 8 3 9
4 6 10 1 6
8 9 3 1 8
1 9 9 6 3
3 9 4 9 1
7 5 10 3 10
6 4 3 9 2
5 7 9 1 6
6 1 4 1 4
4 9 3 1 8
3 5 6 7 5
6 9 4 6 1
5 7 10 6 10
10 7 3 7 9
NoWait times: 2
0 1
