n 100
m 5
cap 20
Processing
54 81 51 39 3
20 96 58 42 84
47 72 12 37 89
34 2 56 97 45
88 21 70 56 72
31 10 47 39 43
84 6 39 35 38
37 15 95 57 8
59 47 34 97 91
54 48 68 19 1
87 13 25 13 2
50 87 87 51 48
80 4 94 32 61
45 99 12 33 16
22 29 72 6 97
75 71 88 4 83
41 100 43 37 26
10 6 44 98 49
17 34 5 22 75
77 24 63 72 8
56 46 87 97 77
93 20 31 37 49
15 4 82 99 67
57 23 40 51 18
64 20 100 78 89
85 42 76 65 22
51 99 38 78 80
69 78 47 42 81
92 15 39 54 38
29 97 58 43 73
52 94 10 34 16
11 63 41 76 81
6 95 16 2 21
70 77 79 36 59
72 85 30 41 98
37 25 84 47 7
58 59 22 28 56
93 33 34 13 64
12 7 62 78 58
80 99 49 56 46
87 44 1 63 58
75 42 76 68 61
29 11 20 19 84
68 7 51 27 88
32 7 44 31 64
15 98 54 24 39
58 1 77 32 6
14 57 56 29 3
4 28 59 91 83
40 38 39 28 71
82 58 74 37 72
9 35 2 16 14
32 58 70 33 32
39 67 47 23 85
57 96 85 63 41
5 62 64 77 77
24 87 27 32 28
71 83 64 96 57
48 90 29 16 95
6 53 79 98 19
65 13 86 81 9
5 35 76 92 50
77 87 87 86 75
91 97 7 50 71
60 74 74 35 73
86 65 80 70 94
77 14 92 100 38
99 26 73 91 88
74 25 47 35 17
82 3 9 3 14
1 26 70 100 22
32 68 84 52 44
81 3 35 66 6
90 37 39 23 79
25 25 11 35 67
74 52 88 66 35
11 52 32 89 61
6 3 63 54 43
6 60 91 55 41
53 32 60 22 70
65 76 77 67 35
64 4 11 11 73
16 32 89 91 57
77 78 98 88 60
17 34 23 66 73
63 8 44 15 92
43 2 88 57 14
7 36 37 35 76
22 89 74 14 57
67 30 30 4 12
59 54 32 15 22
88 43 73 31 23
97 89 49 33 93
15 46 93 90 6
42 20 90 45 56
100 3 9 16 85
57 40 23 86 51
8 58 47 41 9
89 28 28 70 31
87 66 33 90 90
Size
3 6 6 4 1
2 1 1 10 8
9 7 1 4 7
10 4 8 1 7
6 3 2 8 6
1 6 2 5 8
3 7 9 2 8
10 7 3 1 3
10 1 7 4 7
9 1 2 4 2
2 1 4 8 2
9 5 1 6 7
4 1 10 2 9
4 3 1 3 7
10 1 3 10 6
6 6 8 9 3
5 1 7 1 3
9 10 8 3 8
8 7 3 5 8
4 8 4 6 8
9 1 6 1 7
3 9 6 4 8
10 7 10 3 4
4 6 9 5 6
7 7 6 3 3
6 8 3 8 9
1 9 10 8 4
3 3 6 2 1
7 7 3 4 5
2 8 10 9 4
4 3 7 10 10
6 7 6 1 3
2 3 10 5 5
3 7 10 7 6
1 4 6 10 6
6 6 7 6 6
9 2 1 7 5
7 3 9 3 3
8 1 6 3 7
9 10 10 4 2
1 7 9 9 8
3 3 10 8 10
5 9 1 7 7
10 1 1 4 9
3 2 1 8 9
10 6 1 7 10
8 10 3 8 6
8 2 7 6 6
6 9 9 1 10
8 1 6 1 10
2 4 2 10 10
7 9 5 1 10
1 3 3 1 7
2 1 3 3 1
2 5 2 3 3
7 2 4 2 4
5 6 10 7 1
3 5 1 5 3
1 4 4 10 9
5 10 7 6 5
10 6 8 6 8
10 8 2 3 10
2 2 9 10 2
5 6 2 9 10
3 9 8 5 4
7 8 1 2 3
9 2 10 7 2
7 7 5 2 4
7 7 4 7 8
9 10 8 10 9
2 3 9 10 5
10 5 4 1 2
2 3 8 9 10
9 2 6 2 10
3 10 10 1 2
2 1 10 2 10
2 10 6 2 1
1 1 9 4 5
7 7 3 8 4
9 2 7 10 2
5 6 7 7 9
4 3 1 8 5
8 5 4 2 1
5 10 5 1 10
6 6 4 3 5
1 8 3 1 3
1 1 7 9 6
5 9 6 7 7
2 10 10 4 2
7 10 7 10 1
6 6 10 5 9
2 5 9 2 9
7 4 7 3 1
5 2 1 10 3
7 7 2 8 10
3 4 2 7 9
10 10 6 10 7
9 5 5 6 5
1 2 1 9 10
1 4 3 2 3
NoWait times: 2
1 3
