n 100
m 5
cap 20
Processing
4 52 20 9 21
96 88 64 87 61
56 27 3 90 52
10 54 84 34 16
72 12 13 97 1
59 25 70 11 41
37 92 18 82 75
49 34 82 14 43
77 9 28 6 50
69 67 4 7 27
69 83 58 61 41
28 35 86 12 22
89 78 16 74 46
39 7 47 31 81
38 82 45 31 22
45 1 7 87 22
6 61 76 65 96
56 20 61 45 9
57 38 62 37 80
91 60 75 19 27
58 94 41 60 51
59 5 34 3 98
66 7 88 88 75
35 9 100 49 35
65 84 6 8 43
93 75 21 33 78
86 21 59 65 58
26 65 91 59 25
32 31 80 69 20
91 96 77 88 45
80 29 89 64 46
9 20 97 63 76
29 44 50 93 69
49 35 39 41 8
80 92 38 37 29
28 72 24 34 39
32 6 49 58 97
24 18 48 100 99
93 13 6 95 12
11 68 29 9 66
40 49 91 79 37
1 19 70 92 36
93 91 44 16 34
17 72 96 57 52
41 33 86 35 65
6 1 96 60 34
82 87 15 15 99
62 35 76 3 99
97 1 91 8 1
53 67 8 56 72
80 82 36 19 60
9 91 36 53 6
39 100 24 49 46
26 56 21 7 55
17 25 48 69 51
13 9 100 36 62
76 4 36 22 51
83 80 19 100 42
56 54 26 95 97
6 42 16 42 52
14 37 49 28 18
49 97 49 42 29
33 84 98 16 38
83 17 23 95 30
12 68 59 2 52
84 87 23 70 80
35 9 51 30 11
69 53 23 23 62
52 12 100 96 77
17 69 25 55 45
20 45 75 31 66
9 43 61 92 55
75 88 95 63 25
84 57 25 43 62
21 82 46 2 48
98 7 17 58 32
83 46 75 17 96
9 71 55 83 85
65 6 8 83 8
84 63 100 17 21
50 68 43 74 12
61 23 36 78 85
14 48 62 52 1
51 21 23 19 77
17 83 64 52 11
91 91 19 23 25
70 45 30 19 31
28 76 23 20 34
75 71 86 99 65
3 38 93 1 71
39 33 26 36 42
7 74 14 63 94
34 23 21 52 8
73 54 18 17 10
43 26 80 91 50
22 89 53 51 67
54 26 86 10 41
21 28 47 23 84
67 81 51 83 94
78 73 18 50 87
Size
5 1 6 8 6
3 4 10 9 1
7 4 8 5 10
7 6 2 3 7
5 8 2 3 6
6 9 8 8 8
8 4 9 5 1
5 9 2 10 8
7 4 8 10 9
10 1 4 3 6
9 5 8 5 5
4 9 6 9 6
9 10 10 9 4
9 5 9 5 2
10 5 6 9 6
6 7 5 7 8
1 7 8 7 10
1 6 10 1 8
3 6 9 9 10
6 2 2 10 4
7 3 4 3 2
7 4 5 3 9
3 2 3 3 2
9 7 9 8 2
6 1 10 5 6
6 6 9 6 10
10 10 9 10 7
3 2 5 8 6
6 3 9 8 7
10 6 9 7 4
4 4 6 4 3
4 7 6 5 1
3 2 2 5 6
7 8 9 10 7
4 9 1 5 3
2 8 5 10 5
3 3 7 1 3
8 7 9 4 10
9 3 9 5 3
5 3 10 3 7
3 7 6 1 5
7 9 2 6 4
9 10 1 4 7
4 10 1 10 2
9 3 1 8 8
7 9 3 9 8
9 6 7 7 10
4 9 8 4 1
8 6 9 8 1
10 5 10 8 5
8 3 1 10 6
10 10 2 2 10
6 5 5 2 10
8 7 3 6 3
5 5 1 10 3
3 6 1 1 6
5 4 1 10 4
8 9 10 3 3
10 3 4 2 10
5 8 8 3 6
9 9 8 2 8
3 2 6 2 2
9 8 4 1 7
2 2 4 9 3
2 4 9 8 1
7 7 2 4 4
1 2 6 3 2
4 6 6 2 2
7 9 2 10 9
3 5 10 1 5
9 2 4 7 9
2 6 9 6 10
2 2 9 9 8
6 9 5 7 5
9 8 7 4 6
7 6 4 4 5
8 10 6 3 2
4 6 3 10 7
2 3 3 6 7
9 9 1 1 10
5 10 9 8 10
7 9 2 5 10
1 10 4 3 7
4 6 8 8 1
9 4 7 4 10
4 8 1 8 5
9 1 2 10 9
8 9 9 10 6
5 5 3 2 9
4 6 1 3 1
5 9 2 7 1
6 7 7 4 1
3 5 4 1 2
10 3 5 4 9
10 1 9 6 3
7 7 6 10 5
6 6 3 3 8
8 1 1 9 9
7 7 7 5 7
5 10 9 3 3
NoWait times: 2
0 1
