n 100
m 5
cap 20
Processing
18 68 96 62 20
46 5 23 99 54
57 60 48 47 40
97 24 100 19 71
24 98 52 66 26
8 80 6 9 28
62 99 76 54 89
23 90 87 49 53
37 10 25 5 30
97 53 12 84 71
69 25 19 36 54
17 12 54 44 42
7 29 27 69 85
59 28 92 81 100
48 44 3 79 79
31 20 92 56 63
7 82 97 24 7
58 50 58 7 69
51 29 52 24 19
92 83 39 61 34
26 53 13 64 29
77 19 43 61 51
41 23 47 46 77
91 99 32 69 28
82 89 8 78 94
61 76 71 94 86
7 64 63 83 58
66 49 86 88 22
56 43 2 55 47
49 63 66 27 33
63 37 64 89 88
91 31 2 40 48
24 9 87 98 81
53 95 10 12 8
83 62 12 90 33
28 92 53 56 17
28 48 44 85 1
20 66 4 79 36
85 93 76 59 32
60 12 23 3 81
29 92 67 95 96
11 23 58 94 46
28 61 72 88 24
68 100 24 33 88
89 91 12 30 62
72 39 99 81 17
27 62 45 19 73
13 79 72 75 23
33 77 80 69 22
26 56 45 8 3
13 61 28 31 21
70 38 24 84 39
28 24 15 5 27
31 55 62 25 8
54 67 74 100 60
60 43 69 41 17
6 91 53 13 56
8 52 24 49 91
62 62 96 15 27
2 21 4 91 37
27 82 65 45 58
9 17 70 43 4
63 92 96 93 73
72 44 56 69 81
20 84 29 66 48
55 79 96 40 22
61 84 92 15 13
96 81 20 8 3
13 20 97 96 80
22 25 18 97 88
44 2 26 69 70
61 49 96 74 75
22 35 18 41 32
6 70 2 93 46
29 86 20 27 72
42 25 50 84 54
30 4 61 20 62
86 10 63 100 80
20 74 75 8 56
43 50 32 26 24
51 96 15 58 91
93 3 40 60 20
18 56 38 63 15
24 13 45 76 84
94 27 11 39 54
8 16 31 37 9
3 20 24 7 2
53 89 76 47 42
19 67 38 58 37
51 42 72 8 3
67 10 49 63 86
35 67 63 58 59
42 49 69 14 25
87 26 24 31 1
60 56 81 60 10
29 100 59 79 63
59 1 15 27 58
92 82 12 6 92
4 58 20 76 98
70 96 37 6 87
Size
6 2 5 1 3
2 7 8 6 5
5 10 1 10 5
2 5 6 5 1
4 6 7 6 1
8 7 8 9 2
2 1 5 5 1
1 2 1 1 8
6 8 5 7 7
10 6 9 10 7
10 8 5 10 8
1 3 9 8 9
9 7 3 4 4
2 6 5 1 6
5 4 5 9 5
9 4 7 7 8
5 2 3 10 1
6 4 4 7 2
4 7 3 9 5
3 1 10 4 6
6 5 8 7 10
4 4 4 2 3
6 4 7 6 10
9 7 9 2 1
10 1 5 9 10
10 2 1 7 1
9 8 8 10 4
1 3 1 6 5
4 9 8 3 8
4 2 7 4 7
2 5 2 1 6
6 4 10 2 2
10 8 2 5 3
9 4 8 4 7
1 5 9 10 10
1 8 3 6 9
8 3 1 7 4
1 6 2 9 2
4 5 3 1 6
6 2 9 4 9
9 5 4 8 4
4 3 7 10 9
6 7 7 10 2
7 4 4 3 4
4 2 2 4 5
8 4 2 7 1
4 4 7 4 8
4 9 9 4 8
4 4 8 8 5
9 2 3 3 1
5 5 1 3 4
9 9 4 1 1
5 9 8 9 6
10 10 7 1 1
1 4 7 2 1
7 5 3 6 7
5 5 7 6 1
8 2 8 6 2
8 1 5 10 5
4 7 7 10 6
7 1 2 9 8
5 10 7 3 10
8 2 3 5 10
10 10 5 10 9
6 4 3 7 5
9 6 3 8 9
5 7 10 7 8
3 4 2 1 3
3 5 8 7 3
4 6 1 9 10
3 8 3 6 5
6 10 10 7 8
10 10 5 5 10
2 3 10 10 7
10 5 8 3 8
3 3 6 4 5
10 8 4 5 4
7 4 10 1 6
10 6 9 9 3
7 7 5 7 9
2 7 10 5 5
2 5 7 4 5
2 4 1 1 9
4 1 10 8 9
10 8 1 5 8
7 5 5 7 2
7 2 5 10 7
8 5 4 7 5
7 5 10 8 8
2 1 2 5 4
7 4 7 6 4
3 2 3 3 8
2 9 1 8 1
9 4 5 6 2
6 1 3 10 4
2 7 1 1 4
3 3 7 6 6
2 9 8 10 7
2 6 7 6 1
3 4 9 1 9
NoWait times: 2
0 3
