n 100
m 5
cap 20
Processing
11 94 71 48 84
98 57 7 7 90
48 96 65 57 89
73 26 70 68 21
90 84 44 28 43
36 14 6 7 32
14 21 94 21 88
69 89 84 50 85
84 44 60 29 70
91 62 39 10 79
39 35 52 28 85
5 49 64 83 4
42 70 28 45 65
64 69 72 55 39
80 33 18 11 61
89 68 56 13 31
3 63 16 45 29
52 59 98 50 42
26 36 61 99 98
8 1 14 1 17
100 14 100 97 71
49 46 30 49 73
95 30 16 20 3
28 86 56 46 57
11 73 3 32 86
67 8 83 98 50
72 45 40 23 58
92 96 89 86 65
42 62 90 58 53
87 88 61 56 47
77 39 46 45 36
22 46 68 81 7
83 4 35 31 28
34 36 84 98 32
66 43 93 24 42
39 79 12 14 4
26 81 61 68 60
32 57 46 46 32
68 34 47 74 11
26 36 64 45 86
15 66 16 68 68
97 7 69 5 89
93 85 30 68 11
83 70 62 98 1
78 71 93 7 69
73 95 15 57 36
30 74 86 56 56
52 1 24 29 97
42 22 45 44 92
70 30 64 50 30
28 47 37 1 16
11 64 23 43 36
93 91 14 81 63
67 73 79 39 82
6 23 8 28 75
29 80 19 92 92
90 11 22 90 65
32 26 72 56 37
71 21 37 83 59
58 33 3 73 8
59 63 72 45 11
98 31 48 29 65
41 48 23 5 77
14 95 4 82 61
25 6 67 31 3
48 28 86 28 2
96 29 83 60 70
48 57 73 90 95
53 99 69 2 50
67 43 69 62 62
36 17 63 71 82
22 53 99 22 82
91 38 43 66 7
3 22 78 64 6
81 35 21 36 72
35 75 26 25 83
13 9 40 9 60
100 47 85 19 28
60 89 96 77 27
73 68 32 78 1
56 60 6 5 6
42 22 36 89 86
45 44 70 27 87
73 84 58 43 3
2 84 43 67 46
100 16 79 41 69
20 95 47 5 56
59 85 58 22 79
79 12 16 66 50
31 75 57 28 73
67 5 81 95 85
38 74 100 93 80
81 63 91 67 5
50 17 56 70 37
32 85 52 36 77
22 91 91 34 66
78 73 9 8 50
76 100 85 21 99
100 63 76 93 67
96 41 53 42 34
Size
4 6 5 3 7
3 8 2 1 8
2 5 6 9 2
10 3 1 2 5
1 10 6 2 2
10 8 9 3 4
5 2 8 1 7
7 3 9 4 3
2 5 7 2 7
8 5 3 8 1
8 7 4 1 7
2 1 4 3 6
4 5 3 3 7
10 5 5 7 6
1 4 2 10 7
9 1 5 7 2
4 6 8 2 8
7 7 9 2 4
7 5 5 8 3
4 8 7 10 3
8 7 6 10 10
9 7 8 8 3
7 5 6 4 2
7 5 9 10 6
7 7 10 7 1
5 3 7 9 5
3 5 10 3 5
6 3 7 5 5
1 1 10 5 6
1 2 10 4 4
5 10 5 7 10
9 3 7 9 1
3 5 5 3 7
9 4 9 10 1
8 3 5 8 4
5 8 4 4 5
5 7 2 3 3
5 6 3 3 4
7 8 10 3 4
5 8 6 6 6
5 7 1 6 8
2 7 6 3 6
9 9 7 3 8
4 9 2 6 4
7 6 2 1 9
6 1 4 7 10
4 3 9 5 1
7 9 9 5 3
3 9 4 1 8
10 9 5 7 7
8 3 3 3 6
7 2 1 1 5
7 5 7 9 8
8 2 10 2 1
9 1 10 5 7
10 4 2 10 8
5 7 6 10 1
8 2 3 7 5
9 1 3 8 2
2 3 1 5 10
7 4 7 8 3
7 9 7 10 5
9 8 10 10 7
1 7 4 5 4
1 5 2 6 1
6 1 7 4 2
3 10 3 4 1
3 7 9 8 5
2 8 8 6 6
8 1 1 10 7
6 1 6 2 10
4 1 3 10 2
2 8 10 10 6
5 1 7 9 6
1 8 3 1 8
2 8 5 6 8
9 10 2 10 7
3 8 2 1 3
8 7 6 5 3
9 7 3 4 5
4 5 4 5 3
2 7 9 8 2
1 9 9 8 2
2 9 7 5 2
10 10 9 9 10
6 3 10 8 10
5 4 6 2 3
4 1 8 5 1
8 5 8 5 10
6 10 1 8 9
4 8 9 1 3
1 9 1 9 3
8 2 10 5 6
4 1 4 8 6
3 4 10 6 7
3 4 8 2 4
2 1 3 7 5
3 1 9 1 2
6 9 6 5 8
4 6 4 8 3
NoWait times: 2
1 2
