n 100
m 5
cap 20
Processing
53 92 67 9 34
59 33 31 56 80
25 49 58 48 51
19 39 53 52 14
80 22 53 92 82
99 56 53 79 89
33 31 23 57 94
90 91 49 60 68
28 72 31 53 67
53 6 38 71 86
8 69 53 72 35
85 34 26 16 94
23 11 4 6 50
20 90 88 92 54
11 67 26 9 87
94 19 68 39 70
72 81 80 61 39
78 18 31 42 53
54 71 30 13 83
78 52 19 2 1
41 83 35 74 90
31 89 34 58 19
43 73 45 67 42
80 79 27 16 40
92 20 97 50 90
59 99 49 54 5
74 84 84 24 35
44 45 89 16 64
21 84 61 49 55
81 21 23 5 7
7 16 87 16 64
37 30 65 26 93
52 75 5 38 6
79 34 32 50 58
84 90 58 8 46
59 12 100 18 46
19 10 8 71 13
5 65 25 86 27
6 73 99 35 58
22 97 6 48 14
35 38 49 65 29
6 41 35 4 79
55 71 64 51 16
96 81 50 96 7
6 89 66 24 63
57 9 56 60 96
41 65 62 11 28
4 12 52 64 18
97 84 37 88 76
96 26 47 21 20
72 98 26 51 41
18 47 55 34 36
86 69 10 42 99
3 83 36 13 75
24 52 69 4 97
90 12 97 56 57
87 91 72 66 30
74 77 82 84 33
70 10 21 95 50
28 22 21 44 91
71 70 54 39 10
38 66 12 30 82
97 5 87 84 20
61 24 80 31 14
14 69 62 51 83
6 97 33 15 54
91 92 75 36 8
35 51 73 58 17
41 51 72 49 90
92 89 68 8 9
15 70 77 16 38
77 13 66 64 18
24 74 93 67 70
82 6 77 75 100
24 15 51 24 29
82 4 34 14 91
26 76 68 31 19
42 77 93 19 12
12 79 2 75 87
37 49 36 45 39
93 61 54 36 65
39 78 80 80 66
13 24 9 59 16
28 7 53 19 100
69 87 80 77 19
51 31 39 2 67
60 98 28 28 8
33 40 97 44 5
16 60 19 6 78
98 48 32 59 38
69 33 31 37 90
4 71 76 41 16
68 5 42 67 22
60 3 37 100 37
41 77 29 82 64
10 69 12 2 93
13 55 90 47 3
9 10 73 52 8
93 14 47 59 28
57 33 30 76 54
Size
5 5 4 6 8
5 5 4 5 7
4 2 6 3 3
5 9 9 6 1
9 4 3 8 3
2 6 1 1 5
3 10 10 8 6
5 5 2 5 8
1 10 4 7 5
4 2 3 8 9
3 10 10 8 10
4 8 8 5 10
10 5 10 9 8
10 4 2 9 5
5 5 6 9 5
9 7 2 6 2
6 9 3 6 7
7 6 8 2 5
10 10 9 9 9
2 4 7 9 6
8 10 1 5 7
6 10 10 5 6
7 4 3 5 6
10 1 6 7 7
6 6 7 3 5
6 5 10 3 4
3 5 5 10 8
3 10 1 8 6
2 2 8 3 5
5 6 7 7 3
6 4 5 1 3
7 1 3 5 10
2 5 8 10 7
8 8 5 5 6
3 8 5 9 3
10 4 2 6 2
5 4 5 2 9
6 9 10 4 10
1 4 6 9 8
4 6 2 9 1
9 1 3 8 4
5 4 10 9 10
2 5 1 10 8
10 1 4 6 1
1 6 10 10 9
8 2 2 4 3
9 3 2 3 3
6 3 1 5 9
6 3 3 4 2
1 10 4 3 1
1 7 6 2 6
8 9 6 9 5
1 6 6 1 6
8 6 4 4 10
4 2 4 7 2
8 10 5 9 3
7 8 5 4 5
7 5 2 6 7
5 6 9 5 10
10 2 9 1 10
6 5 7 4 7
4 2 4 6 5
6 10 3 7 1
9 6 10 8 5
10 4 6 2 8
4 4 4 7 6
3 10 3 5 10
1 3 2 4 2
4 4 3 8 2
5 1 3 9 1
3 5 4 7 2
3 2 2 2 9
3 1 8 7 9
9 9 4 4 6
1 3 5 9 1
1 7 7 7 1
10 10 4 7 8
10 2 10 7 7
7 7 6 5 7
7 9 5 3 3
10 3 9 3 9
5 10 10 4 10
4 7 8 10 5
6 10 10 5 5
6 2 2 5 5
7 3 2 8 2
9 4 9 2 8
6 2 5 3 10
6 10 10 2 5
8 5 4 2 2
1 1 7 7 9
3 5 10 3 9
5 4 9 8 2
6 1 10 2 3
9 7 8 8 7
7 1 3 10 8
4 4 2 2 4
6 3 3 2 10
6 8 1 7 5
5 1 7 2 9
NoWait times: 2
1 3
