n 100
m 5
cap 20
Processing
8 13 94 33 82
25 91 93 92 59
74 29 89 92 45
90 6 53 80 66
19 16 53 96 47
46 23 86 89 36
81 81 9 69 92
20 37 31 95 61
91 65 47 74 51
77 57 17 82 1
84 74 28 26 92
99 72 49 91 35
96 74 28 14 83
38 52 64 69 10
61 58 29 67 18
86 38 84 86 23
36 35 40 25 82
69 67 43 93 59
26 72 100 100 5
56 100 34 86 2
40 12 77 84 73
38 35 19 51 60
36 39 72 21 72
33 4 37 14 39
62 77 62 13 9
78 25 37 77 64
10 69 10 93 3
92 25 71 69 68
43 72 30 56 47
28 85 58 21 34
34 61 93 85 99
14 78 17 23 13
63 36 17 12 94
57 38 85 5 2
49 92 52 41 89
71 75 22 63 35
21 62 69 94 64
38 9 47 12 4
92 73 55 66 53
4 26 2 5 81
97 36 93 54 18
4 99 91 61 11
4 100 21 16 61
9 28 29 67 66
61 71 2 71 78
18 3 84 21 100
82 64 27 14 16
48 84 47 66 31
87 49 1 88 63
95 72 81 50 67
95 71 98 58 77
59 8 86 95 34
41 84 38 75 77
85 66 65 17 50
47 3 41 87 24
71 59 75 90 5
54 46 69 69 45
41 29 49 19 30
84 87 84 72 8
14 47 4 100 41
54 54 68 61 91
85 2 25 67 29
48 63 44 45 61
84 10 28 53 95
84 83 28 55 51
48 65 26 7 10
90 3 42 24 59
15 50 49 71 4
75 46 49 80 19
2 32 13 16 32
78 69 95 85 17
87 38 54 98 32
6 81 31 62 64
32 27 87 81 98
70 70 52 53 69
24 53 3 43 78
82 7 5 87 29
80 94 30 12 14
96 4 29 72 96
52 19 57 36 77
8 25 78 55 13
88 76 64 2 87
27 69 16 56 80
41 85 59 67 46
52 65 76 2 35
47 2 77 91 29
10 55 88 22 17
94 100 63 47 98
3 80 87 61 59
87 18 93 85 9
93 45 5 69 99
25 9 57 72 96
23 59 36 94 57
64 42 77 89 90
48 1 91 8 92
29 12 46 42 31
37 67 73 49 74
72 62 43 86 30
52 60 46 70 20
85 22 49 6 28
Size
9 3 2 9 10
10 1 1 3 5
6 7 8 6 2
10 4 4 7 3
4 8 6 5 7
5 4 5 10 3
7 1 7 1 7
2 6 10 9 9
1 3 8 8 2
5 7 2 3 7
8 2 10 1 10
1 3 6 10 8
6 3 4 6 2
10 7 4 6 1
7 9 9 2 7
4 8 5 4 2
1 2 2 3 7
2 5 9 6 8
4 10 3 5 6
3 7 2 10 8
10 7 8 7 6
3 8 6 4 1
8 10 4 6 7
3 6 1 9 8
9 10 2 7 10
8 4 7 2 10
2 7 3 6 6
1 5 5 3 4
4 9 1 10 3
4 5 8 8 1
1 8 3 10 9
4 1 8 5 8
2 1 8 6 9
3 10 2 6 8
1 8 6 7 3
7 7 9 10 1
7 5 5 1 4
5 8 2 5 10
6 5 9 5 5
9 5 3 6 7
6 1 1 6 4
7 6 5 8 2
5 1 2 9 1
7 5 6 10 9
7 9 6 3 8
10 10 10 8 3
9 4 10 3 1
6 10 4 5 2
9 7 2 10 8
10 8 7 10 8
7 3 5 6 6
2 1 4 8 2
4 1 6 10 7
3 9 7 10 4
7 1 7 3 6
4 1 9 3 1
7 1 6 4 6
4 8 4 4 10
5 6 3 5 8
7 1 5 2 6
4 9 3 10 2
2 7 6 2 5
7 4 8 3 6
5 10 7 4 4
5 9 3 10 6
5 10 6 2 4
5 5 5 8 6
2 9 3 4 7
3 1 2 8 6
8 10 4 3 1
10 1 3 10 10
7 10 6 8 4
1 6 7 9 10
8 10 8 6 10
2 6 4 2 7
5 10 1 4 5
7 5 7 10 9
9 2 8 4 4
2 7 7 6 1
3 8 9 7 10
9 3 1 7 10
6 9 2 5 5
2 2 5 1 7
8 4 4 1 3
3 6 5 5 4
4 3 4 4 10
3 9 8 9 9
6 2 5 9 6
2 7 4 6 9
8 4 8 3 1
5 6 5 9 1
9 7 8 10 1
2 5 5 4 4
8 1 2 2 9
6 6 7 2 10
2 5 7 6 10
10 1 9 10 5
7 7 8 9 3
7 10 7 6 10
1 2 9 5 5
NoWait times: 2
0 3
