n 100
m 5
cap 20
Processing
37 81 77 52 54
43 29 24 28 38
16 84 62 9 19
69 94 52 24 90
95 91 41 36 45
25 100 44 6 99
95 4 49 67 56
17 78 10 38 41
15 43 28 75 13
70 22 34 99 74
14 3 55 77 44
15 4 64 60 15
50 21 27 41 6
62 67 25 50 1
55 41 76 24 96
34 39 47 42 57
53 65 44 89 72
13 99 93 4 21
95 4 56 37 1
4 84 64 96 14
2 73 26 38 47
24 26 6 87 5
37 18 32 32 36
68 6 32 23 82
83 91 72 62 98
58 36 37 54 6
32 88 98 87 80
10 47 10 63 40
6 56 71 3 66
24 71 25 83 68
73 61 72 6 17
31 59 21 43 67
53 73 74 91 50
78 57 69 35 90
73 2 28 45 35
88 22 82 28 4
47 42 98 25 47
15 15 59 57 82
67 87 55 39 12
96 29 81 57 25
7 39 47 81 21
32 42 48 60 7
83 13 38 50 85
46 23 24 63 63
11 91 82 22 32
48 76 6 98 20
75 42 12 73 38
48 6 38 68 68
49 17 94 84 47
38 96 30 79 38
69 31 87 51 29
10 9 17 1 28
9 42 29 27 51
35 94 75 100 60
27 3 77 89 73
78 56 36 85 46
12 4 93 18 64
70 22 69 54 43
74 73 21 18 30
14 19 21 29 23
76 82 40 1 16
57 65 20 64 92
46 8 67 75 39
39 45 43 50 15
93 65 10 5 57
26 45 73 38 17
99 97 18 3 37
3 25 80 94 5
51 42 7 80 36
70 35 41 37 85
83 58 23 64 43
2 66 45 24 99
14 51 73 29 13
50 58 49 30 6
85 79 85 93 42
36 72 9 89 38
82 6 82 59 10
91 77 49 74 36
27 3 7 86 93
67 99 91 7 65
86 11 76 56 5
76 99 27 31 81
84 41 76 57 59
98 45 53 57 16
90 94 76 24 47
75 23 59 54 96
20 28 94 46 24
66 57 93 88 10
93 3 100 58 82
73 73 7 31 97
86 89 98 57 79
64 90 63 14 40
33 24 68 24 12
40 56 11 4 74
87 55 71 35 25
73 13 60 10 2
43 2 48 64 33
17 63 2 54 46
24 8 42 6 38
1 98 17 99 26
Size
7 8 3 9 5
3 6 3 1 8
1 5 3 1 4
3 5 1 6 1
3 9 7 6 3
9 9 10 1 4
2 5 1 2 2
3 4 5 10 5
9 2 10 2 3
7 4 7 10 6
2 3 1 2 9
10 3 8 4 3
10 5 4 5 10
8 6 6 10 4
10 10 4 2 3
6 7 2 4 10
10 3 3 6 8
10 2 7 4 10
7 4 10 9 10
4 4 2 9 4
9 3 5 7 3
3 3 5 10 5
1 10 2 6 2
2 1 7 1 4
3 1 8 9 10
8 4 2 1 7
3 1 8 9 3
6 6 7 8 8
2 4 1 8 10
1 5 2 3 1
2 5 6 6 4
8 9 1 9 4
2 4 8 6 9
4 6 2 9 4
3 10 7 10 4
7 4 7 6 10
10 2 9 2 8
7 7 9 3 10
6 2 3 6 2
3 8 5 9 2
10 8 5 10 10
4 10 5 3 10
6 8 6 7 10
9 5 10 6 8
1 8 2 2 10
4 2 8 2 4
10 3 3 10 10
7 8 8 10 8
3 9 3 10 9
7 2 9 4 8
2 3 4 9 8
4 6 9 1 5
3 2 1 8 9
4 5 2 2 3
3 8 6 4 7
1 4 7 3 2
1 9 10 9 6
7 4 6 3 1
1 9 2 6 1
1 10 9 3 3
8 2 6 9 8
1 2 4 10 4
1 7 8 4 7
8 9 2 2 9
5 4 10 5 1
9 6 1 9 5
5 3 5 10 7
5 2 7 5 8
2 4 1 9 6
3 4 7 3 3
3 3 8 6 4
10 1 6 5 9
6 9 3 9 8
3 8 5 4 1
9 2 3 2 9
6 6 9 5 9
8 6 1 10 8
5 6 8 1 9
3 4 10 7 5
9 3 7 10 3
4 2 2 3 4
10 4 9 3 1
1 10 6 6 7
1 4 4 7 10
10 2 1 7 7
10 5 1 8 5
2 7 7 3 1
8 9 1 8 3
2 2 7 10 6
1 1 8 4 6
2 6 2 4 2
3 10 7 5 7
2 9 9 5 7
4 3 8 7 6
8 10 7 7 9
9 3 8 2 7
4 1 9 8 8
2 3 3 7 10
7 5 3 3 3
4 9 10 2 3
NoWait times: 2
0 1
