n 100
m 5
cap 20
Processing
81 85 83 88 38
30 15 71 61 11
98 48 31 38 50
37 66 100 47 87
15 42 42 25 33
33 40 11 46 17
94 60 16 44 52
80 33 20 97 33
11 80 67 44 89
7 8 95 2 2
24 46 54 28 21
86 42 82 50 24
49 35 83 44 21
60 82 16 15 13
74 88 27 83 60
71 22 25 58 80
21 1 14 56 20
40 79 36 99 25
5 19 92 93 59
5 74 9 34 26
10 73 15 28 32
18 67 63 86 95
3 77 64 46 48
59 90 13 96 7
59 59 37 4 24
30 87 53 20 67
57 61 77 11 82
98 10 27 89 5
19 71 54 72 27
16 67 53 5 94
50 89 53 96 57
97 76 6 58 100
20 65 60 49 31
42 5 28 81 70
58 76 14 2 69
44 50 73 53 100
37 58 32 46 24
66 33 11 46 92
27 70 96 76 97
44 14 100 31 52
29 3 36 25 95
78 36 42 77 43
29 62 88 86 25
58 12 10 7 83
25 76 40 23 78
94 47 77 55 64
86 47 9 23 30
15 72 39 51 25
93 47 69 81 37
99 58 37 66 69
69 29 55 67 10
62 64 92 81 58
24 55 20 4 29
81 82 16 54 83
16 72 21 40 70
67 97 31 72 62
59 10 25 17 13
59 39 54 7 4
32 67 83 49 29
25 93 48 91 39
29 15 38 40 19
11 89 71 98 48
64 64 83 7 51
77 96 48 4 28
40 30 85 98 68
13 46 76 55 73
100 6 7 89 3
62 54 100 78 15
85 48 91 51 8
52 66 45 3 54
18 98 99 79 68
14 17 11 43 62
93 7 98 46 33
67 27 92 7 89
85 25 9 24 6
37 9 92 15 25
35 75 82 79 65
78 20 40 47 66
18 80 92 37 37
58 44 89 57 31
25 24 38 53 40
2 74 96 10 31
42 39 11 51 84
38 92 36 74 76
86 59 55 83 25
58 63 5 81 56
70 3 71 25 1
22 87 5 7 3
65 66 36 23 15
18 56 36 70 49
20 38 68 89 5
89 43 48 25 88
21 21 85 22 49
76 56 76 1 15
14 67 11 39 40
12 79 17 30 54
43 4 13 42 15
47 15 6 85 69
21 40 96 22 69
85 78 62 67 18
Size
6 3 10 6 4
2 3 7 3 5
8 4 3 7 8
7 4 7 6 4
8 7 9 2 4
10 3 8 4 3
10 8 4 6 2
1 2 6 10 8
5 3 4 9 7
8 2 10 8 5
3 1 3 1 10
3 7 6 4 4
9 1 6 4 7
2 1 8 8 5
1 7 6 5 5
2 6 7 7 4
2 10 2 8 1
6 7 6 9 1
5 4 8 1 1
8 2 8 6 4
8 8 2 7 5
3 2 10 1 1
7 2 5 1 9
2 2 8 10 9
4 9 3 8 9
3 6 4 4 5
7 2 5 3 2
5 3 1 9 2
5 2 2 3 1
6 8 9 4 8
4 1 10 6 6
5 5 3 1 4
7 8 3 4 8
2 3 1 9 8
9 7 3 2 6
9 4 2 6 10
7 10 5 2 9
9 4 6 7 8
8 3 8 8 10
1 7 4 2 5
5 3 9 5 8
7 4 7 2 5
7 9 1 9 5
9 3 7 2 8
6 7 9 7 8
7 4 1 6 1
4 10 8 2 5
2 2 7 3 4
7 8 7 10 6
4 7 3 6 9
2 8 5 2 6
4 9 6 6 5
8 8 8 6 2
4 6 2 5 9
4 4 6 10 9
6 9 3 3 2
6 10 7 1 2
10 3 8 6 6
6 9 5 3 10
3 4 8 3 6
9 4 2 5 8
10 9 3 1 8
6 10 1 7 10
3 1 3 6 5
1 2 8 1 3
9 3 3 4 9
4 8 4 6 7
7 3 7 10 10
10 5 5 10 5
5 9 4 1 3
2 3 4 2 4
10 6 2 1 2
7 3 6 7 2
7 7 7 2 3
2 2 7 8 5
5 7 7 2 8
7 8 1 6 10
1 7 7 2 4
7 6 9 4 3
5 8 3 9 4
2 2 8 5 1
5 9 3 7 10
1 7 10 6 7
5 2 3 2 2
1 9 2 3 5
9 1 8 8 1
3 4 5 2 8
6 3 9 3 3
7 6 5 1 3
7 6 1 5 9
5 8 9 9 5
9 1 2 3 2
3 9 7 2 7
6 5 5 1 6
7 10 7 3 7
2 3 6 7 9
2 1 8 8 5
4 3 7 7 1
10 9 3 4 8
2 7 1 6 4
NoWait times: 2
1 3
