n 20
m 5
cap 10
Processing
60 26 91 66 75
29 94 79 69 80
41 81 50 95 54
72 38 12 24 8
78 63 85 80 72
49 71 86 53 68
99 67 60 46 4
50 49 94 45 45
63 47 97 5 61
79 24 94 15 2
66 20 52 22 98
48 47 94 33 37
96 83 30 55 92
79 26 89 48 9
79 26 81 44 14
50 26 8 29 50
38 17 95 65 16
58 15 15 55 83
21 53 44 47 77
55 39 37 34 16
Size
6 10 5 2 1
9 9 6 8 8
10 10 5 3 9
8 2 7 9 4
1 7 2 9 3
9 10 4 8 5
9 1 2 6 1
7 4 3 7 8
5 3 8 9 6
2 5 1 8 4
5 6 5 6 7
5 8 3 4 1
4 3 3 8 9
2 5 9 2 9
8 3 7 8 5
7 6 1 5 1
9 3 4 2 8
10 2 10 6 6
5 6 6 7 10
6 9 4 7 7
NoWait times: 2
1 3
