n 100
m 5
cap 20
Processing
84 73 40 94 1
74 58 97 57 32
92 28 37 51 56
92 70 60 26 24
70 53 66 60 53
22 89 23 42 55
82 88 14 8 49
54 62 96 22 8
97 99 88 91 89
12 15 5 19 37
16 46 63 8 35
34 86 17 97 81
60 16 15 78 64
64 35 52 96 74
36 20 40 96 33
61 59 32 88 5
10 83 80 24 3
32 87 64 94 83
13 31 84 51 39
28 90 88 39 95
17 17 74 8 25
58 84 50 3 54
7 12 69 31 10
59 87 17 46 57
32 65 54 16 28
79 1 4 34 77
14 83 59 73 30
60 45 48 37 63
33 23 49 32 68
12 40 57 53 34
24 31 89 88 41
26 4 79 94 13
6 73 27 79 12
3 90 79 71 92
6 100 72 70 34
59 16 75 82 92
78 52 53 95 3
70 93 29 60 90
37 45 55 45 86
99 36 38 85 40
5 79 46 18 4
29 15 63 41 68
84 18 92 47 40
99 36 42 3 51
84 43 4 3 62
3 21 64 88 80
33 46 30 27 3
36 35 77 88 75
54 55 88 56 28
57 68 26 34 73
18 63 55 65 71
93 85 60 29 23
27 95 48 32 90
71 89 55 86 20
58 85 11 87 53
33 26 24 57 8
96 70 23 50 89
35 6 54 11 90
72 6 45 19 36
90 63 56 17 65
48 56 60 22 37
29 54 25 91 57
14 56 44 74 24
63 75 90 67 18
48 61 5 33 75
85 11 11 36 1
13 30 73 24 12
23 60 100 38 76
97 38 4 8 32
55 74 53 48 83
39 78 37 71 9
62 17 100 6 38
96 64 75 40 12
3 94 34 59 93
30 87 98 36 60
27 96 18 54 75
53 100 24 10 85
46 63 79 12 89
45 17 36 44 8
7 51 9 11 93
68 60 37 36 24
70 95 23 85 92
14 31 81 11 68
98 98 96 65 34
27 49 5 49 38
57 69 41 39 15
70 42 48 11 25
81 69 59 72 75
32 49 92 23 44
87 89 7 34 12
72 8 50 49 62
29 84 63 79 27
19 82 68 67 86
40 70 66 7 85
12 84 84 70 21
97 57 69 24 67
70 90 99 90 98
81 62 62 89 11
43 67 39 89 25
74 1 6 47 54
Size
5 2 7 1 7
7 5 9 3 1
8 7 10 7 8
2 8 1 1 2
1 9 6 6 3
7 10 1 5 9
3 1 6 9 6
1 3 1 2 8
2 8 7 2 6
8 7 4 1 7
4 6 10 1 1
3 6 7 5 10
1 6 7 10 8
4 4 10 10 4
7 5 1 8 9
1 6 9 6 3
4 4 4 6 9
4 7 4 5 7
5 6 1 9 1
1 3 9 6 3
2 4 9 9 7
6 10 2 1 9
8 5 5 5 8
6 8 2 6 5
10 9 8 5 8
10 3 4 5 2
4 6 1 7 9
7 1 7 6 10
6 4 1 1 3
4 9 2 9 2
1 9 3 3 4
3 9 6 3 4
9 5 1 5 10
5 1 3 6 2
7 6 10 6 9
4 10 8 8 1
5 4 7 6 10
8 8 1 7 7
1 4 8 9 9
3 4 8 5 2
9 9 5 1 4
10 10 3 5 5
10 8 3 3 8
1 8 6 6 9
2 9 7 5 8
9 5 7 6 7
6 6 2 9 1
10 7 7 2 6
4 8 2 2 8
3 9 1 8 3
6 2 9 3 8
10 9 7 9 7
9 3 7 10 6
5 8 2 10 1
4 1 1 6 2
9 8 1 8 1
5 7 2 2 4
8 2 1 3 5
2 2 8 4 5
10 1 3 1 7
8 2 2 2 1
1 8 5 8 1
5 8 3 1 2
5 1 5 3 3
2 1 9 9 6
7 4 1 3 10
5 4 10 5 10
9 10 9 1 4
8 6 4 4 10
9 8 6 9 3
10 3 9 1 8
10 1 8 8 4
2 10 6 1 4
4 7 6 6 10
9 7 4 7 1
2 4 6 3 8
2 6 4 6 2
3 4 3 2 8
6 6 10 5 7
6 3 6 1 5
4 7 1 10 1
10 8 8 1 4
7 8 1 3 2
5 7 6 7 5
1 9 3 8 1
2 10 2 3 6
10 5 7 8 4
4 4 7 10 3
10 2 6 2 7
2 5 5 1 10
7 5 8 6 1
7 4 2 5 5
6 7 7 9 3
6 6 1 3 7
4 1 7 1 10
9 4 10 2 4
8 7 9 5 10
4 9 10 6 9
5 10 8 10 2
8 7 10 8 2
NoWait times: 2
0 1
