n 100
m 5
cap 30
Processing
32 54 57 39 73
99 67 87 22 60
21 73 29 87 45
70 90 36 84 61
59 21 50 63 7
10 9 30 38 46
14 20 4 76 6
5 84 84 42 30
57 8 72 75 80
54 8 7 36 59
88 80 51 87 4
9 33 70 45 89
69 42 62 20 17
86 41 56 29 3
42 30 55 81 94
43 26 94 77 6
25 57 78 64 62
65 38 91 39 35
73 60 4 79 13
46 81 54 33 88
47 19 9 56 50
68 40 86 95 19
14 81 53 15 32
68 38 10 77 7
49 32 91 73 65
18 55 11 26 67
98 96 100 31 82
63 6 80 13 11
20 79 79 43 48
86 62 24 13 56
86 56 63 76 8
17 39 74 20 98
14 58 52 41 57
51 98 41 98 44
97 11 100 83 58
12 70 81 65 24
82 85 68 5 79
94 37 88 55 99
6 43 11 58 83
74 65 15 7 91
12 33 96 36 66
73 98 38 56 41
45 22 45 19 57
71 31 30 36 89
69 92 34 82 86
18 26 68 72 63
51 83 50 49 98
40 36 16 49 57
34 91 91 54 30
70 58 92 44 8
83 12 39 77 11
46 69 39 25 26
70 56 96 93 12
82 96 50 23 65
9 9 42 33 8
7 75 33 24 22
67 66 72 28 81
100 75 77 13 20
5 50 99 74 3
59 41 21 37 51
88 54 86 72 58
58 87 34 31 43
8 68 18 15 87
55 87 21 24 32
73 13 98 92 10
38 26 32 76 32
1 5 9 52 39
96 89 48 94 95
28 53 77 10 94
73 10 84 59 30
100 68 59 14 52
54 9 97 38 68
24 94 28 12 35
88 40 65 2 74
49 98 19 67 70
96 94 96 60 97
90 57 68 11 95
27 99 6 72 32
18 97 55 92 64
1 97 72 13 81
3 82 96 54 59
50 60 33 88 3
65 5 30 52 89
11 66 14 74 73
36 8 90 63 39
93 10 88 69 100
99 85 33 15 28
49 34 39 56 97
39 55 53 11 15
57 94 68 92 37
81 8 49 62 93
17 25 89 26 2
96 45 55 34 82
43 43 37 31 85
61 97 85 41 61
78 56 83 17 24
22 50 43 31 19
71 8 43 59 36
16 95 50 64 72
71 40 66 32 40
Size
3 9 1 6 6
6 9 10 5 5
8 9 1 10 8
5 1 3 7 9
10 6 7 2 8
5 2 9 10 5
5 6 6 8 5
5 4 5 2 1
9 4 8 6 3
4 7 5 6 6
5 4 10 8 4
9 1 3 7 9
6 5 8 2 4
3 3 6 9 2
3 10 1 6 4
3 5 7 9 1
10 6 5 6 6
7 4 2 3 9
10 1 5 8 1
7 7 9 1 9
5 3 8 8 9
8 7 9 1 6
2 10 6 7 3
9 3 9 5 10
5 1 7 1 1
1 9 9 5 7
6 5 2 8 3
6 2 8 3 10
4 1 8 2 8
5 9 2 7 8
3 5 3 6 3
2 9 1 7 3
6 8 9 5 9
7 9 9 3 5
3 5 1 6 2
2 10 3 1 3
1 3 7 1 10
2 7 8 7 9
9 4 8 6 4
10 2 5 7 5
9 7 4 4 6
9 9 6 7 6
2 1 7 9 9
7 3 7 2 1
3 2 4 9 9
5 9 4 7 4
9 3 10 8 3
9 2 4 3 5
3 5 3 2 1
2 2 10 3 9
8 1 8 7 7
8 6 8 7 5
4 9 10 6 8
4 4 5 1 8
10 7 10 10 2
10 8 8 8 2
1 5 1 10 10
2 9 10 2 9
6 3 7 1 1
3 3 1 2 8
6 5 7 2 10
9 3 3 1 8
4 5 3 5 9
4 9 2 10 1
4 9 7 5 8
4 1 8 5 4
4 2 10 1 5
7 6 1 10 4
7 9 6 8 2
1 9 3 10 6
1 1 7 10 6
6 4 4 4 3
6 8 2 6 6
5 6 10 7 7
1 3 2 2 5
4 9 10 4 4
7 9 4 6 10
8 5 8 10 6
5 4 8 2 6
2 8 9 2 1
5 5 3 8 7
9 3 9 5 6
2 6 1 8 10
8 7 9 7 3
8 3 3 6 4
7 10 1 8 5
2 10 10 4 7
7 6 8 6 5
9 3 7 5 8
3 1 9 2 6
5 8 3 5 4
9 5 7 4 4
8 5 1 4 1
10 1 10 6 1
6 4 4 5 3
1 6 1 3 9
3 2 4 3 2
1 9 9 2 10
1 7 1 9 1
4 7 1 3 6
NoWait times: 2
0 2
