n 100
m 5
cap 30
Processing
78 44 3 79 47
12 53 33 46 25
95 60 51 46 81
72 11 55 84 100
67 3 96 1 36
30 57 41 34 17
81 26 90 15 71
46 89 23 8 25
32 88 28 70 79
83 19 37 53 89
27 95 58 81 96
34 11 22 76 15
88 45 75 31 40
72 98 32 56 54
36 37 64 49 84
1 11 14 99 4
35 47 10 76 54
16 60 45 14 33
26 61 47 39 2
84 29 34 100 81
68 65 37 57 13
85 68 89 56 15
91 35 76 64 51
8 100 100 25 23
54 24 80 47 12
39 12 43 78 14
16 79 7 16 74
30 34 72 95 12
66 18 62 81 35
46 71 45 81 61
27 49 23 70 73
66 87 62 73 64
80 27 18 67 70
20 99 91 3 86
14 33 2 42 19
47 82 80 49 87
89 45 47 21 52
56 37 85 25 98
56 35 84 27 21
1 48 90 37 47
51 26 92 81 5
11 27 37 60 32
59 79 68 67 80
57 85 69 27 3
66 23 68 100 91
8 34 72 89 79
28 6 47 100 18
72 2 88 52 82
93 79 39 91 81
46 30 93 98 48
50 10 15 22 47
85 36 49 81 35
11 6 70 37 66
9 82 43 99 48
67 4 17 83 96
6 91 53 6 78
75 78 21 90 55
57 44 76 15 91
33 99 16 75 3
21 54 66 68 60
31 6 9 53 30
27 45 75 86 3
52 17 20 97 86
38 1 3 2 6
52 36 65 30 7
89 30 9 32 45
39 24 4 45 1
99 15 54 96 31
80 68 21 29 76
100 67 12 38 43
33 7 82 46 35
99 99 88 60 74
88 67 46 67 32
95 74 95 64 60
50 81 22 30 76
98 24 33 33 19
90 8 82 37 2
63 46 74 52 83
65 73 10 92 53
29 31 60 83 90
92 29 62 4 94
55 30 23 53 10
72 15 34 12 50
79 92 77 65 6
37 13 28 28 60
48 83 94 99 5
61 24 79 16 94
83 14 15 79 24
82 56 37 95 32
81 38 80 93 44
54 73 32 19 97
68 17 27 8 44
61 71 49 34 59
88 42 95 7 89
71 66 65 12 1
8 15 60 78 35
43 44 10 50 3
96 85 52 75 85
1 75 32 36 96
91 75 15 56 72
Size
9 8 10 6 5
3 4 9 6 9
10 9 10 5 7
3 7 7 7 6
9 4 6 6 5
3 10 5 4 7
4 5 8 10 3
8 10 10 3 10
3 9 3 10 8
1 6 6 4 2
9 7 4 2 6
8 6 9 5 8
9 10 4 9 3
1 5 9 7 9
2 8 3 9 3
7 10 10 3 9
6 6 7 6 8
9 3 9 5 8
3 1 8 9 5
6 6 3 4 8
10 10 10 4 8
9 2 10 4 9
3 6 6 6 5
8 2 2 1 2
3 8 6 7 5
4 8 10 6 4
10 8 2 10 5
9 3 8 10 7
3 7 4 9 1
5 5 3 10 1
4 6 10 2 5
9 2 1 6 8
2 4 7 4 6
10 5 1 2 6
8 1 7 10 8
8 9 9 4 1
9 1 3 4 7
6 6 9 9 1
9 1 7 6 7
5 4 10 4 1
4 6 3 9 1
6 7 2 1 1
9 9 7 5 5
6 8 4 10 3
7 6 1 1 10
9 7 5 1 9
2 4 10 2 9
4 3 8 8 10
3 3 10 7 9
6 6 1 8 4
9 1 6 5 6
7 2 10 3 8
7 8 1 6 5
2 7 8 5 4
6 4 1 7 4
1 1 6 1 9
3 7 5 9 6
8 8 7 8 9
7 9 4 5 7
3 10 8 1 7
10 1 2 5 7
2 1 9 2 9
4 4 3 1 7
3 9 4 10 6
5 10 7 8 8
2 10 1 9 1
7 2 5 4 6
8 3 3 8 6
6 6 5 4 9
2 6 5 1 10
2 3 5 8 5
4 6 10 4 5
2 2 7 5 1
1 6 1 9 2
10 10 3 8 1
4 9 1 9 9
10 10 6 1 5
1 9 5 3 9
5 7 8 2 1
7 7 2 8 4
1 4 3 2 3
7 1 6 6 4
1 2 6 1 5
3 7 10 3 10
5 9 6 9 9
8 8 7 2 5
3 2 7 7 3
8 2 8 10 9
8 6 3 1 5
9 2 4 5 1
5 1 9 7 4
2 10 7 9 9
10 7 2 3 2
10 9 7 9 10
3 7 4 5 8
2 10 2 2 6
3 9 7 4 9
4 8 9 1 10
4 2 7 8 10
5 4 9 7 2
NoWait times: 2
0 3
