n 100
m 5
cap 30
Processing
47 41 61 23 98
58 9 40 44 36
85 81 85 12 35
99 63 11 32 74
40 94 75 68 51
33 28 48 21 11
100 37 28 58 8
8 11 46 30 55
7 50 9 16 59
78 46 41 13 88
13 62 21 61 19
38 39 95 57 3
94 36 20 47 27
12 22 14 32 91
72 82 44 43 83
89 37 58 17 40
51 20 83 79 35
60 53 91 43 10
46 52 52 28 90
55 61 48 74 28
34 4 75 5 16
89 92 67 70 73
35 65 51 71 81
87 38 38 94 79
57 97 97 34 8
12 15 71 83 100
74 22 65 55 87
41 20 27 94 84
56 38 60 34 89
71 83 2 74 13
24 84 58 88 34
50 94 14 3 53
1 52 14 83 79
70 49 86 44 60
66 55 82 92 74
62 94 13 54 40
91 16 7 99 59
50 10 36 34 76
59 1 65 72 64
87 20 13 45 38
64 83 60 23 2
55 25 2 59 37
65 75 36 17 45
61 47 7 61 12
29 21 46 88 21
86 5 35 13 63
25 10 20 52 41
65 88 86 54 52
3 68 28 27 35
59 57 12 37 20
25 9 47 29 38
19 100 53 9 89
29 59 40 85 26
72 22 94 38 88
39 56 96 35 55
3 84 64 59 84
88 59 46 58 97
8 31 23 33 20
61 71 8 61 8
27 68 5 72 27
22 38 99 16 24
68 33 86 54 24
61 42 82 15 27
15 27 47 23 41
67 24 11 21 20
28 1 66 70 18
85 37 23 62 41
51 89 64 22 79
98 80 45 38 22
27 57 20 46 79
22 10 32 65 69
25 32 54 89 60
32 100 86 17 21
22 63 9 82 33
6 84 64 86 26
91 44 67 64 73
84 83 99 27 82
3 39 91 51 82
82 5 51 13 86
28 41 32 59 31
53 47 43 33 49
78 62 86 90 85
23 32 28 74 59
32 2 5 78 23
95 45 8 49 78
80 46 69 36 50
93 91 82 85 60
64 4 17 95 33
5 17 77 80 81
47 3 97 36 58
17 83 92 100 83
4 20 69 63 82
46 2 2 48 63
17 88 3 33 72
62 6 68 63 1
65 51 37 43 17
27 82 30 38 43
71 62 38 70 66
9 56 35 30 51
81 75 81 42 24
Size
3 7 8 7 3
10 6 6 9 10
8 2 9 3 1
9 8 9 2 9
8 5 7 3 4
6 7 6 7 6
7 3 10 7 9
5 1 2 8 5
6 10 6 8 8
10 9 1 8 6
3 7 10 9 1
10 6 8 4 4
10 1 10 6 4
5 9 9 4 1
7 3 10 2 2
6 2 8 9 6
9 5 9 1 7
10 8 5 1 5
10 1 1 7 9
10 6 8 2 8
6 1 8 9 9
8 7 1 6 5
9 6 3 6 8
3 9 9 3 5
8 1 2 9 10
3 3 10 9 3
4 1 6 5 1
2 2 2 8 6
3 10 8 9 10
4 8 2 8 9
8 8 10 5 1
8 9 10 2 10
6 5 8 6 9
10 2 5 4 4
10 7 6 2 8
1 3 5 8 5
9 2 10 3 7
5 1 1 1 4
9 2 4 8 6
10 9 5 10 4
7 5 5 9 9
3 7 4 1 3
4 2 8 8 3
5 3 5 10 8
6 8 5 5 10
6 3 10 8 1
2 4 9 2 2
4 1 9 2 6
2 8 5 10 8
6 9 3 7 10
5 10 10 9 5
4 7 10 10 7
2 1 7 9 2
6 4 4 1 4
8 10 1 9 1
4 7 5 8 3
10 5 6 10 3
2 9 1 10 3
8 7 10 8 6
6 2 7 9 9
7 9 10 5 9
7 8 8 1 6
7 2 6 5 5
4 6 2 9 5
5 8 8 4 2
5 3 7 5 5
1 4 1 10 7
2 3 1 5 2
10 1 4 1 6
8 2 4 2 9
2 8 10 2 9
8 10 8 6 4
10 3 7 5 10
5 8 4 7 2
3 9 1 10 7
2 10 1 4 7
8 8 10 10 3
9 4 10 3 10
4 9 7 10 7
8 3 9 7 4
3 6 1 9 8
2 7 2 7 3
10 9 5 1 9
8 5 5 6 2
6 10 9 9 4
3 4 2 10 10
2 9 9 2 4
6 1 7 5 8
2 1 4 7 3
9 5 10 1 7
10 9 6 1 6
5 3 1 3 1
2 3 5 5 2
9 8 8 2 10
5 2 7 1 1
7 4 6 8 3
6 7 1 6 10
10 5 8 10 2
6 6 3 1 1
10 10 9 10 8
NoWait times: 2
1 2
