n 100
m 5
cap 30
Processing
43 35 23 75 92
96 62 95 70 12
68 58 36 65 85
63 46 64 20 84
99 39 57 2 22
11 7 25 47 84
15 24 29 55 56
83 56 96 90 82
16 74 26 66 99
53 32 29 52 13
1 57 26 69 40
68 89 59 84 56
63 79 58 68 76
49 44 21 63 54
24 47 100 65 72
25 29 97 7 32
34 38 76 61 77
27 23 18 4 32
95 68 10 34 28
35 32 63 17 80
79 54 25 4 71
4 49 31 9 46
71 88 16 36 28
33 25 58 41 3
59 56 84 10 23
91 3 40 76 16
47 89 19 53 1
80 14 90 55 2
76 23 42 63 38
14 79 8 65 70
28 91 27 45 40
11 86 61 47 35
12 50 92 44 57
54 10 93 41 72
32 23 10 30 69
18 14 91 12 47
5 16 53 19 97
80 67 67 26 35
1 20 43 44 2
54 96 99 66 74
67 69 43 69 41
87 90 54 3 58
67 92 4 36 77
31 12 60 75 93
81 98 21 37 7
88 28 45 100 83
64 82 17 1 1
98 32 40 28 57
31 49 35 66 29
65 71 44 27 97
48 59 98 25 35
67 81 32 9 56
92 51 6 37 76
28 92 34 10 84
29 10 58 36 52
7 40 88 41 76
34 2 19 89 79
17 68 62 69 33
59 21 40 29 91
28 48 74 50 41
62 19 90 15 47
67 48 96 57 40
81 38 33 38 31
51 93 68 62 86
54 21 47 82 9
24 13 26 74 17
41 85 89 98 97
76 26 68 42 17
40 23 74 3 93
99 99 72 30 54
66 46 51 31 17
94 10 68 28 73
13 1 53 88 19
99 3 80 53 21
34 36 70 4 52
77 80 98 27 28
40 55 59 86 85
5 1 78 69 93
89 4 74 32 26
58 9 43 2 23
33 8 26 77 90
73 11 36 52 39
98 46 18 31 19
70 1 92 95 60
79 34 30 38 37
42 14 85 82 5
31 14 81 67 11
84 49 54 21 17
47 1 46 1 88
22 99 8 38 68
37 93 78 31 80
42 39 44 71 94
42 76 54 57 98
88 7 29 45 50
52 81 35 59 12
55 86 51 23 82
68 87 94 58 13
75 71 94 76 36
46 92 83 29 19
89 88 12 87 13
Size
5 7 1 6 10
8 1 4 10 6
4 9 9 5 6
6 3 3 9 5
2 1 1 6 2
1 10 9 4 4
1 2 6 8 2
9 8 10 4 7
3 3 5 4 5
10 8 1 6 10
2 3 1 1 4
1 3 7 7 5
7 1 8 3 8
8 5 3 1 9
7 8 8 6 4
4 5 3 1 5
3 9 7 1 7
6 6 8 4 4
10 2 6 7 5
4 2 4 5 5
7 2 1 5 1
7 2 1 9 7
9 10 2 1 5
9 3 3 9 4
3 5 8 5 10
9 7 4 7 2
10 7 10 9 9
6 3 5 2 7
9 9 7 9 9
4 5 2 8 4
7 4 9 9 6
6 10 10 7 5
9 4 7 6 1
2 9 5 7 7
8 6 9 10 9
6 3 6 8 4
5 5 6 6 5
7 6 10 9 5
1 4 1 10 6
9 7 2 6 10
5 3 1 5 10
6 2 10 9 10
6 5 2 8 10
5 4 5 4 3
8 5 9 6 4
8 7 1 7 5
1 10 2 9 9
3 10 9 7 5
2 10 4 8 9
5 8 1 5 2
4 4 1 4 9
4 7 10 5 1
1 10 9 3 1
4 9 10 1 8
10 2 7 10 6
10 7 5 4 8
4 7 4 1 4
8 10 6 6 8
9 8 2 1 4
10 10 3 7 1
9 4 6 10 9
5 5 8 6 5
9 4 9 3 2
4 3 1 7 8
8 4 6 5 3
8 4 8 7 6
4 2 4 8 5
2 5 8 4 3
6 6 7 9 10
3 10 8 9 3
5 6 1 9 7
4 3 8 3 4
5 2 6 6 1
4 5 7 10 10
7 3 10 2 8
1 2 1 3 10
1 9 5 6 8
2 10 7 7 6
2 4 10 8 8
5 5 9 2 3
2 4 4 9 9
1 6 10 3 7
10 10 6 8 2
8 9 3 1 8
3 2 2 2 3
7 9 6 5 6
5 5 7 9 9
5 5 8 8 2
2 9 6 10 4
1 6 1 8 3
9 8 2 6 2
4 5 3 1 10
7 1 4 9 3
9 3 10 6 9
7 3 3 10 3
9 6 9 1 9
3 8 7 4 3
1 9 6 6 2
3 10 8 9 2
2 2 7 6 2
NoWait times: 2
0 3
