n 100
m 5
cap 30
Processing
98 23 81 5 85
85 20 16 13 26
58 60 70 2 26
60 85 4 55 68
54 50 17 75 22
81 60 76 73 40
69 77 68 92 80
38 56 57 46 59
9 5 28 44 68
78 4 57 92 12
18 8 74 72 13
29 55 65 48 58
31 1 2 51 55
90 84 37 63 56
68 89 44 59 94
63 61 18 99 75
99 10 21 23 68
61 82 29 57 16
75 12 12 25 2
17 7 34 98 77
49 48 49 66 3
2 8 42 32 48
53 71 70 95 37
23 95 86 85 65
86 88 25 2 31
55 57 3 48 87
48 40 51 29 1
38 57 16 98 74
55 40 64 84 14
93 49 17 68 28
78 12 34 6 94
33 12 92 17 49
69 72 79 67 5
90 94 68 94 44
18 2 23 74 12
50 46 46 34 48
48 1 20 80 12
25 23 54 92 27
57 14 84 83 82
61 2 49 41 41
33 50 59 76 81
66 31 26 17 13
25 78 95 45 26
43 93 5 43 19
41 53 61 81 82
59 91 21 39 50
15 21 12 6 49
62 39 56 33 71
29 67 95 67 87
15 65 43 50 63
82 33 22 6 85
9 55 24 46 23
26 90 7 34 23
14 68 91 99 51
2 52 72 39 26
61 73 81 26 67
17 13 40 60 35
86 16 68 11 39
23 91 12 88 42
68 6 58 44 76
83 55 20 11 14
61 34 85 24 85
59 35 29 99 43
26 58 80 79 64
94 16 74 59 31
60 46 17 98 33
94 7 24 45 34
33 31 96 46 89
65 76 24 87 95
22 51 76 88 28
4 78 64 25 60
17 38 96 90 89
14 90 63 50 34
96 57 47 26 39
25 4 14 7 40
14 44 76 49 64
88 16 30 75 48
26 16 36 90 14
61 50 58 76 41
3 43 94 58 94
60 40 21 85 10
100 28 70 83 61
29 83 44 47 28
94 74 97 81 4
2 33 19 37 11
5 57 32 87 8
85 47 76 71 78
86 67 8 50 16
9 30 92 18 6
41 69 28 62 39
11 18 22 96 1
2 100 96 51 63
28 58 66 47 8
2 27 47 75 9
30 69 30 46 44
31 62 34 67 67
58 39 68 62 1
60 5 77 53 48
42 49 92 1 6
15 36 97 33 70
Size
5 8 6 10 4
8 9 3 6 7
8 9 5 1 8
3 6 5 10 8
7 1 10 5 1
3 1 10 5 6
6 2 3 6 3
3 6 4 8 8
2 8 3 9 4
7 2 10 10 4
7 1 8 10 9
5 1 3 9 9
9 2 1 1 4
6 9 9 5 5
4 3 3 8 5
10 8 2 10 8
7 2 10 5 3
6 7 1 8 2
4 9 7 9 5
8 10 5 2 5
5 1 4 4 8
7 10 9 2 4
8 2 3 4 8
4 6 9 6 7
8 9 7 5 1
7 9 5 10 10
5 6 4 9 2
9 7 8 7 4
9 10 10 9 6
7 1 6 8 8
9 4 6 3 6
4 9 4 8 6
7 3 3 10 10
4 1 8 4 3
7 6 6 4 5
3 5 8 7 9
9 5 6 5 9
2 2 1 1 2
1 2 7 9 6
4 9 4 1 5
9 2 2 5 1
7 2 7 10 3
5 1 7 2 6
8 6 10 7 4
9 10 7 5 6
9 9 8 3 3
3 1 7 10 9
8 8 10 9 6
8 4 8 6 7
6 7 5 10 9
7 3 10 6 5
8 2 7 8 7
10 8 8 1 3
2 9 10 4 4
3 7 2 10 1
8 2 5 4 8
8 2 1 1 7
1 7 9 4 6
7 1 8 7 6
9 10 3 5 8
1 8 10 9 8
4 8 7 5 8
4 4 4 3 8
9 4 1 7 5
7 6 4 3 3
1 4 4 10 8
3 2 4 9 9
4 2 8 4 9
3 9 6 7 10
6 9 3 1 3
9 8 3 5 6
7 7 4 3 9
2 3 3 4 10
4 8 2 6 8
1 5 10 1 5
4 5 7 7 2
1 10 4 7 3
2 4 4 8 1
8 2 6 1 7
10 9 2 8 5
5 3 7 2 8
6 8 8 9 1
9 9 7 2 1
4 7 8 5 8
5 9 8 1 3
3 1 2 6 3
3 1 6 4 7
3 10 1 9 7
4 3 10 9 3
1 4 1 7 6
8 1 7 1 8
8 2 8 6 10
6 10 1 5 9
6 2 5 3 10
6 10 9 5 2
6 5 5 1 2
2 8 6 1 9
3 9 5 7 6
10 6 5 3 3
9 10 3 6 1
NoWait times: 2
0 2
