n 100
m 5
cap 30
Processing
1 37 46 20 42
45 20 41 65 68
51 39 24 60 82
50 95 79 57 69
82 11 31 11 83
76 28 19 59 92
23 72 25 16 85
62 8 82 96 13
69 68 93 20 24
66 39 75 47 97
24 37 78 4 15
64 69 67 55 61
18 3 73 79 41
68 24 59 56 11
87 23 5 23 67
22 89 36 30 23
37 40 25 31 49
61 25 17 96 55
29 40 27 36 42
60 52 41 85 73
1 89 99 92 24
100 96 70 64 14
15 56 6 91 82
59 88 67 29 41
32 11 6 68 95
57 4 20 98 82
10 68 73 76 53
83 45 91 8 25
45 58 22 26 4
77 92 4 26 26
4 13 27 88 63
93 70 63 59 96
55 18 49 42 75
37 25 80 13 45
60 17 85 19 44
25 35 14 86 15
49 1 26 53 78
1 64 64 79 49
97 56 34 70 77
40 22 15 69 12
15 18 13 14 15
31 68 48 38 60
97 38 69 94 64
84 38 80 25 39
74 18 19 3 56
54 34 73 11 97
61 55 44 9 3
67 91 75 61 19
100 30 100 47 7
35 20 3 50 98
15 93 12 39 17
91 72 47 51 1
81 44 44 67 13
10 71 86 21 38
32 4 87 15 8
65 95 58 8 9
33 58 90 93 71
60 32 69 28 66
97 58 77 98 18
100 80 86 45 36
30 50 38 12 94
55 61 98 74 51
48 41 4 17 25
61 80 91 16 1
50 93 67 36 38
69 84 97 83 56
12 56 13 73 22
41 56 47 52 28
66 85 66 58 25
99 14 88 40 8
68 70 59 96 56
66 20 63 24 14
81 66 54 61 10
23 7 58 8 91
85 38 24 56 67
63 83 99 64 60
65 52 94 76 6
77 67 72 8 43
85 69 68 42 96
62 88 43 5 46
63 79 68 18 60
25 73 28 94 3
16 22 84 50 72
34 74 51 86 24
96 10 89 50 28
2 82 90 23 58
43 52 52 70 7
53 98 13 24 72
51 67 35 31 98
13 37 54 51 37
49 72 59 95 93
15 33 5 47 81
83 12 11 65 77
100 27 17 53 8
34 73 63 76 41
61 87 16 67 91
9 76 33 13 95
99 20 16 31 62
6 78 16 14 45
72 2 25 29 28
Size
8 4 2 3 4
8 6 2 4 3
9 8 8 4 9
2 8 3 10 2
2 7 10 6 3
10 9 4 3 3
10 1 2 10 4
3 1 5 9 1
3 5 9 3 7
6 6 3 9 3
4 2 1 3 6
1 4 10 3 2
3 7 2 1 8
10 9 3 8 4
9 2 5 3 4
4 1 8 7 1
9 7 9 8 8
7 10 8 5 10
3 2 1 7 1
1 1 3 9 9
1 4 10 3 4
7 6 6 7 10
3 2 4 3 2
8 5 3 10 3
9 2 2 5 10
5 5 9 2 8
3 4 9 10 2
3 6 10 5 8
10 7 9 3 10
8 5 10 1 4
4 2 3 1 4
6 10 7 1 9
6 3 7 10 2
1 3 8 5 1
4 8 2 8 2
4 6 8 8 3
4 7 3 9 4
9 10 5 10 7
1 1 8 6 1
5 8 2 7 8
3 8 2 2 5
10 10 4 9 2
2 3 4 8 4
10 9 2 2 6
4 2 7 4 9
9 7 3 1 4
1 3 10 3 2
10 3 4 7 8
7 6 8 4 2
8 2 10 4 4
10 2 9 4 8
3 3 4 5 1
7 4 2 4 1
9 4 6 7 4
4 9 10 1 2
9 6 10 9 3
9 4 10 5 8
1 3 4 3 4
8 5 2 8 9
2 1 9 7 9
8 6 8 4 6
4 5 3 1 8
9 7 1 3 1
10 8 6 1 5
2 1 8 7 7
4 10 8 2 2
2 2 2 9 6
10 1 5 9 3
8 6 5 3 4
3 9 3 8 10
4 2 4 5 4
3 4 10 6 4
7 8 10 1 6
9 10 10 6 6
8 9 5 8 8
10 1 8 3 10
10 9 7 6 1
6 6 4 2 5
9 10 10 2 3
10 7 2 2 6
4 10 10 7 9
5 2 4 4 5
8 7 4 2 4
5 6 10 6 10
8 6 4 6 9
6 5 2 2 1
2 5 3 5 8
9 1 5 2 2
4 1 1 4 5
3 6 9 7 2
6 1 1 7 7
10 6 8 9 4
4 2 2 7 4
2 4 3 2 8
4 3 6 5 2
7 5 7 5 4
9 10 2 2 3
9 10 9 7 7
8 7 8 2 7
3 1 3 10 8
NoWait times: 2
0 2
