n 100
m 5
cap 30
Processing
58 42 85 32 54
49 11 97 6 17
55 39 11 61 43
43 51 82 100 38
24 78 73 99 85
80 51 48 42 99
94 23 82 55 95
50 35 38 63 65
21 98 1 62 77
46 54 41 66 41
7 61 46 82 95
73 31 86 40 74
47 6 78 2 96
69 85 64 24 45
15 56 93 42 86
48 70 60 96 25
100 35 43 16 10
5 44 52 19 4
49 31 31 94 33
41 60 39 74 96
78 9 29 87 63
26 12 71 100 84
100 77 6 76 72
59 51 44 45 13
99 41 98 81 61
48 43 4 20 30
85 69 28 76 22
99 55 59 90 76
83 78 7 16 41
21 17 96 83 70
92 76 61 48 28
34 52 77 76 30
88 76 40 65 27
71 96 63 49 69
28 29 59 72 18
17 60 64 6 37
76 27 33 26 69
41 99 59 19 94
36 54 71 87 67
55 81 8 94 30
95 27 8 60 37
94 93 32 85 43
52 51 7 69 37
24 77 33 71 58
65 13 82 37 38
71 11 1 64 12
46 78 12 50 73
96 100 49 33 8
4 85 14 59 98
9 54 96 85 31
79 33 48 87 34
14 100 49 51 58
57 89 68 26 99
4 68 73 82 80
60 14 10 11 63
84 39 92 26 24
97 62 31 89 3
6 36 50 40 25
3 3 90 31 50
100 65 92 37 34
5 76 46 20 82
7 65 87 69 40
98 51 67 15 11
53 48 2 35 83
26 34 73 12 91
7 74 31 61 49
56 33 95 30 6
67 44 37 85 50
74 82 56 82 66
83 19 23 57 44
15 64 66 33 11
82 32 67 35 5
9 39 48 88 94
24 32 44 93 3
58 84 89 84 16
21 44 5 78 55
16 34 66 4 14
8 52 74 96 89
100 91 90 94 38
72 92 37 22 73
45 43 40 6 52
52 36 43 89 63
22 41 55 57 87
57 83 86 25 13
21 4 67 64 67
58 59 41 35 56
13 19 30 8 27
43 48 32 48 20
56 26 49 51 14
58 83 44 44 51
72 50 70 2 52
32 62 44 56 19
69 15 59 74 29
81 9 72 97 36
87 61 90 18 62
11 36 63 65 77
57 42 67 72 5
23 96 64 61 70
36 4 92 24 50
10 8 82 48 3
Size
9 8 2 4 5
8 7 9 5 10
6 1 3 4 1
2 7 10 1 4
5 1 4 1 3
7 4 2 3 5
6 5 7 9 5
2 3 4 3 10
5 4 4 6 4
8 6 8 6 10
10 5 10 9 5
5 4 4 4 9
10 2 6 8 9
4 7 2 2 6
10 4 1 7 9
2 5 8 7 4
1 10 7 4 9
4 10 4 6 6
8 9 5 8 8
4 2 1 8 6
4 1 6 2 5
2 2 5 1 3
1 9 7 4 8
10 3 9 8 9
9 3 8 1 10
5 2 5 2 6
10 1 8 9 5
9 3 8 4 8
4 4 2 10 7
8 8 5 1 5
9 4 4 4 9
8 4 6 9 6
7 8 6 8 5
6 1 10 4 8
4 4 4 4 9
6 6 5 8 10
10 3 5 9 2
7 2 8 10 3
6 1 4 2 9
2 5 7 4 9
3 5 7 1 10
3 5 5 7 6
1 1 2 8 1
8 10 9 6 2
3 3 9 4 4
3 2 10 8 4
6 8 3 6 1
8 4 6 1 10
7 7 3 7 8
7 7 3 5 10
7 2 3 5 3
4 6 7 5 7
2 6 1 7 10
2 9 2 2 6
1 7 5 1 4
3 5 7 7 10
10 4 6 2 4
10 2 2 2 10
5 6 6 9 1
4 10 2 10 8
7 1 10 10 1
8 2 10 7 10
2 2 2 3 7
4 6 9 5 5
4 1 9 8 8
7 1 9 5 2
9 10 6 5 1
10 3 10 3 10
9 8 5 6 7
7 7 8 7 4
9 7 4 1 9
9 8 6 3 10
6 2 9 9 7
2 4 6 3 4
9 9 7 6 1
3 10 5 9 9
6 2 7 10 1
10 8 4 1 10
8 1 1 3 5
1 9 7 7 7
1 8 9 1 2
8 9 1 4 2
4 1 3 8 9
3 3 8 4 7
7 3 5 8 8
2 5 6 7 9
6 3 8 3 8
10 9 7 3 10
9 8 8 4 8
9 7 9 3 1
2 7 8 6 6
7 8 7 9 5
4 3 4 3 4
7 1 10 8 5
8 10 7 5 2
10 10 9 6 4
5 8 4 8 4
7 6 3 8 5
10 2 4 3 9
5 7 6 6 3
NoWait times: 2
1 2
