n 100
m 5
cap 30
Processing
87 81 39 29 60
8 90 40 92 39
58 57 34 3 84
62 20 7 36 57
44 5 25 36 80
74 3 27 38 49
41 20 92 94 51
76 11 62 66 24
16 46 48 97 85
18 50 70 59 17
8 24 53 1 38
72 55 33 60 75
39 23 50 45 92
10 62 10 91 51
41 75 20 58 73
98 7 35 79 23
52 7 34 36 54
59 69 58 46 76
100 82 97 3 63
18 32 75 81 81
84 90 40 81 17
83 54 80 68 70
23 32 84 51 5
82 74 79 83 78
43 69 80 33 14
41 64 36 39 22
12 81 52 10 17
81 71 34 86 29
25 57 50 56 72
47 84 98 70 9
98 88 67 76 83
53 78 76 96 38
55 11 91 14 40
22 99 81 75 37
13 7 19 3 43
39 12 2 81 52
37 78 12 25 84
16 92 81 80 4
6 34 32 92 6
87 90 93 24 95
78 25 79 25 77
17 41 59 50 72
79 11 71 16 45
38 95 90 13 55
6 20 40 89 91
52 74 92 74 76
83 40 68 1 91
39 93 12 44 64
19 92 93 17 39
66 86 43 90 49
57 89 66 21 65
72 12 88 94 39
68 73 7 97 42
52 89 37 90 34
80 26 80 70 7
93 53 78 77 40
17 100 82 66 42
25 8 6 69 6
83 44 9 79 38
58 93 30 15 37
14 92 69 95 21
60 11 17 16 63
43 50 29 87 6
57 99 34 12 76
21 66 46 83 20
33 84 91 80 50
84 24 10 98 94
33 91 65 37 19
94 82 44 78 44
53 13 87 73 88
12 76 63 60 48
46 93 74 21 45
68 77 45 74 91
12 42 86 67 31
54 33 27 86 90
81 21 67 60 45
4 88 99 12 66
56 65 95 29 24
24 45 96 69 95
79 99 22 22 21
6 84 9 36 72
45 74 47 57 9
25 64 48 59 15
78 94 86 89 38
96 100 75 21 74
23 84 12 75 54
59 57 95 27 52
52 74 1 77 64
86 93 62 100 21
62 72 78 49 51
80 72 3 60 37
1 46 32 10 37
24 17 81 90 48
63 84 14 33 70
80 15 21 38 100
20 53 94 24 65
20 60 36 74 38
32 21 15 19 29
70 77 21 98 2
8 24 22 22 27
Size
7 6 10 2 8
5 7 8 2 1
5 6 8 8 6
3 7 5 3 4
2 9 7 7 10
6 5 5 1 6
4 10 6 8 5
1 9 6 10 1
10 10 3 1 1
10 9 10 10 6
3 8 9 1 8
1 6 5 7 5
8 5 8 2 9
4 10 2 6 5
2 9 5 8 9
9 2 1 6 10
1 3 6 5 10
3 7 10 3 7
10 4 5 10 7
1 7 2 9 1
7 3 10 7 5
7 1 7 8 10
6 5 10 3 2
7 5 10 7 5
9 5 8 2 9
8 10 7 10 3
1 7 5 1 8
1 7 8 9 3
3 7 2 4 1
2 6 9 4 4
5 6 3 6 1
1 2 1 5 9
2 8 2 7 10
10 6 9 4 2
5 7 6 5 1
5 8 6 3 2
3 10 5 8 1
4 2 8 8 2
1 4 7 4 5
6 10 5 8 2
5 1 5 9 1
4 4 6 7 2
4 10 1 5 9
5 8 9 1 8
4 7 9 10 4
10 8 9 7 7
9 2 6 10 6
1 1 10 6 1
10 4 1 7 10
6 1 1 1 4
4 1 10 5 9
3 10 3 10 6
8 1 6 8 9
7 6 3 8 2
9 5 5 9 10
5 9 7 10 2
8 2 3 6 9
5 10 1 7 9
9 3 4 1 2
3 5 10 2 10
9 6 4 2 1
5 8 9 3 5
1 8 4 1 5
4 5 2 10 4
8 9 7 1 9
5 5 8 5 8
4 6 1 6 5
8 3 10 6 7
6 2 5 1 6
7 4 10 6 10
5 6 6 1 6
8 2 7 8 9
10 8 7 4 6
7 10 6 2 1
3 2 6 1 7
10 3 7 4 3
6 8 7 8 9
2 10 6 9 9
9 3 1 9 7
4 9 9 8 1
7 7 1 9 1
4 6 6 5 6
4 8 2 7 10
2 2 10 1 7
4 8 9 7 8
10 4 4 5 7
2 3 4 1 4
7 5 5 9 10
10 1 3 1 2
3 5 2 4 3
8 10 7 5 9
5 10 1 3 2
1 7 2 5 3
2 2 8 1 4
8 7 7 9 6
3 5 9 8 6
1 10 5 7 5
8 1 9 7 4
7 5 9 5 10
4 7 8 6 2
NoWait times: 2
1 3
