n 100
m 5
cap 30
Processing
12 79 96 99 83
16 20 53 64 2
72 4 70 15 64
41 39 87 54 10
80 41 10 17 60
86 26 19 44 26
20 34 6 73 50
29 90 24 37 84
73 21 55 77 36
92 33 34 1 64
25 81 48 61 70
56 13 12 4 70
90 3 55 74 62
94 83 39 87 83
62 21 55 61 90
76 96 78 38 25
91 85 98 66 76
96 23 45 53 79
50 35 36 73 88
85 52 93 63 9
94 15 58 14 4
43 56 20 6 40
17 17 11 85 98
79 88 47 53 81
98 63 91 23 42
86 10 51 21 60
79 32 14 67 100
94 10 30 28 73
47 15 74 65 5
63 77 67 80 91
45 79 35 94 39
16 14 46 21 49
80 48 39 34 19
24 14 55 22 74
13 65 44 44 60
20 99 53 66 28
44 73 61 44 75
50 17 44 99 55
90 9 73 41 98
96 69 90 78 38
5 56 56 65 89
52 20 72 71 94
95 59 87 44 44
19 9 25 8 60
9 37 25 9 9
54 62 98 61 17
70 63 26 73 33
76 29 46 24 43
11 4 94 42 73
5 45 68 79 89
96 44 12 13 22
58 65 56 39 28
2 89 85 92 73
48 47 42 10 72
49 94 74 15 56
92 24 29 84 58
74 84 12 63 78
49 42 67 12 73
89 68 4 33 53
91 46 9 16 56
31 48 78 56 79
43 51 26 29 100
71 4 31 52 32
9 7 27 21 7
48 30 86 73 50
53 100 30 64 8
51 38 56 57 85
18 36 81 95 31
76 63 5 58 95
64 72 58 28 11
1 64 63 71 30
94 16 88 79 18
9 44 72 25 55
29 19 47 70 92
40 20 32 25 52
83 56 44 76 90
42 86 20 48 89
10 78 52 6 9
95 88 59 89 20
58 5 21 17 33
10 11 8 21 56
71 4 23 53 57
59 83 5 16 51
99 39 41 63 61
80 82 27 95 80
58 65 41 73 23
21 55 35 52 69
76 74 42 65 69
40 61 63 91 39
61 71 94 5 91
56 75 77 73 97
17 61 52 19 23
59 13 6 58 41
5 68 26 41 98
43 96 74 100 26
87 41 30 87 33
91 44 15 56 62
16 92 97 36 88
66 15 22 12 98
31 51 17 43 29
Size
3 8 1 6 8
4 3 4 1 9
1 10 5 4 5
6 8 6 6 6
3 1 10 2 8
3 5 8 3 6
2 2 9 6 4
1 2 4 1 9
3 8 4 1 1
1 3 3 7 7
4 1 4 4 6
8 9 10 10 3
5 8 2 10 1
2 5 4 6 6
1 3 2 6 9
1 6 7 10 7
6 6 5 7 4
9 7 3 10 10
9 7 6 6 4
5 1 2 1 1
6 1 9 7 10
10 1 5 6 10
4 1 4 10 8
8 4 4 2 9
3 3 1 7 8
9 7 5 10 10
2 2 9 5 7
9 9 8 8 8
1 5 8 6 1
8 4 1 1 1
4 5 8 5 8
2 2 4 9 7
10 6 8 9 10
3 7 2 3 3
5 1 9 4 4
1 4 7 5 3
7 9 5 5 3
5 4 9 4 2
3 10 5 10 7
2 10 7 3 5
1 9 7 8 6
2 5 9 7 2
1 2 8 5 7
10 7 1 5 6
2 8 2 3 4
9 1 2 1 1
10 2 3 8 9
8 5 5 8 2
4 8 10 10 3
10 9 5 4 10
7 7 8 3 7
1 5 3 1 9
1 5 5 10 5
4 8 6 8 7
1 6 5 8 1
8 5 8 10 8
10 4 3 1 6
10 6 2 5 9
5 8 10 1 1
7 1 5 8 8
7 7 9 9 1
10 6 6 1 4
7 9 3 3 5
1 3 7 1 10
10 2 7 1 8
3 5 9 6 3
5 9 7 2 1
5 5 3 4 1
4 9 6 5 9
3 5 9 10 5
3 6 8 4 9
4 6 7 4 7
9 9 4 3 4
4 7 6 9 6
8 6 8 10 7
3 4 1 4 8
1 7 6 5 2
7 9 2 3 7
6 6 8 4 7
3 8 4 5 2
6 10 1 9 3
2 4 8 1 10
5 5 4 10 5
6 8 3 6 6
3 2 6 1 2
8 4 7 1 3
2 9 1 7 8
2 9 2 7 7
4 2 8 1 1
5 5 3 7 4
6 8 2 3 8
9 2 10 7 2
8 5 5 7 7
7 8 6 7 10
1 2 6 2 6
4 5 7 3 9
4 5 3 8 5
5 1 8 8 8
5 1 9 6 3
5 5 4 4 8
NoWait times: 2
0 1
