n 20
m 5
cap 10
Processing
88 38 6 90 81
44 8 82 52 11
100 52 30 71 6
17 97 59 100 11
63 88 92 53 88
11 47 32 45 43
2 76 70 34 12
40 21 77 67 65
43 27 27 75 93
56 74 38 10 1
92 19 86 8 87
57 5 15 58 23
62 43 10 94 16
86 45 32 16 81
90 37 67 32 66
48 91 66 82 65
17 54 13 59 5
88 12 99 18 51
44 89 46 58 30
76 37 59 55 3
Size
6 2 2 5 7
1 8 1 8 3
2 4 9 8 8
1 7 3 8 2
3 10 1 1 8
6 6 7 8 9
6 7 10 6 5
6 3 9 8 6
2 1 4 8 4
3 1 2 3 10
5 3 3 1 9
2 9 7 10 3
8 4 10 9 1
9 3 8 10 2
4 3 3 9 6
3 6 10 2 10
8 4 2 1 9
5 9 8 4 7
6 4 7 3 5
8 4 7 7 5
NoWait times: 2
1 3
