n 100
m 5
cap 30
Processing
64 79 50 47 8
11 8 70 96 17
49 94 31 28 37
74 62 68 92 29
37 39 71 15 50
48 22 63 89 47
4 59 96 2 2
24 10 9 57 76
60 34 56 29 44
53 4 13 86 37
35 49 66 74 76
50 94 14 52 62
32 79 85 34 48
84 45 24 30 93
57 19 57 12 26
94 28 88 85 5
59 40 3 3 78
28 41 73 41 52
7 70 57 66 3
43 58 13 72 68
89 19 8 72 53
78 63 30 99 66
76 8 76 13 89
69 7 28 86 70
14 40 61 84 19
46 84 62 79 47
58 51 87 8 90
79 57 14 47 71
55 42 38 96 86
5 69 49 53 15
6 51 98 16 54
71 80 94 8 57
13 15 93 90 57
97 49 63 85 94
98 14 66 47 85
51 37 69 93 13
34 35 69 100 81
89 46 84 20 13
13 60 91 48 69
40 38 76 84 100
29 32 43 84 81
19 63 47 43 2
92 51 63 87 6
32 80 22 63 87
36 61 66 97 32
20 23 92 35 43
43 67 89 24 35
35 97 88 91 42
50 25 21 88 98
2 75 30 73 14
100 29 67 93 31
2 59 30 42 44
78 87 27 86 61
9 98 45 1 86
7 49 21 25 25
48 62 8 75 27
27 69 95 91 98
22 13 80 88 23
33 4 36 31 43
39 46 36 26 79
90 95 19 7 18
33 19 67 71 95
85 62 43 35 87
34 75 5 13 32
76 98 64 76 6
78 59 87 43 29
70 55 72 61 45
51 32 33 28 15
32 31 25 94 73
4 9 56 97 96
40 2 3 29 22
43 38 7 97 54
95 68 35 45 47
20 54 23 73 75
75 21 31 92 21
32 13 42 33 49
51 70 88 82 85
73 8 22 19 32
3 84 22 65 67
41 32 99 48 75
13 92 36 69 85
87 5 52 100 20
23 14 89 26 23
48 95 86 84 77
55 78 27 63 9
55 90 6 15 28
14 38 79 29 40
36 60 5 22 30
47 45 1 73 30
19 39 2 7 29
39 97 42 33 62
66 28 7 89 59
84 41 77 59 76
32 80 57 32 91
46 19 74 66 3
70 55 22 51 83
48 40 62 43 80
71 29 98 95 72
90 35 40 12 17
2 31 16 87 13
Size
3 2 7 3 7
10 4 6 3 10
8 10 6 10 5
8 10 6 10 10
9 2 2 4 3
5 3 1 4 4
4 10 10 6 6
10 8 10 1 6
3 10 5 9 10
4 7 6 4 7
1 7 4 2 7
5 6 10 7 3
1 5 1 5 3
9 4 6 1 4
10 7 7 2 2
10 3 9 2 10
4 3 9 2 8
8 8 9 1 8
5 7 2 4 1
7 2 2 1 10
4 4 5 2 2
8 8 8 3 9
9 5 6 5 4
7 9 8 9 1
9 6 4 8 2
10 10 3 1 6
6 8 1 2 8
1 6 10 3 8
10 10 7 4 8
9 3 3 7 6
9 6 3 10 1
6 10 1 3 7
4 6 9 1 4
5 10 5 2 9
8 6 2 9 6
7 6 5 3 10
9 10 4 5 5
3 5 7 4 8
1 3 9 5 7
7 6 6 7 1
5 4 7 1 2
2 3 2 6 3
8 1 8 6 9
1 1 2 5 10
7 8 3 5 9
5 5 1 5 3
8 4 7 9 8
3 4 2 10 6
10 4 5 1 8
1 6 10 8 1
3 9 4 2 1
2 7 6 2 3
2 10 8 8 1
10 3 5 10 9
2 5 1 8 3
10 2 5 1 8
10 10 6 5 3
9 8 3 10 1
3 2 10 8 9
9 10 2 1 4
4 1 8 5 6
9 8 2 2 10
3 6 8 2 5
10 8 10 8 6
9 10 3 1 7
1 8 8 7 2
3 2 4 5 8
5 1 2 6 8
1 3 5 3 10
6 6 5 6 1
5 3 4 5 2
5 8 7 6 9
5 4 9 3 2
8 10 10 9 8
7 10 2 5 4
6 3 5 4 2
10 6 4 5 3
4 5 8 6 4
4 7 9 4 6
4 5 10 2 5
1 7 6 4 4
7 4 5 3 6
8 9 9 4 6
5 6 4 10 7
8 1 3 6 5
3 6 6 1 2
4 2 5 8 2
8 7 3 4 7
3 2 5 10 10
8 6 8 6 4
5 10 10 2 5
9 10 1 5 7
2 10 1 8 4
3 2 5 8 9
6 8 8 3 8
4 2 10 7 6
7 9 7 6 10
4 6 9 9 4
9 2 9 3 3
6 3 3 1 6
NoWait times: 2
1 2
