n 100
m 5
cap 50
Processing
88 81 85 9 54
55 17 27 27 25
53 76 91 33 92
73 2 54 97 86
11 69 30 28 100
40 92 100 3 69
96 46 18 87 91
100 80 86 39 27
57 98 80 96 20
16 89 17 78 82
80 35 97 92 33
59 67 22 78 100
15 90 7 98 39
13 19 77 25 33
29 5 38 59 71
96 12 89 83 97
24 78 78 2 63
13 2 83 42 30
97 87 22 42 3
34 10 59 90 26
64 81 6 42 60
33 31 8 19 65
29 85 17 64 89
72 71 34 89 93
1 87 70 60 67
11 12 32 43 21
50 7 16 71 12
31 10 57 23 78
34 85 2 39 22
88 72 11 92 61
63 12 50 14 56
100 34 20 41 69
80 79 36 69 27
81 67 74 11 92
71 6 19 69 81
76 63 61 32 1
38 88 47 54 66
11 97 34 28 50
58 26 70 85 25
100 63 91 15 11
23 48 92 45 75
25 46 48 1 88
42 12 19 30 96
93 27 50 58 7
49 26 61 20 81
52 70 70 49 40
50 38 13 75 53
29 13 22 97 25
28 92 79 39 32
84 12 58 99 16
12 47 15 81 38
79 92 22 6 54
68 87 76 26 55
70 46 98 8 22
48 73 70 15 42
51 4 82 19 90
45 71 49 69 25
83 18 21 39 71
32 13 60 31 56
91 17 16 82 14
70 21 43 93 2
69 18 96 66 98
74 13 49 58 14
24 12 92 4 84
69 16 58 23 36
56 41 24 24 59
85 100 91 54 31
83 2 25 24 63
99 20 23 70 58
3 27 51 98 42
95 28 97 27 24
60 85 5 9 24
12 54 27 38 34
4 43 19 54 47
44 35 25 98 14
53 83 86 60 13
75 47 19 46 21
69 36 75 25 17
97 33 43 11 20
20 16 29 73 2
1 77 95 74 71
1 20 29 93 92
100 76 74 60 97
16 94 37 15 11
26 7 92 40 90
40 37 32 46 5
64 100 91 26 99
62 26 21 61 52
95 51 87 25 38
84 64 5 21 9
100 77 92 51 66
37 71 13 77 52
50 58 38 4 35
12 46 92 48 68
75 28 95 69 98
24 2 89 68 73
2 33 47 87 37
19 64 17 24 99
51 90 30 25 69
44 35 55 13 40
Size
9 6 5 5 8
10 3 4 4 8
5 1 5 8 10
1 3 2 2 7
1 8 4 9 7
1 6 6 4 3
5 7 3 1 1
1 8 1 5 1
3 3 9 5 4
9 4 4 9 10
9 2 8 6 3
10 4 6 4 1
2 4 10 3 2
3 5 2 7 3
2 8 5 5 3
7 10 9 8 7
10 8 10 7 1
3 8 5 7 6
1 8 6 4 1
8 6 10 10 4
6 3 3 5 2
5 9 3 3 7
5 2 3 5 4
8 7 1 10 7
7 5 10 9 4
7 4 2 8 4
1 9 7 1 10
7 10 8 2 2
8 8 3 10 5
2 8 4 1 9
10 7 6 5 1
7 8 7 8 8
6 5 9 7 8
10 1 8 10 7
3 3 7 1 3
4 5 9 4 6
4 3 3 2 10
8 3 9 7 7
7 3 4 4 4
6 5 10 6 3
3 8 9 10 4
7 5 9 9 6
10 1 2 9 10
9 2 5 8 2
9 9 1 6 10
5 9 3 8 3
8 4 3 3 10
9 2 1 9 9
8 9 2 9 1
7 6 3 1 2
8 10 5 8 4
3 8 2 6 5
7 1 8 4 10
2 2 2 4 3
1 4 5 9 6
8 4 4 9 1
1 6 8 10 2
9 9 9 1 6
9 7 10 10 6
1 4 3 8 5
6 1 2 5 10
9 2 8 2 9
10 3 10 6 5
4 4 8 5 2
7 7 8 3 7
10 4 8 4 8
5 6 2 4 3
2 5 1 3 6
2 8 2 7 2
8 5 8 4 1
4 8 8 3 10
2 1 3 7 7
5 3 7 4 10
4 6 8 6 6
4 9 2 2 2
6 5 5 2 9
9 8 10 7 3
4 1 7 8 2
8 1 2 5 3
8 6 1 10 3
5 10 8 5 3
4 1 7 1 7
2 2 9 9 8
2 7 4 2 6
7 9 9 4 9
3 3 5 6 1
3 3 2 3 6
3 3 9 10 5
10 5 10 5 5
8 7 6 7 5
5 6 6 2 8
3 2 4 1 10
10 8 5 7 9
10 8 3 7 4
9 9 6 2 1
7 6 1 7 8
4 7 8 1 10
1 1 2 4 6
3 5 8 3 4
2 9 9 10 3
NoWait times: 2
1 3
