n 100
m 5
cap 50
Processing
84 65 88 95 45
65 74 72 72 34
84 93 27 72 13
30 1 36 15 50
46 8 48 92 20
18 5 100 46 66
98 11 81 51 26
78 44 72 70 29
73 65 10 8 12
73 47 45 46 24
12 37 15 52 18
35 43 24 49 7
93 17 62 57 66
93 43 8 58 48
79 13 36 21 83
50 51 30 88 43
21 40 84 47 82
44 70 49 86 41
33 46 74 17 94
15 2 61 20 34
16 47 88 9 84
52 49 24 28 75
3 5 63 42 30
17 86 59 85 80
79 37 86 91 96
5 38 4 1 65
63 8 34 11 96
99 11 81 62 15
42 96 3 24 95
50 48 48 76 43
99 85 20 70 35
57 51 56 63 28
28 23 58 53 43
38 19 45 41 30
20 70 3 55 52
7 23 26 7 63
36 97 12 54 55
31 13 42 2 51
1 18 74 25 99
83 48 20 52 2
72 24 10 86 40
12 4 11 87 100
48 84 21 19 92
54 22 60 91 66
61 89 33 84 55
74 82 66 36 75
79 62 27 81 53
60 75 18 49 18
82 46 61 78 15
19 2 2 18 46
45 70 93 78 45
59 72 15 79 58
26 87 26 39 84
74 72 44 12 99
6 42 67 83 25
1 94 68 40 50
12 90 68 20 16
82 77 85 66 14
96 39 17 85 49
57 13 8 70 67
76 8 26 2 84
2 35 10 98 30
14 33 8 73 70
82 54 95 22 90
97 91 70 29 59
73 58 47 74 90
45 57 12 92 66
11 43 70 63 63
19 18 47 11 28
69 71 31 34 2
70 40 97 78 80
88 72 11 76 46
47 12 96 25 31
32 67 90 99 39
74 85 26 74 65
53 4 36 60 99
60 61 2 8 18
67 5 24 78 80
73 5 66 61 72
12 23 34 27 85
37 14 69 75 52
45 66 82 55 2
43 33 11 82 41
80 76 73 9 17
5 46 73 99 95
73 86 59 31 34
12 61 8 41 59
92 64 87 15 37
5 69 62 63 98
2 97 86 50 35
30 44 72 88 30
99 64 55 24 73
79 90 98 7 59
2 69 54 92 70
94 36 19 98 49
83 82 97 9 15
42 50 91 20 68
37 90 32 96 77
25 9 74 71 65
93 75 58 6 44
Size
8 5 2 8 6
4 4 8 9 5
8 9 6 2 7
3 10 10 9 9
1 7 7 9 8
2 8 9 10 2
7 10 10 5 4
4 7 1 7 5
4 10 1 3 6
7 8 3 8 8
1 3 9 4 8
10 4 7 4 2
2 5 6 5 2
2 10 6 5 2
9 2 2 10 7
2 4 1 4 1
10 3 10 2 8
7 8 7 8 4
8 9 2 5 10
9 1 8 3 7
2 2 1 5 5
6 4 2 4 4
1 8 6 7 1
5 1 10 2 6
1 10 7 3 3
10 4 7 3 6
5 7 7 4 5
7 7 2 2 1
4 6 5 1 9
8 2 1 3 10
7 6 8 1 10
6 10 3 4 4
2 1 10 8 2
6 10 6 2 3
8 1 4 1 8
4 8 7 3 1
6 10 2 9 4
2 7 5 6 5
5 6 2 9 10
7 5 9 1 2
2 1 9 1 4
10 1 3 4 4
6 1 1 9 8
10 8 2 8 8
5 4 8 1 2
1 6 10 2 7
5 6 10 9 2
1 10 4 7 2
2 7 5 8 3
1 2 1 7 10
4 10 7 5 10
1 9 3 1 8
8 8 2 10 5
4 3 6 2 9
2 5 4 4 5
7 1 3 5 9
1 9 10 7 1
5 10 6 1 1
8 10 8 4 2
8 10 1 6 1
7 7 10 9 4
9 7 8 1 3
3 4 9 2 5
3 5 7 5 10
1 4 4 4 10
7 6 5 9 4
2 3 3 8 9
4 9 2 9 2
8 2 2 7 4
4 10 6 4 9
2 2 8 3 2
8 9 9 6 1
8 6 7 2 3
9 6 5 4 9
3 7 10 9 2
8 1 9 6 8
5 2 2 3 2
5 2 4 8 3
1 6 5 2 1
7 5 5 8 10
2 10 7 4 10
8 6 4 9 3
10 3 1 2 4
2 1 1 1 6
7 9 3 3 3
5 8 4 2 2
1 8 2 1 2
10 2 5 10 4
10 7 7 2 2
9 2 9 3 3
5 4 10 8 2
6 7 7 5 5
3 6 4 4 9
4 6 10 4 6
4 2 2 9 1
1 7 4 7 3
7 4 2 8 6
8 1 5 5 5
4 6 2 8 6
1 5 3 10 8
NoWait times: 2
1 2
