n 100
m 5
cap 50
Processing
56 63 7 73 10
32 70 58 70 34
61 67 79 90 54
99 6 70 75 84
9 6 16 38 100
10 27 80 32 86
45 77 9 91 13
60 9 66 23 77
14 78 62 86 100
47 100 6 5 16
94 15 72 25 90
40 27 82 75 70
2 13 78 79 66
90 16 69 1 8
61 43 21 50 19
77 53 63 80 81
4 61 46 91 93
88 9 9 69 5
51 15 30 38 54
85 24 14 32 77
52 46 12 89 30
30 70 26 91 98
46 1 33 63 80
72 68 80 53 65
97 90 61 38 86
40 91 44 29 9
38 10 19 59 74
55 44 11 49 2
48 56 57 82 43
63 62 23 55 91
12 100 85 65 45
5 51 91 12 74
90 25 63 93 36
56 49 23 71 36
32 36 42 76 41
59 55 83 11 57
49 95 43 37 67
54 46 78 79 30
55 24 24 25 15
62 43 33 73 99
67 6 95 58 56
85 29 35 27 29
72 22 17 57 32
15 2 11 12 51
48 33 56 9 71
5 84 54 1 72
41 9 58 80 27
83 26 97 53 37
83 75 49 12 43
23 9 3 89 51
4 61 7 98 45
88 70 50 5 45
91 89 8 77 9
57 53 81 99 66
74 43 70 29 6
5 8 90 37 87
33 55 82 18 42
8 24 13 81 51
42 15 22 34 21
92 91 90 16 100
30 73 39 54 31
89 82 8 58 68
56 51 78 100 75
15 7 56 97 54
56 33 48 14 54
58 14 88 29 14
11 18 33 61 8
36 75 23 99 55
86 14 96 39 18
33 26 23 53 57
2 95 86 69 98
23 60 39 70 9
11 50 24 75 30
64 27 19 68 53
62 22 24 100 38
53 3 5 45 30
44 57 71 10 43
51 21 27 92 97
6 38 18 24 10
94 58 49 80 63
80 14 67 71 84
54 61 64 88 29
54 25 24 28 60
64 50 95 42 5
60 100 68 18 4
83 61 33 77 88
33 19 5 68 99
22 96 86 15 90
61 25 55 23 55
45 11 49 79 32
28 86 63 11 6
50 96 93 89 64
14 63 6 89 82
81 72 78 32 28
26 90 9 1 65
46 84 30 82 15
94 31 20 77 67
17 48 48 85 53
12 66 5 75 36
62 48 16 56 45
Size
4 3 4 2 1
7 3 7 5 7
5 6 8 5 2
7 4 4 3 3
8 5 9 5 6
6 7 10 3 4
2 2 3 5 1
5 3 7 3 7
1 3 10 4 9
8 10 9 5 5
6 7 5 7 2
3 2 7 8 7
1 1 9 1 6
8 4 10 2 9
8 8 4 10 2
1 6 3 9 1
10 1 7 5 6
5 8 9 4 10
2 1 6 5 7
4 9 7 1 4
6 2 5 1 10
4 10 5 7 6
8 2 5 10 10
10 3 6 6 2
10 5 9 9 7
10 4 10 9 2
9 3 2 9 2
3 6 8 6 1
9 8 3 4 2
6 6 6 8 8
4 10 10 1 8
8 2 2 1 1
2 8 7 7 8
8 7 10 2 10
3 5 3 4 6
1 7 5 2 10
5 3 4 5 9
5 4 2 1 6
6 4 4 9 8
9 10 6 7 4
2 5 8 8 4
9 4 6 9 5
5 2 8 5 5
3 6 9 7 1
7 2 5 9 5
1 10 8 4 1
3 9 4 2 6
7 2 6 10 8
4 8 8 9 4
10 5 6 7 2
4 2 5 5 1
7 3 4 1 5
3 3 7 7 7
9 4 1 7 4
3 3 7 10 3
10 10 10 4 3
6 4 7 9 7
7 10 4 2 2
7 2 5 5 1
6 8 8 8 6
8 6 7 2 7
10 7 6 1 7
8 8 10 6 7
7 6 9 1 5
7 10 6 1 9
3 2 2 6 5
7 2 5 2 2
8 6 4 4 10
4 9 7 2 6
9 3 5 5 10
9 10 2 9 9
3 10 1 2 6
10 7 3 5 4
4 3 4 2 5
5 7 7 4 4
6 9 2 1 2
5 5 1 5 3
10 3 6 10 2
1 6 10 4 4
2 5 7 7 1
1 4 4 4 9
8 5 6 9 5
1 3 9 8 2
10 6 9 8 9
10 4 1 6 6
6 3 3 9 2
3 8 8 10 6
2 8 1 4 5
9 6 10 2 6
9 8 9 3 5
1 7 10 8 9
7 9 7 9 1
8 1 9 4 2
2 2 9 1 3
3 4 10 9 6
1 2 7 3 1
6 1 6 1 1
8 4 1 6 9
6 4 2 3 2
7 2 10 9 6
NoWait times: 2
0 3
