n 100
m 5
cap 50
Processing
36 7 25 100 40
7 51 95 15 43
80 62 74 75 18
34 8 33 86 58
78 43 63 16 9
68 5 75 12 2
19 17 87 77 42
25 42 83 58 36
42 45 54 62 75
89 35 84 31 17
2 59 68 18 9
91 23 72 14 10
12 3 52 32 75
31 74 44 22 71
36 27 16 54 57
77 62 13 90 52
57 25 36 28 59
55 42 71 65 13
9 92 68 90 14
41 44 75 95 81
52 81 46 4 3
30 80 71 52 60
85 28 50 89 71
60 50 28 41 58
27 71 51 69 8
70 65 95 99 44
94 76 17 46 98
43 62 42 88 64
52 43 72 16 48
9 16 60 58 18
64 32 65 17 37
35 24 90 15 19
42 95 10 21 75
78 65 100 62 40
38 31 7 95 21
51 33 37 54 9
16 10 43 97 84
1 29 18 86 93
74 28 30 63 76
28 16 13 42 96
15 25 88 56 9
89 74 79 62 53
11 57 60 41 8
69 93 54 9 77
15 55 52 78 88
85 22 86 62 86
59 43 98 32 12
86 9 71 87 68
31 100 70 46 1
14 56 55 75 84
38 66 45 50 18
89 43 72 92 70
19 88 7 26 14
92 50 74 98 17
73 82 78 68 3
22 51 95 73 49
53 34 11 21 98
5 85 81 33 38
94 62 1 34 78
34 48 99 39 23
60 13 70 83 74
85 19 96 78 41
34 80 7 73 76
40 80 92 84 56
8 81 6 57 80
29 75 48 82 78
84 41 28 75 27
89 20 26 33 79
19 1 30 41 24
20 40 60 51 56
76 3 86 46 68
1 55 80 40 6
22 64 23 96 4
69 55 55 65 47
1 3 46 15 48
29 51 66 26 24
62 95 33 80 10
35 58 39 10 58
90 82 82 21 19
77 19 66 93 43
26 80 64 85 11
66 66 57 78 50
79 27 96 88 4
90 72 48 8 31
65 33 53 82 40
1 28 78 97 22
7 21 56 98 50
78 81 25 6 62
4 84 48 26 74
33 91 51 38 35
98 59 25 34 62
34 32 15 54 25
77 76 85 59 18
2 89 45 68 83
5 90 54 92 76
33 57 27 51 86
58 49 23 91 60
67 43 24 18 36
80 21 78 22 38
70 8 57 15 74
Size
3 5 3 2 1
7 8 7 7 7
9 1 1 8 8
4 10 3 2 10
9 5 7 4 2
5 10 3 2 6
2 1 3 10 3
9 10 3 6 6
7 7 2 9 4
9 4 5 8 7
8 3 10 4 1
7 7 3 2 10
8 7 6 7 2
9 7 8 9 2
6 10 1 1 6
2 6 5 3 10
4 3 7 9 6
2 6 3 4 9
1 9 8 9 2
4 4 10 10 7
2 7 5 5 9
4 8 10 6 5
10 9 4 2 10
10 3 10 8 1
1 4 8 8 6
1 3 3 2 9
7 6 2 6 1
3 9 1 5 1
6 4 10 7 3
9 6 3 8 8
3 6 5 3 3
5 3 7 6 3
2 9 4 1 4
10 2 1 10 5
3 6 3 9 2
9 9 6 2 6
8 8 9 4 10
8 5 10 7 8
1 10 7 5 4
7 3 10 7 10
1 2 4 1 4
8 7 8 10 8
8 3 9 4 7
10 8 3 7 8
1 9 10 6 3
10 9 2 8 7
10 6 1 1 2
10 9 4 6 6
9 4 7 10 5
8 2 1 2 3
3 3 8 7 8
4 7 5 5 8
1 1 1 8 10
4 5 3 6 6
1 8 4 6 5
3 7 2 9 3
9 3 10 3 2
2 8 4 1 9
6 10 7 9 7
3 3 4 8 10
3 9 9 4 6
4 8 1 7 1
8 4 5 3 3
4 1 6 9 6
8 8 9 5 7
9 9 5 9 2
6 4 9 2 6
6 8 8 8 2
10 9 1 2 9
6 6 10 4 7
8 8 5 5 4
4 2 5 5 10
4 4 3 7 10
8 2 6 4 2
8 8 3 6 7
7 2 6 1 1
1 7 4 10 1
5 8 2 1 8
3 10 3 5 7
1 7 7 7 10
4 9 8 6 10
1 10 4 10 7
8 3 4 8 6
8 10 7 10 4
10 7 6 1 10
8 9 4 2 5
7 3 9 3 2
3 3 5 7 2
7 8 6 4 10
3 7 3 6 2
3 10 6 1 8
1 6 4 2 6
9 7 6 4 7
7 7 3 7 6
10 10 2 4 8
9 3 5 10 4
1 3 8 6 6
2 1 1 3 10
9 10 1 1 8
4 9 4 1 8
NoWait times: 2
0 2
