n 100
m 5
cap 50
Processing
65 70 17 77 32
89 43 5 66 40
57 63 62 52 11
55 13 51 84 65
2 88 52 6 90
39 27 18 76 78
53 32 3 30 39
74 84 83 86 34
19 10 35 43 2
41 30 73 11 34
47 7 7 19 99
5 85 36 79 89
46 48 70 86 94
66 56 74 13 33
83 93 59 32 12
92 76 32 4 29
17 81 3 67 27
72 33 30 56 35
54 14 43 1 5
25 43 37 34 66
7 61 59 26 16
1 41 24 32 87
67 51 9 89 41
37 42 94 95 40
84 75 28 22 81
49 51 94 82 16
84 27 58 96 84
57 74 25 29 31
100 94 17 89 11
66 12 73 79 84
92 75 69 12 97
11 81 81 37 11
42 43 21 38 9
97 95 46 84 59
91 83 65 56 10
50 6 81 55 15
53 4 92 75 23
70 65 43 7 78
83 94 34 43 49
45 43 86 67 74
93 10 14 92 49
93 6 57 95 74
67 98 10 63 72
89 84 31 34 43
83 75 52 87 48
74 16 7 3 19
4 59 89 78 20
25 61 27 5 69
56 58 42 53 18
9 83 82 53 92
30 93 24 71 87
67 88 69 57 41
86 15 4 35 39
30 29 14 61 36
53 43 56 26 29
20 96 14 11 58
44 27 1 75 17
77 45 63 61 82
94 55 73 30 5
32 34 21 23 47
61 96 84 44 5
36 90 16 27 46
74 78 36 4 75
88 68 60 45 26
96 28 6 13 5
85 13 64 85 78
71 81 16 93 93
3 33 88 33 40
98 41 31 100 82
89 28 93 40 46
62 50 12 62 100
74 98 11 76 47
73 62 89 54 24
83 36 74 86 65
88 33 66 11 52
69 58 82 73 2
100 10 36 4 71
92 7 92 26 6
9 30 64 32 11
16 49 15 74 8
83 34 80 15 90
68 4 5 91 1
90 4 76 48 36
94 5 54 28 63
14 100 24 24 99
60 4 21 27 3
54 52 37 17 29
92 51 36 39 100
85 27 100 50 71
31 28 24 100 71
98 96 15 3 95
28 72 75 42 1
32 35 42 62 9
51 86 56 30 81
49 55 50 10 9
32 92 91 51 4
13 85 75 90 70
20 95 91 95 47
57 36 93 59 57
4 26 88 94 62
Size
2 5 7 3 2
8 4 6 3 6
9 8 1 2 5
7 7 6 8 4
7 4 3 10 2
10 10 10 1 3
2 7 8 4 10
2 6 10 6 5
8 5 2 2 8
8 8 10 10 1
6 9 2 1 8
3 2 8 9 7
4 10 2 1 9
6 2 1 2 4
1 9 9 6 6
9 10 1 4 7
8 8 4 10 8
4 8 4 3 1
4 2 10 7 4
4 5 9 4 10
8 9 9 10 8
6 1 8 10 3
10 9 2 2 3
1 5 8 4 2
6 8 8 2 5
2 3 2 1 6
6 1 8 2 7
1 4 6 7 5
6 2 2 8 2
10 4 2 3 7
5 7 8 9 4
6 6 7 7 7
7 3 7 7 5
10 6 9 5 8
3 10 8 4 10
6 9 1 5 9
7 9 1 3 9
4 5 10 4 9
1 4 4 3 7
10 9 3 8 3
3 6 8 9 1
7 4 4 5 4
10 2 5 8 1
8 7 2 5 6
3 1 10 2 1
5 10 9 9 6
6 4 8 4 10
9 9 1 9 8
8 7 2 5 6
4 6 5 7 5
4 10 9 9 8
7 7 6 2 2
7 9 7 7 5
8 2 7 10 2
6 8 1 2 9
3 3 2 3 4
1 7 10 8 2
6 5 8 10 1
7 3 5 2 6
3 3 2 10 7
3 2 6 10 9
10 5 10 1 8
8 9 6 10 3
5 10 9 9 1
8 3 2 4 1
1 6 1 5 9
6 9 9 9 7
3 1 6 6 5
10 9 10 9 2
7 10 1 9 1
5 3 5 8 5
2 3 6 6 9
6 7 3 7 7
4 10 5 5 2
10 1 7 4 4
10 10 10 4 4
3 7 2 6 2
9 5 4 3 9
7 3 4 2 3
4 7 5 3 8
10 6 7 5 10
2 1 9 10 3
1 9 5 1 1
6 8 2 8 2
3 9 4 8 3
1 7 2 8 2
3 2 8 1 4
9 8 7 4 4
7 2 6 5 7
10 5 6 3 6
2 3 4 4 9
1 8 6 7 10
7 2 6 1 10
10 9 2 2 10
9 5 2 6 8
4 9 8 8 8
7 7 10 4 8
7 7 6 9 10
7 8 10 6 2
8 7 4 9 3
NoWait times: 2
2 3
