n 100
m 5
cap 50
Processing
96 7 9 99 14
100 50 79 44 62
75 22 2 29 40
84 54 50 31 94
47 19 6 39 37
42 41 6 19 7
37 76 88 6 45
58 19 28 29 38
26 72 48 69 73
28 77 3 61 27
37 93 99 41 17
76 44 70 87 92
65 12 69 10 1
74 97 37 68 100
80 72 85 71 14
62 44 35 66 15
20 35 7 76 72
92 65 3 55 64
90 93 37 12 6
50 80 1 90 62
93 84 88 37 9
89 45 69 60 53
2 61 62 89 66
2 59 4 17 36
47 50 17 63 42
22 77 81 19 20
31 50 29 13 2
2 55 34 27 30
84 54 65 11 29
8 10 71 40 67
90 6 52 42 46
26 43 81 3 54
96 84 50 34 15
67 41 90 53 89
91 95 41 20 98
43 76 37 39 47
5 2 53 58 67
70 3 94 52 36
48 45 92 69 42
58 34 13 92 9
70 12 72 97 30
73 20 39 54 49
4 50 47 22 10
82 6 23 41 80
91 69 70 94 48
50 8 33 77 72
42 35 83 50 30
6 32 91 86 60
80 70 19 36 11
66 81 19 1 40
45 28 16 48 34
27 85 100 31 94
57 72 37 23 69
30 80 96 85 91
100 86 98 91 63
56 48 18 51 40
38 75 22 63 50
7 36 70 39 99
60 52 5 95 5
85 10 98 33 58
36 7 1 65 78
20 82 58 47 91
91 74 80 92 34
18 2 7 78 21
31 83 85 93 49
73 11 17 99 61
19 71 44 42 31
53 18 39 44 65
70 84 18 2 79
64 7 66 37 74
75 63 32 64 23
79 36 44 55 22
88 33 55 79 93
82 97 46 57 73
52 19 23 68 85
95 89 17 97 88
74 79 23 53 26
50 4 48 80 62
7 30 64 33 92
4 72 65 54 79
77 57 99 54 76
75 64 67 95 97
31 16 50 85 40
56 33 57 50 85
50 52 58 60 87
17 80 84 86 5
92 94 8 46 17
24 54 13 45 95
3 85 3 92 92
4 1 98 4 68
81 33 86 71 3
82 30 34 97 27
96 30 5 30 40
60 4 60 50 10
80 26 42 43 16
20 9 7 73 83
81 60 64 46 14
32 21 83 53 64
47 92 96 35 6
59 23 24 17 97
Size
2 8 1 9 10
3 6 10 2 4
3 10 10 10 6
6 6 5 4 7
3 3 1 1 2
3 2 1 7 2
5 5 6 3 3
2 6 10 6 10
4 9 1 6 8
5 9 7 5 1
6 2 4 9 7
1 7 4 10 8
8 7 3 4 8
9 9 10 9 7
9 4 5 9 10
4 4 10 7 4
4 5 4 7 3
6 4 4 2 5
5 9 10 10 2
10 1 3 7 1
1 8 7 3 2
2 9 5 4 4
3 3 7 2 3
7 3 4 9 9
6 5 6 2 6
4 9 2 5 5
2 7 5 7 2
9 5 8 6 10
1 8 4 9 2
3 5 7 7 7
1 1 2 8 1
6 7 10 2 10
7 4 3 10 9
9 8 8 6 6
6 2 3 3 1
7 10 3 3 8
1 1 1 8 2
1 6 7 4 8
5 10 10 6 6
8 5 7 9 8
9 4 3 6 7
1 6 8 2 3
10 2 6 6 3
3 1 2 8 5
6 2 5 8 1
8 10 9 6 7
4 1 3 7 2
6 4 9 4 1
8 8 4 4 3
5 4 3 9 2
7 10 5 5 10
8 8 4 8 1
5 2 5 2 8
2 1 10 3 4
5 2 6 7 3
6 4 1 6 7
4 9 4 4 10
1 5 10 1 9
8 4 9 1 8
10 7 8 1 7
7 1 9 2 7
3 2 3 5 2
1 4 2 7 7
6 5 9 10 1
1 7 4 10 10
3 7 5 2 6
2 1 4 10 10
3 5 4 6 4
7 5 5 4 7
7 4 4 1 6
5 4 9 1 2
10 10 7 4 4
4 3 7 8 10
3 6 3 5 2
1 9 2 2 6
2 5 9 3 2
1 2 2 5 7
4 6 4 5 3
3 6 5 8 6
4 8 6 7 6
10 2 1 5 5
2 9 2 2 6
9 9 4 1 2
10 7 9 1 7
6 7 10 7 1
1 8 3 1 6
3 4 7 1 4
5 10 8 8 6
4 9 7 3 8
9 8 10 4 2
1 8 3 10 7
7 7 5 1 6
10 6 3 5 9
6 9 1 5 8
7 10 6 3 2
3 6 4 10 3
6 7 7 6 2
5 1 5 4 5
5 3 4 1 7
9 6 2 6 7
NoWait times: 2
0 3
