n 100
m 5
cap 50
Processing
19 94 28 14 88
2 72 69 46 36
7 1 58 62 37
6 49 63 36 10
30 20 94 21 63
60 6 31 73 64
2 63 46 71 7
91 9 98 71 44
17 70 15 78 7
35 95 14 94 54
63 44 9 34 1
54 21 53 42 33
52 27 69 86 9
93 92 57 71 37
47 58 77 75 34
84 28 1 17 77
58 70 94 13 35
21 95 87 7 95
33 36 47 35 11
76 61 82 47 7
39 87 8 87 4
81 55 1 18 79
51 25 53 88 15
4 52 97 60 39
54 72 38 63 100
3 88 29 64 29
51 85 55 61 73
14 59 84 81 12
14 58 7 18 85
81 96 86 56 78
68 85 86 58 32
2 99 70 92 74
48 2 76 36 20
99 82 23 80 61
42 71 18 67 96
99 32 75 65 55
21 12 41 72 29
58 84 50 16 80
23 82 82 42 38
88 33 43 17 26
15 60 55 29 85
3 46 48 11 78
36 20 75 12 62
71 56 73 78 81
56 9 87 36 9
75 26 28 37 1
18 61 95 53 64
97 48 15 62 36
59 76 85 96 43
9 37 60 95 32
41 47 99 72 97
86 74 80 68 11
60 57 42 66 13
26 6 72 20 23
70 52 81 53 53
69 57 14 26 84
18 76 35 29 28
10 92 90 85 19
54 68 56 16 40
61 22 69 42 29
86 12 96 86 34
14 37 78 90 42
41 68 60 70 67
27 6 92 39 53
62 57 93 31 42
90 92 7 24 18
33 99 10 1 25
41 62 24 7 93
41 23 8 88 3
8 52 54 24 83
16 67 49 45 30
65 39 81 87 77
27 29 62 100 21
77 77 61 81 57
78 85 28 58 30
1 35 11 50 9
46 77 10 12 7
96 81 70 12 20
25 5 45 40 41
20 31 38 66 8
93 92 77 39 24
44 69 71 50 69
40 89 32 15 79
83 98 22 10 8
59 41 28 35 37
13 38 81 9 37
76 34 38 1 60
3 35 19 23 28
13 59 98 52 61
89 68 17 6 74
52 64 98 84 68
87 31 72 86 93
37 27 71 54 36
70 78 91 15 55
37 51 86 11 12
66 49 93 5 4
63 28 89 88 57
88 16 69 4 40
4 75 6 51 7
68 55 77 72 1
Size
4 2 6 10 1
8 1 3 1 3
5 1 5 1 8
9 3 3 4 10
4 4 1 1 3
2 4 1 9 8
2 9 8 6 5
4 3 9 2 3
1 5 9 6 8
4 3 8 9 1
7 5 8 2 1
6 5 8 4 3
2 4 4 1 3
4 9 5 1 10
9 5 9 4 3
2 6 1 8 5
7 5 5 8 7
1 6 2 7 7
8 9 2 2 6
1 3 4 3 3
7 7 1 8 9
7 10 3 4 1
5 10 6 1 6
5 2 2 9 7
2 9 4 7 4
2 9 7 9 7
3 6 3 2 2
6 5 9 1 2
6 10 5 9 7
10 2 3 6 4
2 4 4 1 6
6 6 7 4 2
5 1 10 6 6
1 1 3 10 4
6 4 2 6 8
8 6 8 10 8
1 2 2 9 8
9 8 9 1 1
1 1 10 4 6
10 1 9 10 6
10 4 3 10 5
7 6 7 5 1
4 9 9 5 8
7 2 4 6 4
5 7 6 2 7
10 3 8 3 5
3 10 8 10 10
8 7 7 5 5
7 3 8 4 9
9 3 6 9 1
6 4 9 9 9
9 6 9 9 3
2 5 7 10 6
6 8 2 3 2
1 1 10 5 3
2 8 7 7 9
1 1 3 1 6
10 9 4 8 9
5 6 4 9 6
8 9 8 8 1
3 8 9 10 7
7 1 4 9 10
2 5 3 6 4
1 9 5 3 7
4 6 5 3 6
10 1 10 6 4
2 1 8 2 8
4 1 3 10 10
5 4 9 7 2
9 8 9 1 1
3 2 10 10 1
4 7 6 6 2
3 8 6 7 10
2 1 1 4 9
9 2 1 5 7
1 4 7 1 9
6 7 8 7 5
8 10 2 5 5
10 3 4 5 3
2 5 3 5 3
2 5 3 4 10
2 3 8 8 1
1 4 3 10 4
2 2 6 10 3
6 1 9 5 10
6 7 3 5 2
6 10 8 3 5
7 2 2 4 10
1 2 4 9 8
10 4 3 3 4
1 1 7 4 7
2 10 10 8 8
4 1 10 9 3
6 6 4 4 5
7 6 8 10 2
8 9 5 1 10
10 7 3 9 9
10 8 2 1 8
4 4 8 6 6
7 1 9 8 10
NoWait times: 2
0 2
