n 100
m 5
cap 50
Processing
9 43 34 71 5
2 95 93 82 92
89 10 59 55 6
95 67 32 62 67
20 86 43 65 66
59 48 86 9 3
22 43 9 45 10
51 62 10 49 63
89 32 62 50 38
15 61 91 39 78
25 42 86 18 56
7 71 43 4 18
90 1 91 80 100
79 93 39 75 43
73 56 96 27 50
58 20 66 28 100
8 99 80 22 93
82 8 19 60 4
39 29 20 46 95
66 66 25 59 43
19 66 12 10 76
55 44 46 32 96
34 40 61 2 97
61 24 49 19 70
48 18 12 74 38
31 8 30 71 18
58 4 47 65 98
98 96 20 8 41
43 42 41 59 79
47 48 66 14 68
86 88 81 29 33
79 45 73 77 81
85 55 66 39 51
8 14 81 61 75
32 79 95 30 60
16 94 58 83 18
30 29 76 3 26
72 98 100 68 18
6 75 43 91 39
67 73 60 3 87
98 23 68 76 11
60 4 74 32 14
2 1 12 43 54
12 19 46 97 90
37 98 37 17 78
77 41 76 11 37
81 32 90 3 74
18 52 54 53 45
46 39 62 34 37
13 22 19 72 34
87 80 24 72 46
10 8 36 92 72
38 12 3 59 37
63 73 40 65 10
23 95 97 48 5
27 4 18 27 66
97 26 5 29 8
83 81 38 71 2
83 23 20 87 53
29 38 95 7 100
48 48 36 47 2
32 9 72 72 22
37 98 74 41 41
28 69 11 25 26
54 59 93 1 57
90 82 62 29 65
65 26 88 79 5
16 87 56 13 86
61 7 12 92 68
67 79 12 27 23
15 81 15 51 37
35 68 3 9 6
65 13 84 43 64
29 31 95 15 61
42 16 33 4 81
6 71 19 91 15
80 58 49 96 4
23 18 86 2 73
29 98 71 1 57
26 23 21 85 28
27 20 76 99 39
13 15 50 1 86
25 84 40 79 35
86 18 15 12 80
45 16 17 47 17
15 68 9 24 30
13 77 18 6 21
86 11 39 98 81
14 70 24 82 47
42 21 81 39 42
33 14 12 99 12
51 86 68 86 13
83 76 43 44 47
18 82 39 90 58
36 12 94 98 32
10 16 78 86 32
51 83 4 42 5
45 46 64 47 15
11 48 92 31 73
59 91 4 43 69
Size
7 3 6 2 8
5 7 1 10 8
6 6 4 7 2
2 3 2 5 1
1 3 4 6 2
5 2 5 1 3
2 9 10 7 8
5 10 5 4 4
2 1 10 2 7
4 6 8 6 1
1 1 2 3 1
8 1 6 10 3
4 3 7 4 4
3 1 1 2 3
9 8 5 10 8
2 6 2 4 8
1 8 1 6 8
10 1 9 5 5
10 9 4 5 5
3 5 8 3 2
1 1 2 1 7
4 1 10 3 2
2 1 1 10 3
5 8 8 4 10
2 7 4 5 1
4 1 6 3 8
4 9 4 9 4
6 3 1 5 8
7 10 2 5 1
2 3 7 2 3
2 2 2 2 3
8 8 7 6 6
8 2 9 10 6
3 5 5 5 2
2 5 8 1 5
10 7 5 3 9
4 8 3 5 6
3 1 9 1 4
2 10 1 10 2
7 9 4 8 8
7 5 2 6 9
10 8 5 8 10
3 1 5 6 6
7 8 9 3 2
6 9 9 9 8
6 7 2 2 9
5 8 10 5 10
8 5 6 8 6
1 5 7 5 7
10 1 3 3 3
6 1 3 7 5
9 10 1 4 1
8 5 10 2 6
4 10 10 9 1
7 4 2 10 6
8 10 4 10 6
10 4 7 5 10
1 9 9 10 10
8 8 1 6 6
3 4 3 7 10
6 8 5 10 6
1 4 8 1 1
4 2 7 8 10
7 7 8 7 9
10 4 5 6 3
9 9 8 5 5
7 8 4 4 10
9 1 3 9 4
6 9 2 3 9
5 10 1 1 10
6 5 3 2 1
1 4 7 1 5
1 5 5 10 6
8 1 2 6 9
5 3 6 4 4
10 2 4 2 2
10 10 8 8 5
6 10 10 5 2
1 1 8 10 1
8 9 7 4 3
4 9 3 10 7
7 4 6 1 4
4 5 6 4 8
8 1 8 4 1
4 1 7 1 10
2 7 8 2 4
7 6 9 4 10
7 7 5 7 8
9 9 6 2 3
4 9 7 2 10
7 3 1 1 9
7 9 7 3 10
1 4 9 8 5
7 5 6 5 3
8 8 9 8 5
7 6 5 10 2
10 9 7 10 2
5 9 1 4 9
9 3 8 1 9
8 7 3 9 5
NoWait times: 2
0 2
