n 100
m 5
cap 50
Processing
76 16 40 49 33
39 93 1 46 23
36 4 44 75 30
13 45 100 59 53
98 79 35 80 89
28 41 36 25 66
27 31 91 65 84
65 1 18 13 4
86 42 32 45 73
54 46 18 39 4
63 46 34 23 38
61 71 12 68 76
23 57 5 82 84
76 83 19 85 5
71 19 22 85 33
88 22 6 56 18
22 45 94 48 92
31 22 40 21 77
12 28 96 83 24
81 68 61 26 81
45 38 21 40 25
100 81 24 74 9
89 9 31 84 64
18 75 7 49 23
62 70 53 43 85
58 28 41 63 80
87 88 14 20 55
61 72 95 99 67
48 64 25 85 38
25 76 7 23 81
34 37 70 29 46
71 4 19 13 44
53 41 98 22 79
58 78 63 89 71
81 6 3 93 12
44 42 4 77 38
95 64 73 77 34
65 4 10 10 70
85 4 8 95 39
87 38 53 2 47
29 60 23 19 66
15 43 27 92 57
5 16 60 96 36
60 81 12 92 92
44 20 35 42 77
82 9 43 72 29
54 96 28 34 97
89 57 79 84 82
45 2 13 85 13
35 44 75 14 74
52 38 37 36 77
87 3 40 32 34
92 54 61 88 30
25 10 5 87 32
75 53 85 20 14
61 19 78 19 72
49 71 10 35 43
59 49 9 76 77
43 23 40 54 83
25 46 30 5 65
90 22 81 78 50
69 85 69 6 24
25 99 9 6 6
38 27 21 55 36
82 13 80 17 79
96 92 3 22 59
45 30 46 66 18
84 15 60 80 73
47 71 11 66 63
78 78 1 21 83
3 58 14 33 27
77 100 77 76 60
8 52 33 1 27
55 38 58 21 37
32 49 41 82 55
13 100 2 56 24
24 59 58 53 13
68 9 33 29 47
4 80 18 86 61
1 17 74 64 46
18 12 92 37 96
39 36 56 25 41
21 82 15 85 59
14 66 1 97 96
80 95 25 20 53
75 50 76 18 18
36 53 84 36 26
100 2 5 72 50
16 11 21 32 88
35 57 12 46 87
70 21 82 19 84
29 34 90 3 53
35 12 98 83 52
10 31 32 9 24
66 52 19 56 20
98 87 30 26 68
8 42 81 6 42
95 76 98 65 79
14 33 53 24 82
11 94 100 52 33
Size
2 3 8 4 7
3 10 8 9 10
6 9 9 3 10
4 6 3 7 2
9 1 8 1 2
3 9 2 5 9
10 6 4 9 7
3 5 4 5 1
1 1 6 5 4
10 10 9 8 3
2 6 9 4 9
2 3 9 7 5
4 2 2 9 1
1 7 7 5 6
5 5 3 6 10
4 3 6 3 10
2 3 1 9 9
5 2 2 3 9
6 9 8 7 7
1 9 6 8 10
2 7 10 7 6
8 5 6 4 2
4 4 5 5 7
1 1 5 9 4
5 5 7 6 2
5 10 7 4 7
2 6 4 8 9
8 2 7 10 10
3 2 1 9 7
9 6 6 7 6
1 4 9 4 10
4 5 2 1 9
2 3 5 5 1
1 2 2 9 5
5 1 8 10 1
7 9 8 3 8
5 5 5 8 3
4 4 3 3 10
7 7 1 3 9
1 7 3 4 9
6 10 7 3 10
6 6 10 8 1
9 4 5 10 3
8 1 4 6 1
8 4 1 4 1
5 7 4 2 1
5 8 8 7 2
9 10 7 1 3
2 7 10 2 7
8 10 9 7 5
1 4 8 8 4
9 2 2 5 2
7 2 2 9 10
6 1 6 3 3
3 4 5 6 7
1 3 9 9 10
9 5 2 10 3
4 2 5 7 6
1 7 2 7 3
6 1 7 9 7
5 7 1 8 2
4 8 7 8 10
4 3 4 6 5
1 7 7 3 7
3 1 3 6 4
4 7 1 1 4
5 1 8 9 5
2 3 10 2 2
5 9 2 8 7
10 2 6 10 5
1 9 7 1 3
5 3 10 6 6
1 8 9 1 3
3 1 7 3 3
8 6 5 5 5
9 9 9 9 8
5 5 8 6 6
1 3 10 1 8
4 8 4 9 10
5 3 1 6 9
5 8 4 3 6
3 4 8 6 7
8 6 8 3 4
8 6 7 3 2
9 3 2 7 8
9 8 1 4 9
9 4 2 4 2
2 6 3 6 2
8 7 2 3 8
3 8 1 10 5
4 1 4 10 8
3 6 8 4 10
6 6 8 1 4
2 6 8 5 2
4 10 9 2 5
7 3 7 6 1
9 5 1 5 10
1 1 2 8 7
2 5 1 2 9
8 2 2 10 6
NoWait times: 2
0 1
