n 20
m 5
cap 10
Processing
21 70 97 99 47
72 4 93 39 28
86 78 7 87 19
79 38 30 61 17
18 28 74 82 59
43 95 27 26 98
74 12 95 21 45
59 12 51 31 77
96 75 84 44 29
28 2 64 81 58
55 45 52 41 47
18 99 37 45 5
80 69 74 90 34
35 83 91 29 59
50 83 2 7 67
54 70 53 25 26
81 87 54 42 76
92 36 43 69 87
77 71 6 18 5
93 21 41 20 84
Size
5 5 6 2 7
9 3 7 8 10
5 3 7 5 1
7 2 4 3 7
3 4 3 1 1
7 7 6 3 1
10 3 3 4 8
4 9 2 7 10
4 6 7 4 10
7 10 1 7 1
6 4 8 7 5
8 10 8 1 3
1 8 6 5 10
10 4 7 10 9
5 1 3 7 8
8 7 5 3 6
4 8 2 9 7
1 8 2 3 8
10 10 6 4 1
6 10 6 6 5
NoWait times: 2
0 2
