n 100
m 5
cap 50
Processing
48 99 66 70 40
90 72 28 55 77
52 74 39 38 73
74 53 76 40 2
15 49 43 5 77
6 62 6 7 10
59 79 76 35 22
19 80 89 38 26
66 41 56 28 48
71 87 85 23 47
9 49 64 81 13
98 22 26 40 65
2 72 68 75 97
90 83 17 46 72
96 30 91 20 75
57 9 93 21 63
89 84 9 80 44
7 35 86 91 63
93 91 100 88 7
60 86 75 87 21
53 86 99 51 49
79 15 15 13 8
78 25 31 41 5
99 12 16 33 78
43 48 47 14 73
10 30 41 69 65
74 98 70 85 72
79 46 67 27 56
93 96 71 27 83
80 69 39 95 19
48 71 47 92 98
9 48 73 9 70
7 60 45 76 29
94 43 26 77 89
75 74 28 39 58
39 71 53 65 55
12 14 21 43 95
33 61 43 60 45
36 84 32 90 94
96 93 69 97 97
39 4 36 98 22
77 89 100 42 75
30 90 27 86 12
14 20 48 95 28
94 15 63 65 74
6 22 81 25 66
46 25 52 45 46
46 46 7 47 55
89 6 28 92 7
83 7 4 92 12
67 11 16 34 9
30 74 77 44 92
21 10 95 25 38
49 24 83 47 75
45 100 44 33 1
2 70 11 82 63
9 53 98 74 39
4 37 65 86 69
34 7 95 97 98
21 3 100 36 73
16 21 36 32 5
18 18 57 88 57
92 25 37 67 58
43 70 40 56 17
38 45 77 81 94
14 33 57 20 94
37 94 98 61 72
2 95 16 22 65
51 40 53 6 91
13 12 25 93 15
12 22 62 51 73
97 41 44 22 19
65 30 95 99 30
34 7 11 20 65
35 69 95 22 88
11 13 36 73 61
77 96 39 14 19
9 44 7 62 17
70 1 72 98 64
46 19 26 39 72
77 89 51 27 40
57 74 66 3 59
3 61 88 51 20
60 55 30 82 38
61 12 42 7 57
8 90 39 89 38
51 61 66 40 24
29 38 6 34 58
93 9 82 62 26
39 78 4 69 26
84 69 93 94 16
21 40 64 56 70
37 23 95 21 11
55 41 45 85 64
11 89 39 96 91
32 51 76 83 50
20 13 80 68 67
57 34 37 16 75
93 49 46 7 96
17 22 73 62 86
Size
4 3 10 10 5
4 8 5 1 1
2 8 7 8 3
8 5 9 1 9
9 9 2 8 9
4 5 8 4 4
7 4 1 2 8
1 3 2 9 9
7 1 1 9 4
7 9 10 10 6
3 1 9 2 2
10 2 2 6 1
10 10 5 4 7
9 2 5 5 10
4 4 4 9 4
9 8 8 9 2
7 2 6 6 9
6 4 9 3 6
1 8 6 2 6
5 7 6 5 4
2 10 4 10 5
2 8 7 4 9
2 5 5 1 8
10 3 8 6 1
7 5 9 6 1
7 9 2 2 5
5 5 4 8 7
2 10 2 9 9
3 3 7 4 1
9 5 3 5 3
1 9 9 10 2
2 5 10 8 8
6 4 3 4 4
7 9 6 8 1
2 2 9 4 2
4 10 2 10 2
10 7 1 10 5
2 9 6 2 5
6 9 9 8 2
5 3 2 4 7
9 6 9 3 8
7 2 6 5 8
2 7 7 9 6
8 9 1 1 10
2 5 5 9 6
4 6 1 3 6
1 4 7 7 6
7 1 7 1 1
10 4 4 2 6
10 6 3 5 10
1 3 1 5 10
10 7 3 1 8
3 4 8 9 8
3 10 3 10 9
7 1 2 2 1
3 1 10 8 2
6 1 1 4 4
6 5 9 7 9
8 4 1 10 5
6 4 9 3 8
2 8 7 6 2
5 8 9 4 3
6 7 1 1 9
3 7 6 7 8
10 6 7 7 7
9 10 4 9 10
2 5 6 2 2
5 7 9 10 4
10 10 2 9 9
9 3 7 8 3
7 7 8 1 10
6 6 4 9 4
10 9 10 7 7
8 8 5 7 9
1 1 6 7 7
9 3 1 1 6
2 5 2 5 9
8 1 9 6 5
6 2 6 5 5
5 4 6 3 1
2 2 1 9 2
1 8 5 10 9
8 9 7 3 7
9 10 1 4 5
5 9 4 5 6
4 3 6 9 10
5 9 3 9 8
5 8 4 4 4
4 1 4 5 7
4 6 2 9 3
5 10 6 3 1
10 6 7 1 9
10 6 3 8 3
1 6 2 8 9
7 5 4 6 8
1 4 5 10 9
6 9 9 4 8
1 9 10 4 1
8 2 8 10 7
10 2 5 4 7
NoWait times: 2
2 3
