n 100
m 10
cap 10
Processing
15 96 28 85 99 68 38 90 62 89
80 17 55 28 41 37 53 91 60 44
75 19 33 17 58 46 45 82 93 23
40 75 88 54 47 91 96 4 42 91
84 33 26 90 10 96 84 16 60 5
10 63 44 42 92 87 67 30 71 1
69 54 10 14 49 72 29 16 99 58
31 49 27 42 13 23 95 39 35 13
96 61 83 27 83 31 33 64 71 33
6 21 47 39 2 20 31 43 61 57
55 16 27 72 84 57 29 49 53 47
59 77 57 24 72 70 37 43 15 30
28 54 85 48 81 9 26 30 85 11
2 17 76 84 33 78 84 8 62 38
4 30 81 43 31 79 34 84 46 65
19 31 67 65 33 72 46 9 19 42
75 2 76 22 77 40 18 20 81 14
34 34 14 21 95 7 28 71 37 92
47 58 12 75 80 87 84 3 11 9
3 59 20 60 65 33 77 59 49 96
90 43 54 18 71 81 82 24 36 34
5 96 32 79 98 56 40 18 42 64
42 71 40 96 86 20 89 79 22 31
74 17 62 97 97 5 66 88 36 64
7 66 24 90 14 48 75 90 74 32
20 6 81 39 55 50 12 10 8 95
75 89 24 43 36 80 55 41 2 26
61 22 99 2 47 1 95 37 92 56
5 49 84 67 78 62 6 24 44 27
12 10 27 53 24 18 29 15 1 25
75 62 44 51 71 33 50 67 33 13
32 40 68 69 55 61 33 41 9 83
53 84 73 21 79 23 75 70 86 75
5 98 38 90 14 92 43 89 44 87
29 23 50 71 94 67 4 45 84 89
58 24 25 68 81 45 22 1 42 10
53 76 51 53 39 94 54 51 37 67
95 79 58 11 38 76 85 29 61 60
75 94 64 100 11 6 33 12 91 90
69 58 85 10 25 18 10 72 23 83
40 47 98 50 100 5 15 4 84 94
47 97 44 87 13 41 76 68 19 35
9 91 52 63 27 16 77 67 48 2
2 50 92 99 37 17 70 51 57 67
14 46 93 34 97 5 78 11 57 45
22 50 74 56 67 86 2 6 45 58
40 87 8 26 3 76 77 29 69 3
88 89 86 68 18 72 14 34 62 10
14 29 80 17 86 50 10 51 28 30
66 41 71 32 23 34 18 84 87 29
54 42 100 13 89 34 51 12 43 81
76 36 14 29 94 43 4 94 16 97
15 2 58 19 93 75 41 99 50 70
99 95 97 86 9 91 8 6 52 54
92 63 47 24 89 70 64 87 40 27
38 35 85 54 7 13 62 92 61 77
28 95 35 3 34 16 14 89 56 31
17 10 7 18 71 25 37 70 76 92
53 79 94 28 56 42 46 60 25 95
50 21 29 73 64 59 57 57 66 80
4 86 61 13 80 11 97 8 18 52
98 7 68 20 83 55 27 46 87 63
45 7 13 55 87 4 57 97 22 90
85 99 95 21 44 38 42 36 88 4
28 90 24 3 72 23 36 99 92 51
64 26 56 57 75 90 93 35 98 37
90 25 40 30 12 13 43 73 44 43
64 61 44 73 30 16 69 99 95 83
76 38 46 47 1 38 56 66 76 24
78 48 85 48 49 45 35 24 75 91
78 20 43 78 23 37 83 32 39 11
53 65 97 30 89 34 53 92 59 17
93 45 50 84 72 18 81 18 83 7
34 50 46 49 29 25 40 12 44 64
2 51 79 40 100 49 61 21 88 91
78 95 51 1 60 82 32 42 54 56
97 45 21 81 50 14 39 42 100 90
50 2 28 41 92 93 75 58 27 67
36 22 39 54 65 29 75 68 59 56
18 67 70 97 98 86 77 77 88 5
95 74 34 22 1 26 87 48 23 88
8 94 24 74 96 21 17 35 29 55
16 22 74 38 17 78 66 46 69 18
90 74 34 45 85 70 8 78 32 85
20 86 38 84 73 48 35 55 2 4
98 28 91 40 54 88 38 13 61 98
6 100 18 83 19 74 67 22 56 36
43 75 76 1 9 26 26 86 99 12
93 18 12 66 92 10 66 46 49 87
29 26 23 83 21 50 33 81 92 15
88 74 29 21 92 8 57 50 49 98
100 64 33 57 19 35 58 53 80 4
17 29 69 78 87 82 25 35 81 15
1 14 6 1 11 66 91 56 30 95
6 41 30 91 90 32 51 80 87 37
19 46 49 32 63 2 41 66 94 62
45 21 11 37 64 8 4 4 98 1
7 79 3 9 58 36 7 11 36 84
32 20 92 24 66 59 57 16 78 83
8 65 36 79 7 13 93 72 45 40
Size
4 4 6 8 7 9 6 5 5 9
1 8 10 8 3 3 2 7 6 10
1 8 6 1 4 7 9 5 6 7
6 4 10 9 7 8 7 10 7 7
8 5 5 2 4 7 1 10 6 8
1 5 1 3 8 7 10 9 2 8
5 5 10 5 5 4 9 3 6 7
1 9 6 5 4 4 8 3 4 7
7 10 10 3 5 1 8 8 1 4
6 3 6 7 6 8 2 1 1 5
8 7 10 2 3 4 7 7 4 1
10 6 1 3 4 10 3 8 8 5
4 6 2 3 1 6 3 6 2 8
2 7 3 2 10 2 7 4 5 10
8 8 1 9 9 3 10 5 10 8
10 2 2 10 9 8 7 3 1 10
3 7 9 6 4 3 2 1 5 10
6 5 4 7 4 1 1 5 10 5
8 10 8 10 6 10 8 2 8 10
8 3 8 5 2 8 6 7 10 3
7 10 7 3 10 8 5 7 5 9
1 2 6 5 8 9 4 9 4 7
6 9 1 8 10 3 2 1 1 2
9 3 5 7 5 10 7 2 2 8
7 3 8 3 4 8 2 3 7 5
2 5 10 3 7 6 7 6 7 4
3 1 4 2 10 5 3 6 5 1
2 1 9 2 6 9 10 1 3 10
1 1 8 1 1 10 8 9 8 10
2 8 1 10 1 6 3 10 1 4
10 5 9 10 9 5 4 4 3 1
2 8 7 2 9 9 7 9 7 7
7 5 8 10 5 8 7 5 4 7
5 7 3 1 6 8 1 4 4 5
8 8 5 6 5 5 2 8 6 7
8 4 7 8 5 1 10 8 7 8
7 2 4 1 3 3 7 9 5 3
3 7 10 5 9 2 8 4 3 3
3 5 1 1 10 4 8 4 1 4
4 10 7 2 9 8 8 10 1 9
6 6 9 3 10 8 4 9 3 4
3 4 10 5 4 3 2 4 9 4
6 6 1 2 9 2 3 7 4 4
7 1 2 3 1 10 8 9 4 3
6 8 4 4 1 4 7 8 5 1
6 3 10 9 4 2 9 3 4 3
5 8 9 6 2 3 3 3 5 10
9 6 4 1 7 5 2 4 5 3
10 9 4 10 3 1 1 2 8 1
6 7 3 1 6 8 5 7 8 1
1 9 2 9 7 5 10 4 6 3
3 3 6 1 9 4 8 4 3 7
8 10 7 7 4 6 6 4 1 5
3 9 6 4 6 7 5 1 1 2
7 7 10 3 3 3 10 9 9 7
5 1 3 7 8 2 5 6 1 6
5 8 9 2 6 2 7 3 2 7
2 8 10 5 4 7 4 10 6 6
9 3 1 3 7 8 5 7 8 9
9 2 3 3 6 4 2 3 4 6
7 5 2 9 10 4 2 10 8 8
10 2 9 3 1 6 3 7 8 7
1 4 9 3 5 2 1 7 3 3
10 10 4 8 4 6 7 9 8 1
9 8 8 4 8 2 8 6 2 2
3 6 3 2 9 1 3 1 6 2
7 6 1 7 7 1 7 10 5 4
8 5 8 5 8 6 8 5 9 7
9 6 2 4 7 7 1 9 10 9
10 10 7 1 6 2 10 6 3 4
1 8 6 8 1 1 1 1 1 4
3 1 8 1 9 5 9 4 3 1
2 1 7 9 8 3 1 2 9 8
4 4 3 8 2 6 5 7 9 9
4 3 8 8 10 2 9 7 9 5
2 2 5 8 9 2 9 6 10 6
9 6 5 7 8 9 9 2 7 2
3 7 2 8 4 2 10 5 4 3
2 3 8 3 10 7 5 3 8 7
6 4 3 7 7 6 3 1 1 7
1 10 5 4 5 1 8 3 3 1
5 8 7 8 4 8 4 8 8 9
1 6 2 7 6 4 10 3 2 3
9 6 8 3 2 9 1 3 1 2
8 7 7 2 1 6 10 8 1 7
6 8 7 3 10 4 5 6 6 7
3 5 2 7 10 7 4 1 4 7
3 4 9 9 3 1 6 1 1 8
1 3 1 3 10 9 1 2 1 2
8 8 2 4 4 5 5 8 2 5
4 6 10 3 2 6 5 8 1 7
2 5 2 10 2 9 4 3 5 7
4 6 9 5 3 2 3 1 2 3
9 3 4 9 8 10 3 4 4 9
5 7 4 7 9 7 9 3 2 10
6 6 9 9 2 2 7 3 6 2
2 6 6 9 1 5 8 8 9 8
4 5 5 10 2 2 10 5 7 9
8 9 3 6 6 2 6 8 2 1
1 4 4 4 3 9 9 8 10 9
NoWait times: 3
4 6 8
