n 100
m 10
cap 10
Processing
32 47 97 79 38 84 88 93 94 13
24 95 5 70 70 79 99 81 41 18
71 20 58 3 11 33 98 84 73 42
18 73 89 83 80 24 6 23 45 76
46 86 37 85 28 23 35 72 66 47
39 57 32 63 98 60 10 65 83 75
27 66 9 60 24 13 58 51 69 62
100 14 76 13 52 31 1 68 1 13
8 48 40 52 5 83 37 2 19 41
16 32 19 45 80 37 96 49 76 38
43 49 4 94 73 65 32 46 95 81
38 93 42 79 15 72 45 93 6 54
77 51 20 13 82 80 36 26 16 76
88 3 71 13 99 65 36 100 46 19
20 17 15 100 59 50 60 45 95 65
99 65 36 94 72 83 8 66 50 76
5 63 76 52 64 37 35 42 59 51
95 19 20 26 55 100 67 9 79 90
74 10 57 64 67 45 26 91 6 47
5 51 22 94 27 2 90 87 16 43
46 84 18 37 11 100 15 16 100 51
76 41 35 63 61 29 30 65 5 99
13 99 91 22 93 31 49 53 86 18
74 92 66 48 79 48 99 95 69 74
78 68 93 31 1 62 49 63 64 56
49 12 58 64 35 5 31 38 15 80
30 73 37 58 39 82 94 78 46 56
9 6 14 35 81 84 36 38 40 59
95 49 4 8 35 5 99 27 60 12
62 40 63 65 3 50 19 28 30 34
77 37 42 72 34 98 52 6 32 81
42 60 71 81 44 8 82 4 20 89
32 29 18 6 17 76 60 53 77 96
25 65 54 57 67 36 44 94 16 12
50 40 50 88 4 39 44 64 74 14
1 9 78 94 39 99 83 19 1 72
17 15 64 81 23 1 50 81 33 85
73 42 90 22 87 19 79 14 19 10
40 34 42 85 87 45 68 20 9 43
37 15 55 68 33 43 54 80 7 15
47 32 67 3 64 80 75 23 19 10
52 35 33 24 68 49 33 50 3 54
19 22 99 84 94 55 75 65 89 29
77 45 16 83 26 30 34 78 45 75
25 73 19 38 53 10 41 54 81 81
20 43 61 15 63 82 29 31 12 74
54 67 29 3 53 55 12 100 24 78
3 73 97 40 9 38 52 70 30 3
88 3 75 26 56 63 46 97 34 94
54 69 56 99 15 46 12 14 49 88
65 39 62 92 27 83 92 1 88 43
26 31 24 72 1 26 14 36 54 19
75 91 65 3 52 37 69 43 89 95
52 49 91 92 56 83 85 51 97 26
29 85 43 87 72 4 75 82 61 37
92 64 25 1 81 52 34 72 9 6
92 30 84 65 59 99 97 50 95 64
93 66 36 87 95 89 82 45 26 45
72 39 67 20 14 11 37 71 20 23
18 11 50 12 64 70 18 85 13 70
56 15 87 98 64 43 82 61 18 39
55 41 69 67 81 72 54 70 3 26
96 8 41 20 93 57 46 56 59 75
58 75 13 36 16 1 98 98 40 25
81 83 21 56 32 87 72 36 27 48
16 12 84 8 71 53 95 10 11 61
8 61 95 76 73 37 45 50 72 65
27 84 56 74 95 41 37 38 34 70
14 27 43 69 91 15 1 86 29 85
36 40 21 98 70 50 80 30 5 59
98 48 12 48 59 70 79 75 50 87
62 62 67 100 35 85 4 64 14 12
75 40 7 63 36 64 48 2 22 15
25 42 66 90 88 91 62 14 27 24
89 26 70 21 55 37 31 10 4 83
42 7 56 4 83 42 65 61 1 26
55 11 98 96 87 15 27 28 90 86
19 83 74 1 11 78 33 18 64 78
66 56 43 69 16 49 69 71 64 51
60 41 20 54 74 75 70 42 23 26
93 23 46 94 71 9 18 65 20 51
46 44 14 45 19 17 6 25 84 20
49 25 65 15 36 77 85 21 73 25
93 59 19 98 3 62 89 10 11 89
11 9 43 18 79 81 41 11 22 25
28 46 3 17 17 100 99 21 4 1
34 19 37 22 16 98 22 34 5 47
39 34 68 97 81 40 82 82 9 58
63 61 42 26 13 42 95 98 2 72
58 87 83 77 38 94 68 67 6 42
29 8 49 9 68 56 77 72 59 92
43 63 73 44 36 85 48 12 17 49
81 80 81 77 14 46 18 47 77 41
90 26 47 16 6 100 1 79 6 71
72 24 63 56 80 86 66 45 90 24
8 26 89 51 49 14 21 39 78 63
54 63 27 47 73 35 9 99 55 8
29 73 87 15 43 28 65 18 12 30
70 57 43 92 79 80 89 87 97 100
46 17 25 75 89 9 36 69 19 59
Size
5 8 1 5 2 5 1 9 8 8
6 1 5 5 5 9 8 2 9 8
4 5 9 2 5 2 2 3 7 9
7 10 3 10 6 5 7 2 6 4
2 6 7 9 10 1 5 2 7 3
9 6 10 4 1 4 7 3 1 1
10 1 10 8 3 10 9 7 4 4
9 8 2 1 2 4 5 2 4 6
2 5 4 5 4 5 8 1 7 6
5 9 5 2 7 9 5 2 6 8
3 3 2 1 7 6 9 6 7 1
5 10 5 5 2 3 10 10 6 7
3 10 3 5 6 8 7 2 5 6
2 2 3 10 3 10 10 7 4 5
4 4 1 4 5 8 10 7 3 1
4 7 7 1 3 2 5 4 2 5
4 5 5 3 8 10 2 7 2 8
8 6 8 2 6 2 5 1 10 6
9 6 8 5 8 3 7 4 10 6
3 6 4 2 1 6 7 5 4 3
9 3 7 10 7 3 2 6 8 10
7 7 2 7 8 2 4 9 6 2
3 5 7 10 10 1 2 1 6 3
8 9 4 7 2 4 6 6 8 7
6 2 10 10 8 2 7 2 10 1
2 9 2 2 7 10 9 8 2 7
3 7 8 6 7 8 4 1 6 4
2 2 9 10 8 7 9 9 5 4
9 5 5 5 7 2 6 9 3 10
6 5 2 3 3 7 10 9 5 7
6 10 4 9 3 4 1 4 5 2
4 5 6 5 5 2 8 10 3 3
4 10 1 6 3 9 2 4 6 1
8 10 2 1 5 6 6 1 4 2
8 2 8 10 6 9 7 4 9 1
2 9 3 6 7 4 6 9 10 8
7 4 6 6 2 9 10 10 10 1
4 9 8 8 10 5 5 4 8 10
6 8 2 2 9 7 10 6 1 10
2 5 2 6 10 3 1 10 4 10
2 10 1 10 9 9 3 7 6 7
1 2 9 2 1 6 4 10 2 2
2 4 10 8 2 4 6 9 4 2
8 5 8 5 9 3 9 6 7 1
6 8 3 5 6 2 1 6 9 9
4 3 1 8 2 2 8 7 10 4
9 5 2 2 7 2 6 8 9 3
4 9 6 2 8 1 5 5 8 2
5 5 1 9 1 1 7 10 5 9
3 3 2 7 5 1 6 2 1 2
3 6 8 3 10 9 4 1 3 6
2 2 6 4 5 2 8 8 10 9
1 10 10 2 2 9 5 2 7 3
2 10 6 10 8 8 9 3 6 10
2 9 6 10 7 5 1 4 5 10
4 9 10 7 1 10 9 9 9 9
5 1 10 5 9 1 7 7 5 6
1 10 10 3 1 4 4 5 1 8
1 3 3 8 5 3 6 5 10 1
5 9 1 8 5 4 6 6 5 9
10 8 1 2 5 9 7 9 9 6
10 1 1 8 8 1 7 2 10 6
10 2 7 7 4 9 3 8 6 7
9 6 1 4 1 10 1 7 8 10
4 5 10 7 4 1 9 4 2 7
6 9 8 4 6 7 7 1 3 9
4 10 4 9 2 2 10 8 2 9
4 1 4 4 2 7 8 1 7 3
10 9 9 3 2 8 2 10 8 1
8 10 6 10 9 1 4 4 6 10
6 4 10 4 10 10 3 5 1 1
3 6 8 3 10 4 8 5 4 9
7 2 5 7 2 9 2 10 2 3
6 1 4 4 8 8 6 6 8 7
10 5 3 4 9 10 9 2 1 7
6 4 1 5 8 9 8 9 6 3
5 6 9 2 9 2 6 4 2 10
7 3 1 1 1 5 9 7 6 8
5 2 5 1 3 8 1 5 4 2
1 8 10 10 3 1 9 10 8 6
9 5 1 7 3 7 2 8 4 9
1 8 6 7 8 1 5 1 10 3
9 8 8 10 2 3 5 6 1 4
6 6 7 10 10 3 1 1 6 9
6 6 8 1 9 6 8 8 2 3
5 10 6 1 2 2 9 1 7 5
3 10 2 10 3 6 9 10 5 1
2 6 6 10 1 1 7 6 3 5
8 10 8 2 1 6 3 1 9 1
7 1 3 8 1 9 5 2 8 2
5 5 9 2 6 8 2 5 7 1
8 7 7 3 9 6 7 9 9 4
4 2 1 3 6 10 8 2 4 5
7 2 9 6 2 8 10 8 10 4
8 10 5 8 2 7 7 7 1 2
7 2 9 2 3 4 6 5 9 6
7 8 10 6 8 2 3 4 6 6
4 3 2 3 2 7 2 10 8 4
9 10 4 7 7 4 2 6 9 5
6 3 9 1 5 9 10 2 2 9
NoWait times: 3
5 7 8
