n 100
m 10
cap 10
Processing
92 57 82 43 51 36 56 74 51 9
31 6 87 74 89 78 1 4 45 88
62 46 76 42 21 61 43 85 100 59
48 96 97 100 73 17 36 81 32 17
53 37 50 67 33 89 66 91 42 67
44 5 63 15 3 18 41 70 61 54
86 33 82 66 94 59 87 78 24 1
77 63 92 64 17 58 45 26 36 57
66 75 83 18 48 28 59 69 20 59
34 30 36 13 72 76 41 79 6 24
99 48 23 70 19 6 44 9 30 44
17 72 40 99 57 45 81 59 5 81
14 47 60 56 64 37 43 72 35 20
91 55 8 33 32 7 66 14 49 33
9 9 13 19 17 73 99 23 94 100
82 79 68 59 92 15 2 13 91 65
24 97 58 69 12 75 21 40 84 66
50 98 16 91 25 68 46 33 76 43
76 78 10 58 59 18 14 39 9 10
90 78 51 30 89 73 50 15 90 1
48 5 49 53 65 44 68 79 53 87
91 12 44 61 67 30 15 25 43 76
97 39 100 98 30 88 37 40 8 35
97 95 72 21 3 48 87 79 71 37
78 75 23 13 74 63 37 74 18 61
2 89 19 29 97 19 61 44 66 60
2 42 32 45 76 81 100 7 26 72
42 5 91 43 74 94 47 76 93 41
58 32 81 98 46 87 91 24 63 85
58 34 97 20 16 55 42 74 63 86
69 54 90 17 5 80 38 72 71 44
97 85 30 51 47 81 25 52 70 38
53 5 49 4 83 81 77 83 64 100
18 60 47 35 77 3 10 52 92 75
1 76 27 42 59 88 49 65 27 57
56 15 98 47 73 97 40 27 35 30
89 54 88 21 79 5 24 93 4 99
28 10 71 51 78 33 95 40 20 55
54 26 13 30 14 7 7 88 88 64
42 65 18 16 72 88 13 88 7 58
87 14 68 99 7 23 79 50 56 14
26 32 3 19 38 86 46 54 19 27
39 12 6 23 40 53 3 11 38 19
5 57 87 89 40 61 27 56 68 19
61 7 67 75 29 74 25 10 89 77
63 2 29 6 9 59 66 55 25 42
81 55 4 99 5 56 70 36 96 10
52 55 50 57 4 8 98 88 78 76
87 92 53 27 94 16 85 30 10 94
81 24 89 64 65 25 69 76 16 22
25 34 65 14 14 66 28 76 64 41
90 100 67 61 24 54 12 23 85 44
79 91 48 10 86 91 70 40 89 42
30 58 20 88 24 98 74 97 82 22
57 95 4 50 91 78 82 32 5 74
59 94 71 78 54 22 18 64 67 38
90 15 23 41 59 89 24 75 26 86
99 62 98 81 40 81 96 23 41 21
71 46 72 58 89 76 31 66 40 45
22 59 56 56 31 21 76 17 54 14
21 40 25 51 86 32 64 88 62 48
64 45 95 9 87 83 54 82 65 97
13 16 12 44 8 86 37 95 19 10
12 46 74 83 81 58 24 5 30 99
10 98 44 87 70 82 87 80 53 87
39 13 13 2 83 88 96 22 73 53
49 39 27 99 55 15 83 33 21 38
84 92 26 71 92 78 38 45 57 43
97 94 14 96 80 43 80 100 83 58
70 27 1 43 66 10 39 68 79 24
56 87 78 54 55 22 75 41 7 35
49 62 26 27 59 97 34 4 30 14
57 69 54 44 73 23 59 18 54 30
64 34 50 20 18 96 19 36 74 52
14 49 92 49 87 14 64 57 38 82
94 33 11 85 5 89 36 12 48 58
2 71 38 50 60 35 23 35 78 88
58 2 89 50 18 6 3 64 11 90
24 33 62 82 6 38 22 97 79 85
31 97 80 19 70 35 75 26 96 76
26 29 44 10 75 7 12 1 52 31
26 40 18 94 21 18 73 39 7 6
83 26 4 54 81 79 12 55 81 8
95 18 63 23 58 83 98 27 56 54
73 82 51 97 55 10 48 55 5 34
89 77 28 40 61 14 73 53 65 84
40 82 8 12 80 17 79 73 28 9
64 65 26 59 29 59 9 9 54 68
83 17 25 79 65 85 33 36 91 3
48 13 8 85 4 28 18 79 27 17
81 98 37 68 22 8 49 97 4 15
71 78 38 92 62 56 90 84 17 40
35 61 25 41 96 9 48 61 84 76
48 88 97 83 46 49 48 31 62 31
40 86 7 18 6 15 65 24 53 54
40 2 11 77 15 48 6 98 52 9
65 32 86 27 67 97 18 100 5 13
87 5 98 65 91 36 65 77 2 65
79 45 61 38 4 60 74 66 78 50
48 88 29 83 53 95 42 5 12 41
Size
5 4 1 4 9 2 2 6 2 2
4 5 3 7 9 10 9 5 2 10
6 5 3 10 1 4 9 1 8 8
2 3 8 1 7 7 9 1 5 2
10 10 5 6 8 3 8 6 1 7
6 1 9 8 5 8 5 10 4 10
9 9 10 2 9 6 4 3 2 5
6 4 7 5 8 6 4 9 10 2
1 2 4 3 10 10 1 1 5 4
2 7 6 5 9 5 10 10 3 8
10 4 2 4 7 5 9 10 10 3
10 8 1 7 2 8 3 10 2 7
10 3 5 9 8 10 10 4 1 10
2 9 4 4 8 6 3 1 6 6
8 2 4 1 1 10 2 1 2 3
1 1 4 9 3 1 4 5 4 1
1 8 3 8 7 5 5 6 4 8
1 3 2 3 10 3 10 5 9 7
2 3 5 2 9 1 8 3 1 8
3 7 10 3 6 8 6 7 6 8
6 1 3 1 10 10 7 6 9 4
2 8 9 8 4 8 10 4 8 9
3 1 9 4 4 8 7 10 10 9
6 3 7 4 7 5 10 4 7 1
5 7 4 2 1 10 2 7 9 6
2 2 5 1 8 4 9 2 4 5
7 6 4 8 8 10 6 10 8 1
1 5 1 2 3 5 6 5 1 9
5 7 4 8 2 3 7 6 3 10
6 5 6 8 8 2 10 10 1 3
5 3 7 8 2 6 10 1 9 1
5 8 1 7 1 1 8 8 6 7
8 2 6 3 3 7 4 6 1 2
10 3 2 3 9 5 1 1 8 1
5 4 8 6 8 6 9 6 8 7
6 2 6 9 7 9 5 9 3 10
4 5 10 4 9 5 6 5 1 2
4 6 7 6 8 5 2 7 10 2
5 1 9 7 4 9 10 9 9 8
8 5 3 9 10 9 1 7 5 2
7 5 1 2 9 1 7 6 7 8
7 2 8 8 4 6 2 6 5 8
7 7 3 7 6 10 10 5 1 10
3 2 10 4 1 10 10 5 10 4
10 2 10 7 8 8 3 1 1 2
2 7 2 6 8 2 10 8 2 5
5 2 3 8 1 2 6 1 3 2
9 5 5 5 3 5 7 10 9 6
4 1 9 7 5 10 6 6 10 2
4 10 4 6 2 3 9 3 6 8
7 10 7 10 5 4 4 9 7 10
2 6 8 6 6 8 9 7 2 7
1 6 6 4 5 4 3 9 5 10
5 6 10 4 7 4 9 8 1 10
3 9 4 5 2 3 10 4 3 6
6 6 4 4 1 4 3 3 8 5
9 1 6 8 1 1 10 10 4 8
7 6 7 8 3 5 10 3 3 4
7 10 1 7 1 6 6 6 2 10
9 7 2 6 4 9 5 1 2 6
7 10 8 1 6 6 2 8 5 3
7 1 2 8 1 5 8 10 10 4
9 7 3 2 2 3 6 2 5 6
5 5 3 2 10 5 1 1 4 3
7 1 5 2 3 8 7 3 2 4
3 6 10 7 7 8 4 9 10 2
7 9 4 4 10 1 4 6 7 5
3 5 5 1 9 1 9 3 9 4
2 8 10 10 3 8 3 2 6 10
1 9 10 9 7 4 6 6 9 5
8 10 1 10 4 5 4 3 1 1
5 2 10 7 3 9 5 10 2 7
2 6 5 10 8 10 2 8 3 4
3 1 3 5 7 9 6 8 1 6
5 2 4 7 1 8 8 2 3 5
9 1 2 4 2 2 8 7 9 2
7 4 6 6 7 4 9 10 2 10
6 3 6 2 4 1 3 3 10 2
2 10 8 9 2 8 5 3 10 9
5 8 6 5 3 1 6 3 5 7
5 1 9 9 10 2 7 7 1 9
1 2 1 8 2 9 2 6 9 3
9 2 4 6 2 6 7 9 9 2
9 7 3 10 8 10 6 1 10 1
3 9 9 9 3 9 9 4 8 7
6 8 5 7 6 6 5 4 7 8
8 5 3 10 9 8 4 8 7 4
8 6 8 10 3 5 4 9 1 3
1 2 1 7 8 1 10 8 6 5
3 7 4 10 2 9 4 4 10 5
10 5 7 7 9 7 9 9 10 1
4 4 5 8 9 3 3 9 5 9
9 8 9 5 7 7 5 2 8 1
10 8 9 3 5 7 2 8 9 5
9 5 6 3 9 10 1 2 2 8
10 10 3 9 6 10 2 2 8 1
10 1 7 9 3 9 2 5 4 6
7 10 2 10 3 6 8 6 7 5
10 6 8 7 3 9 1 2 7 10
6 8 6 9 8 6 8 2 8 6
NoWait times: 3
0 4 8
