n 100
m 10
cap 10
Processing
31 10 6 94 14 85 48 14 77 30
27 1 79 33 21 95 91 73 4 53
49 43 81 67 26 24 79 32 4 83
85 74 14 84 31 52 58 31 65 85
16 15 86 43 28 39 13 77 1 84
59 10 3 92 71 96 44 33 44 1
100 12 37 26 19 1 34 24 5 91
61 16 32 84 81 39 21 1 55 62
7 46 98 75 78 89 30 2 63 7
68 98 9 48 78 51 3 39 89 73
99 27 25 13 59 34 19 85 8 47
43 14 55 70 39 96 31 13 78 34
89 49 31 56 67 38 55 99 6 86
81 6 85 30 28 63 29 93 13 19
35 17 92 26 6 64 50 18 89 6
86 45 58 2 70 28 80 15 70 82
52 24 65 60 95 99 16 96 73 46
67 7 9 60 65 33 90 74 25 53
86 90 72 16 86 100 15 85 80 69
16 52 83 91 64 32 18 90 45 80
75 61 53 56 93 37 67 43 24 100
81 29 18 70 50 30 37 39 15 84
61 51 5 38 39 39 58 64 80 5
42 62 14 8 65 33 87 90 31 40
35 82 65 76 42 84 20 4 59 58
32 72 1 76 78 42 66 55 68 66
52 53 33 84 69 41 97 77 88 7
9 56 99 71 5 53 67 94 61 68
13 96 40 62 5 3 52 4 43 82
64 88 81 85 97 56 25 57 69 59
35 91 46 16 18 28 8 9 32 95
51 17 90 28 90 40 33 16 45 54
62 15 66 13 55 75 1 98 66 23
52 21 13 86 42 15 11 1 26 19
40 81 68 58 87 9 59 84 53 69
70 87 83 76 66 32 51 50 99 98
71 61 85 84 36 50 49 27 99 88
94 91 59 57 77 89 86 96 64 10
73 83 45 78 55 52 43 43 72 50
65 16 4 96 19 36 18 13 40 54
68 92 16 20 94 86 89 8 84 92
94 78 91 58 35 67 92 9 60 44
92 78 68 73 1 77 62 72 94 32
21 28 5 3 49 42 66 39 78 86
95 6 46 83 29 69 85 75 50 50
49 29 41 44 95 12 24 88 39 98
41 95 74 71 90 96 14 28 78 88
58 26 9 83 34 58 79 8 27 7
51 53 37 85 10 94 5 4 66 61
97 10 54 72 100 1 23 76 15 83
9 67 34 5 9 7 46 61 97 8
73 79 11 34 4 93 38 43 77 94
72 1 72 95 50 44 87 64 2 5
13 8 100 86 100 83 99 45 82 82
37 37 31 96 9 89 35 76 34 17
12 3 70 71 54 97 52 72 8 78
29 74 59 76 15 94 56 74 20 33
10 55 67 55 9 3 10 22 54 39
61 59 49 46 21 30 20 75 74 20
47 91 69 67 94 94 52 52 32 25
68 45 13 10 57 84 58 35 54 72
46 11 64 35 33 84 3 22 93 8
40 6 83 19 14 76 65 12 4 39
68 23 69 64 31 65 41 36 20 71
70 10 77 97 56 24 37 38 80 78
61 52 63 40 65 83 20 68 44 34
48 74 10 77 82 27 19 98 53 85
35 60 13 11 10 41 31 3 25 55
90 96 21 88 17 61 2 99 54 83
32 29 10 89 22 52 50 17 58 17
83 24 27 33 12 5 73 91 39 66
32 1 64 5 8 31 35 5 39 53
96 89 18 40 10 52 5 89 77 21
48 74 70 18 53 30 47 92 38 73
83 40 62 80 34 31 47 8 86 4
76 35 38 59 72 85 4 99 40 31
100 26 56 52 76 22 49 63 32 87
28 47 73 40 40 15 18 14 24 85
36 55 83 1 9 92 64 21 32 93
85 49 66 48 16 27 82 83 36 80
59 98 73 25 35 14 36 53 45 53
50 2 25 34 12 96 27 60 78 72
100 100 4 97 5 15 10 67 76 91
57 35 37 27 81 38 27 35 11 91
8 89 85 98 47 40 19 69 2 17
55 9 74 86 96 47 60 89 53 11
18 13 9 88 12 65 40 80 31 48
64 22 63 45 10 53 10 21 37 20
69 49 5 88 2 97 16 67 28 19
19 57 61 27 34 31 42 59 98 64
17 8 68 89 88 55 51 4 45 32
54 56 61 3 4 18 15 86 76 29
81 49 49 23 51 12 19 8 20 80
93 17 92 17 42 71 47 100 23 95
42 95 72 39 84 25 93 41 20 35
60 69 4 82 84 17 58 21 84 94
66 87 14 51 46 75 7 51 32 26
4 96 95 37 73 26 2 99 69 23
42 41 2 15 14 85 15 14 80 82
80 54 33 71 73 52 53 49 97 37
Size
1 9 8 10 8 5 10 9 9 6
5 8 10 5 8 6 9 6 4 7
8 4 8 10 10 2 6 3 3 6
4 8 3 8 7 8 1 1 8 3
4 1 6 10 7 7 2 3 3 6
9 7 5 2 4 9 10 8 2 8
9 3 4 1 9 3 3 1 9 1
1 4 10 6 8 8 10 4 6 1
7 3 3 1 10 7 6 1 8 5
5 4 10 3 6 4 4 1 7 4
3 7 6 8 10 10 8 10 6 7
9 8 1 2 7 3 8 9 2 9
8 2 4 8 4 7 9 4 6 1
6 8 6 10 7 4 7 1 1 7
8 7 8 5 3 8 5 5 3 3
8 7 9 9 2 5 8 10 8 4
10 3 6 10 6 2 1 8 3 6
2 3 6 6 4 2 3 7 5 1
7 7 6 8 3 2 7 7 2 10
7 6 4 4 10 6 1 10 8 10
6 9 5 8 7 10 4 4 1 4
7 4 5 2 10 1 5 1 4 9
5 7 5 2 10 8 2 4 6 10
7 7 5 5 3 4 3 6 3 8
9 10 9 9 1 2 10 7 2 4
10 1 6 4 8 3 10 7 2 6
4 1 4 5 6 8 6 4 2 10
7 5 2 8 2 3 1 2 9 8
4 2 1 2 4 7 6 10 1 9
7 4 4 4 1 5 4 1 9 1
7 1 3 7 9 3 9 9 2 9
10 5 2 7 3 5 1 3 7 4
8 2 4 2 6 10 5 5 1 6
8 5 1 1 6 9 6 2 10 7
2 9 6 7 1 4 5 8 1 8
10 1 7 9 2 4 1 10 8 2
1 10 7 4 7 5 2 4 1 7
2 8 7 8 1 4 2 8 9 2
8 3 6 6 1 5 7 3 10 9
10 3 1 8 1 8 3 5 8 4
8 10 1 10 5 5 6 2 5 4
9 3 1 10 7 10 8 4 6 1
10 9 8 8 2 8 8 6 9 4
7 9 9 3 7 9 10 7 5 5
9 7 4 9 9 1 5 4 10 4
9 9 9 1 6 9 9 1 9 9
9 2 1 10 8 2 1 1 3 2
1 7 4 9 7 8 4 5 5 2
9 8 3 9 1 9 4 6 1 8
6 1 5 4 1 8 2 1 9 6
9 6 8 4 5 6 3 10 9 8
1 9 1 6 6 6 7 10 8 10
2 1 2 4 8 6 6 2 1 5
3 2 1 2 9 7 5 8 5 7
8 7 8 4 7 5 3 9 1 10
9 3 2 7 1 5 6 10 5 7
7 3 6 5 3 10 1 3 4 6
9 5 1 8 10 3 8 8 8 1
4 1 5 7 8 10 6 3 7 6
7 1 6 3 8 6 2 3 3 7
7 4 9 9 8 8 6 2 4 4
4 2 5 5 9 2 8 5 1 1
3 3 9 3 10 10 8 2 7 3
6 2 1 2 10 5 8 8 7 8
10 7 2 10 7 2 9 5 5 9
3 5 1 8 2 1 10 4 3 6
7 4 2 1 10 8 1 8 5 7
7 7 5 1 6 3 6 3 4 7
8 3 8 4 1 5 9 4 2 5
7 2 4 9 3 1 1 1 3 7
1 2 5 3 2 8 10 2 2 2
4 10 7 3 5 3 6 2 6 6
6 9 5 4 3 7 1 2 3 6
9 7 6 7 9 2 8 3 3 1
8 3 10 6 10 9 9 10 10 10
9 5 4 2 5 2 4 7 8 1
1 1 10 7 3 8 1 8 8 8
4 8 2 1 7 7 5 10 1 3
10 10 10 10 10 2 1 9 9 1
1 5 8 9 8 1 3 9 6 10
1 9 7 7 6 3 9 3 3 10
4 2 1 5 10 9 1 10 1 4
10 3 9 5 6 6 2 5 7 8
9 6 5 10 10 10 4 4 6 6
5 3 1 4 3 4 3 6 7 4
8 7 1 4 10 9 1 4 4 2
10 7 7 8 8 10 2 8 10 2
8 8 10 4 1 4 3 6 1 2
3 3 7 1 7 3 5 8 5 7
6 8 4 3 10 8 4 2 7 9
10 3 2 1 1 10 10 10 3 9
9 4 2 8 10 2 5 4 4 1
6 10 4 4 9 10 4 5 2 5
5 1 6 3 7 9 1 6 6 5
7 5 2 10 8 2 8 9 4 8
9 1 4 3 3 1 3 6 2 4
4 6 3 2 3 1 4 1 8 4
10 2 10 5 2 10 4 9 7 1
1 3 6 4 6 3 8 9 8 8
5 4 8 7 3 3 10 10 2 1
NoWait times: 3
1 7 8
