n 100
m 10
cap 10
Processing
30 38 54 81 13 100 3 89 78 66
65 97 3 46 27 49 69 55 90 8
2 6 2 12 18 87 7 6 46 31
2 49 23 35 83 87 26 66 38 54
79 64 97 92 96 94 51 88 45 40
68 15 34 79 3 73 49 77 22 32
32 37 76 67 68 82 72 49 59 23
87 50 10 71 24 59 66 88 52 22
63 32 69 24 15 54 26 25 63 63
17 35 42 97 70 34 64 45 38 65
62 29 9 29 15 26 65 98 58 11
46 7 7 21 33 43 63 22 81 91
11 98 79 28 34 96 50 53 34 57
44 52 89 5 81 46 95 10 38 91
52 56 75 79 52 6 83 22 41 16
57 13 1 65 20 54 48 30 64 84
59 98 50 69 66 43 93 26 59 8
92 34 89 8 68 1 52 54 51 90
94 98 75 81 17 13 56 81 44 69
99 76 61 41 88 30 89 71 24 53
25 39 6 15 94 82 87 71 74 87
91 35 99 28 66 40 49 65 90 92
6 61 40 14 66 49 54 57 37 76
25 3 58 59 44 89 13 66 22 16
67 80 19 100 98 53 63 44 68 19
86 54 27 48 69 72 75 91 86 49
26 82 39 96 2 86 48 84 46 16
94 62 91 87 28 69 47 4 83 9
22 52 48 11 31 62 70 33 57 18
39 92 99 65 20 12 35 64 98 15
22 4 91 25 68 6 73 88 33 30
78 38 71 71 3 57 4 98 10 47
89 8 11 37 1 54 36 82 94 9
15 38 8 37 91 69 90 6 37 36
74 57 16 29 71 54 44 41 7 87
19 60 9 34 19 88 5 63 4 23
16 63 33 88 58 31 7 69 14 74
43 83 35 15 70 84 79 82 4 20
68 38 82 32 6 54 66 100 49 11
75 56 49 31 59 68 89 18 58 98
66 14 89 29 73 69 13 76 42 20
37 34 50 32 93 66 16 8 10 25
6 55 33 46 69 52 54 20 75 70
69 100 92 57 73 13 26 18 98 67
19 56 28 9 85 88 59 45 37 89
91 67 56 32 96 14 81 5 87 71
91 40 93 91 40 13 92 83 74 98
69 97 14 67 72 49 71 20 23 53
37 100 86 12 13 66 28 88 83 92
21 4 8 18 73 46 69 66 20 26
3 19 96 25 86 46 70 88 99 4
37 88 42 61 9 59 91 10 54 91
39 70 18 2 20 36 96 78 85 38
6 8 84 35 83 73 62 32 47 8
44 89 8 64 87 14 92 41 20 97
31 90 89 59 8 85 56 47 41 75
41 2 70 52 47 84 45 94 58 46
52 22 19 28 60 77 49 91 28 44
70 95 36 86 99 18 30 58 44 69
64 83 89 44 2 42 78 39 42 95
83 17 93 40 8 29 38 86 9 26
94 53 70 86 55 22 57 22 34 67
96 65 44 56 30 40 40 84 55 48
66 91 30 6 57 41 69 71 56 4
54 82 43 90 31 73 46 86 17 68
39 25 71 60 40 20 2 23 36 63
90 26 55 11 18 82 87 37 86 94
46 26 93 39 86 34 68 86 89 97
10 84 21 27 52 92 76 26 5 8
34 82 67 95 10 79 22 5 29 29
64 90 18 35 33 4 90 49 33 89
52 27 33 16 45 65 81 78 19 43
88 25 31 68 36 62 37 66 2 77
31 70 98 52 55 26 63 53 60 94
34 24 14 42 43 57 60 13 19 96
66 94 47 87 36 79 23 66 23 18
81 49 10 81 41 16 40 69 13 96
15 65 36 93 12 85 76 16 94 79
98 58 27 82 62 52 95 80 92 96
57 18 97 45 3 55 70 51 37 72
11 78 85 12 76 40 28 89 61 44
74 80 12 66 17 4 60 98 99 84
81 84 87 90 39 59 92 61 67 20
23 44 29 99 55 87 22 18 21 89
63 80 82 43 12 56 41 17 73 81
32 98 22 45 17 67 10 95 39 100
58 77 57 35 79 94 75 50 28 93
32 87 51 37 59 93 13 68 84 62
40 26 94 65 2 19 71 67 53 28
66 62 48 50 85 29 43 94 75 68
4 91 87 64 10 66 32 66 33 86
24 11 31 83 15 82 4 73 13 55
51 4 45 60 13 97 2 30 46 81
76 96 63 26 14 26 88 52 7 6
34 43 12 41 49 99 67 95 18 18
99 69 53 89 99 76 12 21 77 57
63 68 17 9 49 46 30 35 22 57
22 75 25 89 32 16 76 11 19 35
59 56 49 2 1 89 93 99 46 72
86 87 82 79 10 61 69 88 61 18
Size
9 7 2 1 3 8 1 6 1 6
6 7 7 3 4 7 5 10 3 9
8 6 1 2 8 3 4 7 2 1
10 10 7 7 6 8 6 5 4 5
10 1 10 9 9 2 10 4 7 6
1 2 2 7 8 5 2 9 5 2
2 6 9 1 2 4 7 10 6 1
10 6 5 8 8 10 2 8 4 9
7 10 9 6 10 4 7 2 2 5
4 2 2 1 7 9 4 4 6 9
7 1 2 1 8 1 10 2 1 6
8 4 3 1 9 10 6 7 8 9
10 3 4 4 8 7 10 2 3 5
2 4 6 6 1 8 2 4 5 10
4 10 6 1 4 10 6 5 2 5
1 10 7 5 8 6 3 8 8 2
8 2 1 5 10 7 6 3 5 4
9 10 10 7 6 8 8 2 4 2
6 6 8 8 1 10 10 7 3 10
2 10 2 2 2 2 6 7 3 6
2 7 4 6 1 10 4 3 7 7
10 5 6 8 7 6 8 4 5 9
5 9 4 7 6 10 2 7 10 9
8 9 7 10 3 1 5 4 10 7
10 3 6 7 8 4 8 2 7 6
5 10 10 4 9 1 9 9 10 1
9 1 9 10 5 10 9 8 3 1
9 4 1 3 1 7 3 3 7 10
4 4 6 6 4 5 3 4 10 3
3 3 4 10 9 6 3 9 7 8
2 4 9 9 9 9 2 9 8 3
4 3 6 1 5 10 5 2 1 6
7 1 4 2 5 3 7 5 9 3
10 4 9 5 4 3 3 5 6 3
10 2 10 2 9 10 2 5 2 4
3 8 3 4 6 8 10 6 7 9
8 3 10 2 1 5 7 1 6 9
1 1 1 4 6 9 5 2 7 2
10 10 4 10 6 1 6 2 9 3
5 5 4 7 2 8 2 3 2 1
8 2 7 7 5 8 7 10 10 4
8 6 5 3 2 10 7 2 5 5
7 10 6 5 9 6 7 3 3 8
1 10 6 10 10 7 8 8 6 6
7 4 1 5 7 7 8 9 4 6
2 6 6 7 10 8 8 7 6 9
9 4 10 2 2 6 2 8 6 6
10 5 4 9 5 10 7 6 1 3
4 2 9 4 2 4 1 8 5 2
4 6 7 4 5 7 1 6 2 1
8 7 6 4 8 9 2 2 3 8
7 3 2 7 5 2 8 5 2 7
8 7 3 3 10 3 9 5 3 7
1 4 5 9 5 6 3 2 10 4
8 10 1 6 6 7 6 2 6 5
7 7 2 2 7 3 4 6 6 7
7 4 4 2 5 6 4 2 7 10
2 3 2 7 6 6 10 9 9 5
6 8 4 4 1 1 2 2 4 2
8 4 7 1 3 9 2 4 3 1
1 9 1 10 5 5 5 5 6 4
3 4 7 8 6 5 3 6 5 8
5 1 4 1 4 3 10 3 6 5
2 2 3 10 1 6 4 6 9 9
9 3 6 7 4 2 6 10 4 9
2 8 7 5 9 1 5 9 4 9
3 2 1 1 6 10 8 7 4 3
6 2 9 10 7 10 8 5 9 2
9 8 3 4 4 9 7 5 1 4
1 6 8 10 6 8 8 5 2 8
3 3 4 4 6 1 7 8 2 5
10 10 8 2 2 7 9 7 1 9
10 1 9 6 9 3 2 4 10 10
9 3 5 10 5 4 4 7 5 2
4 5 8 3 2 5 1 6 9 10
6 4 10 4 7 6 10 3 1 5
9 5 6 7 8 9 10 5 9 3
5 7 7 5 5 9 4 3 10 10
9 9 5 1 4 2 4 4 4 6
1 6 3 6 5 3 9 5 9 10
9 3 2 9 1 8 8 5 6 9
9 4 1 9 8 1 7 8 1 1
3 1 6 5 1 8 3 4 7 3
6 9 8 7 5 5 8 5 1 7
9 9 6 6 2 5 6 4 5 9
5 10 1 1 9 9 3 10 2 8
2 10 4 7 4 5 3 10 7 1
10 1 2 7 9 3 4 8 2 9
2 2 7 8 9 6 9 7 8 4
2 1 3 10 9 10 6 9 4 8
3 4 10 3 1 1 8 10 1 4
8 1 8 8 5 9 7 10 2 3
9 7 6 2 5 5 1 9 5 9
4 9 3 5 6 1 7 5 6 2
9 8 8 7 8 7 4 8 1 2
5 4 8 9 3 1 3 2 9 9
4 4 2 1 1 6 1 10 3 9
9 8 7 8 4 7 10 1 2 8
3 5 7 3 9 1 4 2 5 2
4 1 2 3 1 1 9 3 10 3
NoWait times: 3
4 7 8
