n 100
m 10
cap 10
Processing
82 88 44 8 23 57 49 36 80 72
38 77 26 46 10 71 40 82 48 75
76 31 17 33 81 77 30 51 55 62
20 42 33 19 92 29 64 91 91 11
61 13 70 19 22 3 96 21 9 28
79 92 35 79 68 66 42 58 42 61
67 52 8 33 49 72 58 73 62 47
39 30 92 85 35 97 65 90 32 72
52 31 96 94 3 59 22 29 93 16
51 17 28 84 92 11 50 62 65 88
68 60 51 45 58 63 37 37 97 37
96 96 62 45 10 84 42 65 1 5
26 21 44 37 4 43 1 96 86 79
91 27 29 17 46 55 76 100 9 57
99 65 70 25 15 29 7 90 19 16
89 31 42 31 48 86 92 45 84 85
29 91 34 30 47 66 7 76 86 57
32 33 51 56 12 53 4 52 77 13
77 62 12 26 68 14 59 38 17 57
4 1 38 49 10 8 94 65 81 55
25 82 7 89 58 28 93 59 98 39
27 18 20 97 6 59 23 48 45 29
26 80 5 1 65 78 55 64 47 59
43 39 7 8 42 59 21 69 45 44
88 1 35 68 27 76 53 11 21 62
51 88 92 46 40 74 46 1 4 86
7 9 54 61 83 76 7 25 79 82
36 29 63 74 74 87 59 80 72 24
11 24 17 83 47 7 79 7 86 82
9 81 12 29 74 51 27 46 94 45
82 56 4 5 92 95 19 84 80 100
42 82 85 27 86 72 50 18 4 11
10 41 62 90 90 91 97 33 19 40
82 36 45 49 48 20 48 10 43 61
46 10 53 86 27 34 43 71 48 96
51 59 40 60 49 90 3 47 13 81
67 28 47 34 62 83 100 36 98 2
72 90 29 46 42 14 59 43 40 74
17 8 42 62 21 37 24 16 95 10
44 11 23 42 10 67 100 38 27 16
11 34 77 42 7 81 44 9 84 16
49 37 31 29 44 72 50 18 5 91
97 70 33 87 49 85 23 95 70 32
24 99 15 7 55 79 13 80 71 63
47 54 79 42 15 73 21 43 92 99
25 41 9 43 52 11 31 55 62 18
48 29 46 66 31 40 36 78 58 5
64 53 35 5 43 51 20 93 8 4
9 41 38 80 100 63 31 56 71 38
5 12 71 13 64 41 69 57 82 63
6 32 33 15 100 79 86 93 10 35
21 40 51 27 4 52 3 44 34 53
89 55 40 6 66 72 5 28 84 75
27 90 100 48 50 99 91 29 96 3
9 82 82 34 49 86 85 51 34 76
13 67 44 68 51 87 41 77 38 43
60 41 91 93 81 1 61 38 14 69
49 44 96 58 8 46 35 46 67 83
38 67 9 20 84 50 52 92 53 33
78 5 59 59 98 11 11 21 79 7
80 92 56 45 32 20 71 77 53 51
19 96 97 98 66 96 43 96 2 9
87 64 54 30 61 81 79 92 9 7
23 96 93 51 5 76 48 5 32 59
56 96 51 76 52 37 53 95 97 83
44 57 40 42 5 4 69 14 44 59
42 47 3 95 68 73 66 8 55 81
59 14 42 97 14 6 77 38 55 14
85 89 93 95 12 46 14 89 50 98
16 4 84 95 97 44 28 90 9 28
65 55 11 20 87 53 75 40 43 66
90 92 42 98 32 39 38 82 14 5
27 5 65 100 61 62 89 3 39 4
73 73 70 48 48 3 92 2 65 9
56 64 6 25 79 68 30 10 77 56
69 51 94 25 29 35 1 59 70 70
86 7 40 58 41 15 32 58 31 86
29 92 93 4 57 13 22 92 35 41
16 74 15 61 91 29 94 69 54 97
52 48 25 51 69 24 37 43 54 48
17 90 90 51 84 67 69 69 28 74
83 69 50 49 42 38 61 41 33 98
95 68 82 24 36 51 61 66 84 51
22 96 100 33 14 13 18 66 83 37
70 54 62 82 18 18 37 65 9 35
61 10 41 66 68 21 94 25 70 7
7 69 73 21 27 46 66 84 89 39
15 73 14 3 93 78 80 39 35 32
67 80 72 5 5 17 91 31 20 14
30 6 9 17 19 48 57 2 14 47
27 83 75 38 57 94 9 100 74 46
100 7 13 91 93 31 67 51 26 95
55 19 77 86 24 92 81 88 29 12
77 90 65 46 41 40 73 78 2 92
69 58 5 22 97 37 94 85 9 54
59 4 18 13 6 1 66 14 8 42
22 34 96 48 75 38 73 22 10 14
50 90 66 49 1 25 78 45 64 77
88 10 16 34 80 51 28 22 40 91
36 60 83 89 11 59 26 26 34 26
Size
2 10 5 2 10 6 3 5 7 1
1 6 9 8 4 1 9 4 6 2
3 2 4 6 1 5 1 5 2 8
5 1 10 7 6 10 1 3 4 7
6 10 7 3 3 3 10 8 9 8
5 10 6 2 3 10 7 3 3 5
2 10 5 8 8 10 8 9 6 8
4 9 1 1 7 8 8 5 3 3
2 4 8 6 2 10 1 7 8 8
6 10 1 6 5 2 5 9 5 2
3 2 2 6 2 8 1 10 8 7
4 7 7 4 7 8 5 6 2 3
7 7 7 1 10 8 5 9 6 4
8 7 5 6 2 2 10 6 3 3
3 4 6 3 9 10 9 7 10 2
10 2 7 7 10 5 9 2 8 3
8 9 7 3 2 1 2 8 2 6
3 4 5 1 5 6 3 6 2 3
5 3 5 2 3 1 7 2 10 9
4 7 5 6 2 10 3 1 9 10
4 7 8 10 1 2 10 1 6 6
4 1 4 6 7 5 2 7 3 10
5 8 2 8 1 7 2 9 9 3
2 8 9 8 3 9 7 1 1 4
10 5 3 3 1 4 5 7 10 10
6 6 4 7 6 9 9 3 1 7
4 3 4 1 1 1 10 7 7 8
3 6 3 7 2 5 3 7 5 1
3 3 1 8 10 6 7 6 3 8
9 4 10 5 7 5 9 5 5 7
9 3 6 8 9 10 9 8 1 2
9 10 7 3 1 4 5 9 4 8
2 10 8 2 8 4 1 2 9 7
10 1 7 7 3 8 6 3 7 3
8 8 1 4 10 8 3 2 9 7
4 7 2 3 2 3 5 6 3 8
8 8 1 3 2 9 9 3 8 10
1 2 8 4 2 5 9 5 6 1
4 6 8 9 2 4 4 3 10 8
6 10 10 1 9 7 4 3 9 4
2 5 6 8 5 3 7 4 7 4
9 9 9 9 1 3 3 3 9 8
2 1 8 1 1 7 4 2 1 7
4 1 5 2 3 6 3 7 2 6
4 10 9 4 7 8 3 6 9 2
5 9 2 8 10 1 4 4 2 5
10 2 7 2 7 4 6 5 4 10
6 5 1 1 5 10 10 2 10 1
10 10 9 9 1 10 4 9 4 9
6 6 6 1 1 8 9 3 4 8
10 7 8 4 7 1 9 3 5 4
2 10 10 6 8 6 9 3 7 4
10 1 8 10 7 1 10 10 8 4
8 2 2 2 5 5 3 7 5 1
3 1 4 3 6 9 1 4 3 5
9 2 1 3 1 2 2 1 2 8
4 10 2 2 5 7 4 8 2 9
4 6 9 6 6 2 10 4 4 10
8 1 10 6 2 4 10 6 4 5
2 7 8 7 7 7 4 5 6 4
6 10 5 9 3 2 10 7 4 2
5 2 8 1 10 9 5 7 7 9
8 10 6 2 9 10 6 5 2 7
6 6 4 10 10 10 1 7 1 8
10 9 6 7 10 8 9 8 10 1
7 1 2 8 3 5 3 7 8 5
8 2 9 7 1 8 4 10 10 2
10 9 10 6 10 3 1 3 4 3
9 1 2 9 10 3 9 9 2 4
2 10 10 6 4 7 5 4 5 5
4 2 8 2 9 3 9 9 6 8
9 4 2 4 8 2 9 1 10 4
7 7 5 7 2 8 5 8 2 7
2 3 7 4 5 3 1 3 7 10
7 1 2 1 7 6 5 7 6 4
3 10 9 2 5 8 10 2 8 6
4 1 9 7 4 9 3 6 7 10
2 4 6 2 5 8 6 8 6 6
6 9 5 10 5 4 1 6 7 3
9 4 5 3 10 6 3 3 9 3
1 7 7 1 8 5 2 7 5 4
7 7 8 4 7 9 5 4 8 7
9 6 10 1 6 5 7 3 9 6
8 6 4 9 9 8 4 8 9 10
3 5 7 8 4 9 7 2 1 4
8 1 7 1 4 5 6 8 4 8
1 7 3 8 9 4 1 6 3 8
5 7 4 5 1 10 5 10 1 7
9 3 3 1 4 3 9 6 4 5
3 8 5 10 8 10 6 7 10 6
1 4 4 2 8 1 2 4 4 7
3 4 9 10 4 2 3 8 1 9
8 7 6 8 10 4 2 3 10 8
4 8 4 1 7 7 5 8 1 3
10 2 1 3 3 5 1 2 6 9
5 9 7 5 6 9 6 7 5 10
10 10 4 9 5 2 2 9 3 1
7 8 6 6 8 8 8 5 9 7
5 6 10 6 4 5 8 5 2 5
2 6 2 8 2 8 9 6 6 6
NoWait times: 3
0 2 7
