n 100
m 10
cap 10
Processing
87 58 19 62 17 43 27 27 18 76
21 13 70 65 7 40 75 90 79 36
90 98 99 74 18 57 14 1 26 54
95 13 75 35 53 13 10 38 90 28
14 38 40 18 82 43 43 63 21 100
82 40 27 99 61 25 37 70 89 93
65 81 35 23 15 15 70 97 81 88
22 40 64 16 80 68 3 54 50 74
56 44 96 58 84 69 46 11 19 18
26 68 91 74 61 33 28 31 90 64
94 23 29 69 58 24 52 48 33 49
43 14 32 1 1 83 100 30 39 7
14 44 44 8 61 39 65 97 46 60
58 54 26 10 64 37 48 74 84 76
81 32 6 84 87 3 19 21 82 54
45 84 78 40 58 87 82 44 26 56
89 91 16 38 63 93 92 32 13 18
51 8 50 99 49 27 86 85 31 8
31 60 69 66 8 2 26 98 50 15
61 21 7 8 71 60 25 46 3 14
19 27 90 25 75 82 5 92 82 85
23 9 29 22 63 42 1 88 6 31
25 28 17 52 57 91 13 5 74 99
22 53 35 76 50 36 4 85 100 32
60 16 88 6 44 36 14 12 60 11
70 66 85 79 80 86 47 71 58 99
79 63 84 43 28 44 8 4 59 79
55 15 22 86 100 76 96 23 62 31
68 61 6 89 47 35 32 49 27 88
37 69 24 26 17 77 22 83 1 33
89 15 54 76 82 64 63 6 96 35
53 86 38 90 69 44 16 48 32 41
19 22 49 26 67 46 22 50 33 67
2 72 62 59 12 78 5 94 34 51
92 54 71 48 89 55 97 79 26 13
37 12 53 91 45 79 58 38 54 100
56 21 71 19 92 77 25 73 72 27
33 25 59 66 32 74 64 92 16 29
23 24 64 68 17 2 40 57 70 52
7 41 83 55 20 75 54 90 96 88
31 88 51 89 6 92 19 75 86 31
78 55 23 88 67 87 49 96 26 30
39 73 56 45 33 72 56 17 20 75
8 56 41 38 62 85 85 91 14 2
76 2 93 46 93 98 43 31 90 45
17 8 2 73 54 52 14 29 78 3
70 90 71 78 89 44 55 2 60 40
33 28 96 27 34 62 88 89 45 3
88 90 34 73 7 56 25 15 17 32
89 18 83 11 41 36 21 7 12 11
34 16 40 86 34 77 51 91 29 69
37 38 8 64 86 22 60 98 19 78
78 80 17 67 46 87 13 20 21 52
40 33 16 52 81 95 41 72 57 48
11 46 93 32 75 52 60 87 62 78
96 24 89 80 70 81 40 42 80 37
47 88 89 65 77 93 93 32 7 82
11 59 80 10 9 50 96 10 23 34
96 93 90 98 92 40 14 7 81 73
84 51 73 96 16 56 32 37 98 60
44 55 79 59 39 26 87 100 73 7
89 40 87 23 2 42 22 24 30 53
5 43 67 99 84 3 29 88 20 70
61 44 45 6 69 72 48 30 40 84
69 16 100 9 52 40 50 19 65 21
75 33 89 39 73 81 75 93 29 18
73 16 30 93 17 41 94 74 34 26
64 87 91 2 52 85 45 42 92 90
95 89 16 52 18 3 35 22 15 23
81 66 70 63 68 99 51 60 38 64
43 87 28 27 91 87 55 43 12 34
14 68 25 89 48 97 97 62 54 99
71 31 97 44 72 98 12 98 21 43
81 49 81 1 64 78 44 20 2 30
59 17 77 61 15 11 40 4 90 17
32 5 68 99 35 27 22 88 94 37
4 53 24 11 81 31 40 17 84 36
36 6 48 86 49 76 36 34 1 100
18 98 53 60 75 25 57 71 90 21
80 70 44 9 75 38 23 29 48 16
60 83 80 99 57 87 17 15 48 59
70 93 80 6 13 23 96 78 49 29
45 97 22 99 27 66 40 95 80 4
39 56 81 22 27 90 54 66 14 47
69 20 54 20 90 75 3 76 15 47
50 21 65 82 26 6 41 4 12 85
100 1 28 24 59 95 25 79 19 57
99 42 39 100 56 29 5 35 94 78
90 36 63 8 97 75 48 11 22 34
72 17 97 91 60 16 68 14 90 84
29 89 79 12 65 34 79 56 30 12
14 6 43 92 28 75 17 39 38 15
24 65 29 23 61 63 8 36 52 19
19 24 98 64 85 85 31 15 90 29
12 100 23 14 71 27 98 13 14 32
84 85 89 19 8 24 24 18 84 33
87 84 12 18 43 42 95 1 65 100
24 1 61 68 63 32 9 28 19 68
6 72 87 30 6 29 75 91 14 21
97 70 79 62 64 18 9 43 63 45
Size
7 5 9 8 2 5 8 10 1 9
9 1 8 1 7 10 2 10 3 3
4 4 1 7 6 8 6 1 6 4
7 9 10 10 1 3 2 9 5 2
7 7 8 9 10 4 7 4 5 4
3 4 10 2 3 8 10 3 5 2
6 10 1 4 5 2 7 1 9 8
2 7 1 9 3 5 3 3 10 7
7 10 7 6 8 1 5 7 1 7
7 3 3 1 5 9 4 3 6 1
1 9 1 5 7 9 9 7 5 3
5 4 3 8 6 2 10 2 1 6
7 1 7 4 2 9 3 3 1 8
6 2 1 4 8 10 6 1 2 4
10 4 1 7 2 3 9 8 1 6
3 10 8 1 9 2 10 7 4 4
6 4 10 3 10 9 3 9 10 6
10 4 5 6 5 4 10 3 2 4
1 5 6 6 8 4 5 6 2 7
3 2 3 9 6 1 10 9 3 9
10 7 6 3 7 5 5 9 8 4
10 9 4 10 10 6 4 5 3 1
7 10 5 6 1 8 10 10 6 10
3 2 7 8 4 9 7 7 2 9
5 8 9 3 7 3 3 6 3 1
3 2 10 10 10 6 8 10 9 5
7 5 8 8 4 6 1 5 8 7
7 8 7 10 6 2 5 6 6 6
3 2 10 6 6 8 2 9 5 1
2 3 1 7 1 2 7 8 3 6
5 4 2 8 9 4 7 3 10 8
2 4 5 10 2 2 7 8 7 1
3 9 1 5 10 10 2 7 4 8
9 9 5 5 3 7 5 10 4 1
1 8 3 2 3 9 9 6 5 1
6 1 6 2 4 9 1 9 9 7
7 10 6 9 4 9 2 2 7 6
9 5 9 6 7 8 6 2 1 5
1 1 7 5 7 3 10 10 6 9
4 4 7 1 2 1 4 4 10 8
8 8 8 4 7 4 2 2 7 3
3 5 5 10 5 2 3 2 4 1
2 2 4 7 9 10 8 9 8 7
4 1 6 1 10 2 1 1 3 3
8 4 1 6 7 7 6 6 5 2
1 1 1 7 4 4 7 10 1 1
1 4 10 1 7 5 8 9 10 7
6 3 3 4 1 9 7 5 8 10
7 2 6 8 7 8 3 5 2 7
1 10 10 2 8 5 7 9 3 5
4 2 10 10 6 4 1 2 1 7
10 5 1 1 1 6 2 2 8 6
9 7 2 1 9 8 9 6 4 2
4 6 8 3 4 8 3 1 7 8
10 2 5 9 5 7 5 8 5 10
1 7 7 7 6 5 2 1 9 10
5 9 8 7 6 10 7 9 4 6
1 4 6 6 7 4 2 7 9 10
10 9 2 2 9 7 10 10 2 8
1 7 6 9 3 5 8 4 9 5
3 4 6 5 10 1 5 9 3 7
8 9 5 4 5 4 8 6 8 3
2 10 10 8 9 9 7 4 8 7
2 7 9 10 3 1 5 7 5 5
10 9 5 1 3 1 4 2 2 7
2 1 10 9 6 6 7 1 6 10
8 6 2 7 1 1 9 3 3 5
1 5 6 7 8 8 10 4 3 3
5 4 1 9 5 4 9 7 1 10
2 8 8 3 3 8 8 4 5 10
1 1 4 8 3 6 2 6 4 4
10 1 7 1 10 8 4 7 3 10
6 4 2 4 7 7 1 8 6 1
3 4 5 7 2 9 1 9 5 5
1 10 10 4 7 8 6 10 3 6
8 3 2 2 9 6 6 6 5 8
1 7 6 8 3 1 9 2 3 8
10 2 3 1 4 2 10 9 8 9
9 10 5 2 3 3 10 10 4 2
8 7 6 4 9 8 8 4 3 10
8 8 8 8 9 7 1 10 2 3
4 2 7 1 2 10 1 9 7 8
2 6 5 5 7 8 6 8 2 3
9 9 2 10 8 8 8 9 10 1
6 4 9 2 7 10 9 2 3 2
10 7 3 5 6 9 1 10 3 3
3 2 5 6 7 7 7 5 6 1
8 10 4 2 6 3 7 3 8 4
9 3 5 7 9 9 2 8 3 7
3 2 4 5 8 8 10 10 6 6
8 2 5 6 3 6 7 1 1 10
2 6 10 6 3 4 6 3 4 3
4 8 7 10 5 1 6 6 4 8
5 10 9 3 9 9 4 7 2 9
9 1 8 5 4 9 3 10 9 3
10 10 5 3 1 9 3 9 7 2
6 4 5 5 5 9 10 10 5 7
5 5 6 5 10 2 1 4 8 4
9 4 9 9 9 9 7 10 3 5
9 1 7 1 7 6 1 6 9 3
NoWait times: 3
4 7 8
