n 100
m 10
cap 10
Processing
98 79 64 25 55 18 97 56 88 10
45 20 8 94 26 76 74 6 61 59
88 74 1 69 67 20 28 63 28 81
20 81 62 12 24 13 87 90 85 64
11 84 34 47 24 28 78 71 43 10
36 91 28 87 5 90 90 3 51 7
16 89 19 68 88 83 90 71 1 39
24 18 99 47 38 9 17 32 62 14
22 31 96 77 68 64 71 90 60 73
24 6 91 1 39 96 87 2 17 21
21 42 85 84 26 84 54 61 47 67
81 4 90 14 37 22 55 1 47 25
63 87 31 20 9 86 17 5 57 7
9 51 30 97 87 50 93 78 80 49
85 25 2 12 25 96 74 99 95 53
22 99 27 66 73 48 58 6 64 96
70 43 75 69 58 100 74 89 20 16
14 40 92 73 85 86 23 5 92 28
39 99 88 69 17 37 81 45 92 28
26 65 18 95 77 38 89 57 70 19
11 66 56 67 48 53 57 71 77 11
36 7 78 13 87 38 38 35 34 64
56 98 20 11 33 9 71 92 80 75
17 29 28 7 83 20 6 94 90 74
65 29 18 97 61 52 2 43 85 32
25 67 87 39 11 75 34 7 91 33
96 49 86 91 33 74 98 16 45 91
20 83 52 25 34 10 47 15 5 29
58 37 73 44 90 11 16 71 13 41
47 88 53 85 43 42 58 20 82 89
100 52 47 99 76 16 100 4 66 91
73 66 22 8 29 47 87 38 68 38
87 76 27 70 22 15 75 3 66 40
82 47 43 99 26 40 77 48 89 41
6 38 15 100 70 90 60 29 78 9
67 90 92 74 9 39 59 40 68 22
100 70 88 4 60 32 96 25 29 66
43 86 84 53 32 25 73 84 77 96
86 97 56 91 72 72 76 24 13 27
62 95 18 13 20 47 90 56 51 52
64 49 86 18 71 60 15 29 10 97
52 3 80 11 44 44 58 30 49 70
26 33 94 47 8 80 81 43 33 92
43 76 10 55 28 38 81 39 41 78
43 23 81 75 25 46 100 20 67 42
14 6 8 35 87 92 17 1 66 33
16 27 76 54 19 56 43 14 58 14
64 69 68 23 33 75 85 73 49 19
28 85 51 29 66 10 66 39 10 4
95 96 92 1 83 21 55 44 47 42
4 93 91 69 63 3 60 66 42 66
7 85 20 72 63 84 74 6 69 55
18 77 10 98 31 32 37 33 95 96
31 14 20 86 18 73 3 40 90 75
75 23 98 29 69 48 66 70 10 77
38 7 42 40 81 6 30 72 18 21
23 76 29 85 43 42 30 62 83 59
13 76 78 17 69 98 2 17 93 95
50 91 29 48 31 7 58 44 51 100
24 77 29 93 89 43 47 10 85 99
59 12 66 71 11 84 25 67 90 82
11 29 16 41 52 68 18 5 28 74
47 9 18 55 93 87 1 57 22 59
10 27 91 69 46 1 37 94 69 43
4 31 5 38 49 63 69 3 36 35
7 19 38 47 60 89 54 7 37 3
58 34 25 52 44 35 95 18 40 24
47 65 6 49 71 84 83 74 2 33
33 12 11 60 65 29 98 6 43 98
9 82 65 56 74 74 57 5 23 80
9 1 92 9 19 56 68 61 96 20
30 58 54 44 15 86 15 18 9 2
50 49 58 34 75 57 65 19 38 74
13 77 98 13 92 3 5 22 61 59
1 97 21 32 67 27 26 18 87 54
43 40 33 48 92 59 85 31 25 80
36 16 94 66 58 21 7 49 10 13
66 45 5 46 38 64 91 46 85 39
13 11 89 2 29 64 18 62 34 33
50 95 76 57 83 33 62 21 14 55
68 91 4 95 48 1 36 7 29 40
81 95 75 81 99 49 13 27 73 91
40 48 67 30 22 81 90 14 32 37
25 6 43 93 71 17 61 11 62 52
39 41 31 88 53 13 25 23 41 1
29 26 21 51 91 45 93 48 98 72
47 42 85 64 71 60 34 75 14 16
5 6 7 85 25 67 50 81 39 46
1 47 34 62 8 63 10 67 20 67
6 8 92 13 5 48 22 20 54 67
52 37 11 97 91 37 25 68 79 89
18 16 67 37 95 66 8 100 39 41
80 63 99 20 5 61 6 7 6 40
30 26 56 41 85 98 97 27 96 65
64 62 86 90 86 17 8 45 74 92
45 99 49 73 40 15 78 39 87 70
7 36 43 91 98 27 22 1 33 82
100 55 34 86 76 34 68 12 63 1
88 65 32 14 64 76 90 38 30 72
65 72 77 96 80 85 92 84 23 51
Size
4 1 5 2 10 4 4 1 6 6
3 10 8 3 2 5 5 2 5 7
4 5 6 8 7 1 4 5 9 10
5 1 8 10 5 2 4 3 4 5
3 4 2 9 9 3 3 8 7 3
9 1 9 8 8 10 3 6 6 9
2 6 8 6 2 7 6 5 6 7
7 8 9 4 6 5 3 7 7 3
10 4 9 1 8 8 4 9 9 6
4 2 9 10 1 4 7 8 8 3
3 5 6 7 2 9 10 3 5 4
10 9 7 10 10 7 6 8 5 4
2 9 4 1 9 9 7 2 2 1
4 1 6 2 5 1 5 8 7 3
2 3 4 9 3 8 7 9 5 9
8 8 7 10 5 4 4 3 2 10
7 9 10 9 6 2 4 10 1 6
3 3 3 4 3 3 4 4 2 2
3 7 8 7 7 8 7 8 3 10
7 2 1 7 4 10 5 6 3 8
7 10 7 8 7 8 9 3 3 6
7 2 10 6 3 1 9 9 4 10
4 8 2 6 2 2 2 9 7 10
4 10 4 5 6 3 5 3 8 10
4 10 2 7 5 2 8 8 3 5
8 3 1 6 4 10 7 7 10 3
3 3 1 6 3 9 6 7 7 6
7 10 7 8 3 4 2 8 3 7
9 1 4 9 10 9 3 2 9 5
5 6 3 2 8 1 7 7 2 5
3 6 7 10 8 1 3 6 6 2
5 1 3 4 10 1 1 9 10 7
2 10 9 4 3 7 5 5 7 5
1 9 10 3 10 10 8 5 6 1
2 7 1 6 10 7 2 9 9 6
8 7 6 9 8 2 2 2 8 5
6 7 5 8 2 4 9 4 7 6
4 7 3 4 6 3 3 2 2 1
9 5 8 9 6 1 1 9 4 7
3 1 8 9 6 3 2 4 5 6
1 2 8 1 7 3 4 2 10 1
6 7 5 9 10 4 10 5 9 3
4 8 5 4 10 6 3 8 9 2
7 2 7 2 6 2 7 1 9 5
5 5 4 9 5 4 8 10 4 1
10 3 1 7 5 7 9 7 1 2
4 6 6 5 5 9 3 1 7 3
5 7 9 9 9 7 5 9 8 10
1 3 1 1 9 8 3 10 6 2
4 3 7 9 9 8 1 4 9 7
1 3 3 3 5 8 4 3 6 3
7 9 8 4 7 5 3 5 4 8
5 1 8 7 2 8 2 10 8 9
8 10 10 1 5 1 9 7 9 8
7 3 5 8 7 2 7 10 4 10
4 1 10 10 2 9 1 7 3 10
6 9 8 10 8 9 4 2 10 1
9 7 7 7 10 9 7 10 8 6
3 9 3 4 7 7 3 9 7 1
5 4 8 6 8 1 4 9 8 7
7 6 3 8 7 1 1 2 6 9
2 6 1 2 6 6 2 4 7 4
3 1 8 8 9 2 4 4 9 10
1 8 5 9 4 4 3 4 9 6
6 2 3 1 10 9 8 7 7 3
6 2 10 3 4 6 6 3 10 1
5 7 1 1 9 6 3 6 4 5
1 8 10 8 8 10 4 7 3 7
9 6 8 9 8 5 9 3 2 4
2 9 5 6 6 7 1 4 9 3
6 1 3 3 10 5 1 8 10 1
2 9 6 2 5 3 3 8 7 6
3 4 10 6 10 6 2 4 5 7
4 4 4 3 7 1 4 8 1 10
5 2 9 1 6 2 10 2 10 9
9 8 2 1 7 10 10 4 9 1
6 7 8 6 8 10 1 8 8 6
6 9 1 9 8 2 9 1 1 10
6 1 1 8 1 4 4 3 2 7
10 9 6 4 4 4 9 5 4 5
2 7 10 1 5 4 3 5 3 9
4 5 1 9 4 1 7 4 8 3
2 7 7 7 3 1 3 7 10 3
8 6 4 3 8 2 5 4 5 3
10 3 1 10 2 8 8 8 4 4
5 9 5 4 6 4 7 8 9 1
7 5 6 1 10 3 9 6 4 7
8 6 8 5 10 2 1 8 1 8
6 4 3 4 1 5 6 1 3 7
5 4 6 8 6 3 7 10 10 5
4 3 9 9 8 7 3 10 1 1
5 6 9 8 8 6 8 10 9 3
1 2 5 3 2 6 7 8 4 3
5 4 9 5 9 2 8 3 2 9
6 9 3 4 9 3 6 6 7 1
6 5 5 8 7 6 5 8 2 2
5 3 5 6 1 9 7 10 8 10
4 9 9 3 5 6 7 5 5 7
9 1 6 8 9 7 4 7 2 8
9 6 3 6 8 1 10 2 10 4
NoWait times: 3
4 5 6
