n 100
m 10
cap 10
Processing
4 45 21 6 39 16 8 32 2 14
64 15 67 88 21 52 21 85 77 81
35 91 44 63 67 5 90 63 52 23
63 30 18 50 15 67 33 49 86 26
54 4 44 90 71 99 17 37 85 26
8 89 21 21 55 79 27 55 8 71
82 35 53 83 29 76 64 91 94 30
60 46 57 93 74 95 74 35 8 27
95 27 72 59 69 7 31 21 46 74
80 28 85 15 51 14 45 47 36 44
41 27 69 14 86 69 99 100 83 12
11 28 92 58 58 39 85 43 39 31
83 67 83 97 45 44 74 88 4 92
83 85 41 82 26 93 29 20 21 84
83 82 85 47 93 100 88 10 69 84
97 9 65 84 50 65 39 10 25 94
86 1 2 22 42 28 35 50 92 28
44 73 73 35 92 76 79 43 8 58
32 94 7 57 13 99 58 82 45 2
39 76 35 10 52 48 16 38 100 11
95 49 8 22 77 93 65 20 14 17
7 99 85 43 10 93 41 27 14 1
51 96 34 27 90 14 96 63 4 30
50 52 95 47 21 98 47 50 96 59
43 28 84 54 81 11 90 89 12 81
53 39 65 86 97 31 32 18 6 68
58 18 25 50 90 39 39 27 76 85
66 33 57 52 70 82 48 39 67 78
4 77 93 47 17 34 94 30 41 98
88 50 67 8 18 65 16 61 12 33
87 79 42 73 89 42 4 27 89 22
30 89 74 35 75 54 54 74 52 93
35 14 86 64 21 43 15 5 14 72
83 9 20 88 73 68 26 58 90 29
41 39 82 65 75 35 25 64 34 96
46 93 86 16 69 41 23 71 100 10
83 92 10 85 21 93 10 70 43 90
46 4 34 11 27 64 43 16 30 18
87 5 36 74 38 90 12 68 66 46
90 86 73 72 8 27 45 60 97 41
40 88 96 95 43 86 54 26 26 8
93 98 26 71 89 17 36 65 1 73
14 12 52 95 35 95 69 28 44 14
93 40 50 85 76 71 2 85 42 52
96 82 61 36 25 98 1 39 56 48
8 74 23 81 85 54 70 31 48 57
9 70 38 78 82 5 76 84 75 90
97 62 13 19 36 35 98 1 40 67
13 37 13 3 18 42 56 69 47 30
93 82 95 68 32 40 45 50 54 51
73 47 73 98 3 43 88 21 55 81
51 3 64 1 60 80 26 94 74 15
43 19 34 84 80 32 90 24 49 44
15 90 62 72 52 89 93 89 47 80
95 47 40 1 75 71 72 56 58 67
8 56 65 13 99 13 58 89 7 88
9 75 44 3 16 58 70 44 89 10
48 95 65 29 16 56 40 74 10 10
79 56 93 36 37 73 15 31 45 83
66 31 62 25 85 3 27 38 28 92
67 81 1 90 17 75 13 31 66 52
8 79 11 15 26 40 24 2 3 23
47 62 4 76 3 11 26 93 72 37
85 16 79 96 40 39 56 45 68 14
79 62 80 84 92 44 41 54 51 53
44 64 58 15 51 75 43 82 51 15
87 94 6 11 51 97 64 26 61 90
85 70 72 6 68 14 100 29 34 27
79 94 26 85 79 23 78 87 48 100
60 75 100 57 79 87 68 20 71 38
24 65 16 14 18 60 10 51 18 96
24 59 88 64 94 98 77 94 4 39
90 9 49 66 36 15 79 39 56 41
27 7 29 33 86 51 88 51 83 11
4 70 63 39 65 10 40 31 42 38
95 51 99 9 16 92 25 37 29 23
85 19 17 8 18 4 72 100 76 66
97 20 94 86 2 80 73 72 28 94
49 28 22 78 97 21 30 43 77 23
17 32 62 72 24 99 11 67 15 68
87 67 50 85 7 51 40 4 65 52
52 92 71 61 79 19 41 39 98 87
76 91 61 84 11 38 38 98 37 46
68 24 87 42 91 94 93 78 21 91
45 65 86 59 49 57 10 58 97 38
97 72 96 73 26 97 9 80 29 25
73 69 22 52 1 27 53 87 89 69
38 49 39 99 73 41 61 64 20 83
93 62 67 68 80 51 49 34 1 4
51 8 91 18 12 52 69 74 79 18
82 5 98 21 16 26 70 84 30 79
34 5 2 30 11 33 89 87 12 35
24 44 83 58 12 62 18 81 67 12
70 97 38 95 59 45 60 84 33 12
88 93 100 59 77 40 66 36 29 29
76 57 49 21 35 24 90 91 30 95
84 98 100 69 37 78 38 88 90 36
96 39 95 83 78 67 31 82 92 12
88 96 43 66 36 6 25 34 77 100
25 64 19 2 35 99 97 93 5 77
Size
5 10 2 3 2 1 4 4 6 2
10 3 2 2 10 8 5 1 1 2
6 10 4 2 4 8 8 8 9 9
9 7 3 2 1 6 1 6 4 8
4 1 8 1 8 1 6 7 7 3
9 5 3 1 4 8 10 10 10 4
7 7 8 4 9 8 9 7 1 8
3 10 6 9 9 6 3 9 7 7
8 10 9 6 6 9 6 8 6 2
6 9 9 7 3 5 9 1 10 1
3 8 2 6 6 4 9 10 1 8
2 7 6 8 5 1 7 5 8 5
9 5 4 6 6 10 9 3 4 2
7 2 4 9 3 8 1 4 2 2
10 7 6 10 6 4 1 6 7 6
10 6 6 4 1 10 6 1 8 3
2 7 10 6 2 1 4 1 8 7
8 9 1 10 8 4 5 8 1 6
1 1 3 3 7 3 6 2 7 3
4 4 8 9 1 10 7 1 2 10
5 2 3 10 7 7 4 6 2 9
6 3 10 2 4 9 8 8 4 3
1 10 8 1 2 8 10 3 10 1
9 7 7 1 9 1 9 1 3 5
4 9 10 1 8 7 1 5 7 3
5 2 5 9 1 2 8 8 8 9
8 9 2 3 6 7 10 8 5 2
4 2 1 3 9 3 9 7 4 3
7 10 1 4 9 5 10 4 9 1
7 8 7 7 9 5 10 5 6 3
8 3 9 3 10 6 1 7 9 2
4 2 8 3 7 1 9 7 10 9
2 10 5 7 6 8 3 1 6 10
3 6 2 1 6 4 8 3 3 3
4 6 5 5 3 8 8 8 1 3
3 4 3 10 10 2 9 5 6 1
8 10 5 9 3 1 2 6 3 4
7 4 6 6 1 7 7 5 7 1
4 4 5 6 9 6 8 6 7 6
4 6 3 3 7 9 7 1 8 1
6 1 6 3 7 9 7 10 5 2
4 10 6 7 9 8 4 5 3 7
7 8 6 7 5 7 3 3 5 9
3 3 10 8 10 9 2 6 10 10
4 6 4 7 9 9 6 8 2 7
6 5 3 9 5 3 4 4 4 8
1 4 1 5 3 1 10 1 1 1
1 10 9 3 5 2 3 5 7 4
4 4 4 3 9 8 4 10 9 3
3 6 7 5 4 7 5 1 9 5
10 7 6 5 3 7 5 4 4 7
9 5 7 2 1 7 8 6 7 7
5 1 2 1 6 2 10 10 4 2
7 7 6 3 6 5 9 2 6 7
10 6 6 2 6 6 8 5 7 3
1 4 9 8 8 5 6 9 1 7
3 5 2 9 10 9 9 7 2 9
7 8 9 8 5 4 9 10 10 4
2 6 9 9 10 10 9 1 7 1
3 1 10 4 10 5 1 3 8 9
5 1 7 7 8 10 2 2 1 4
5 9 10 9 10 3 5 2 1 9
9 10 4 3 7 5 4 5 5 3
7 9 10 5 10 5 1 2 7 8
2 1 4 6 4 10 1 7 9 4
4 3 6 7 6 2 9 5 3 2
7 3 2 4 8 6 5 10 2 1
4 3 9 10 7 10 6 10 6 7
8 6 1 2 4 7 7 9 2 2
9 3 8 5 9 4 7 3 5 8
8 8 9 4 6 8 3 8 4 3
1 2 1 1 2 6 3 9 10 6
8 1 10 1 6 8 7 5 1 4
3 4 3 2 2 1 3 1 2 3
6 6 2 5 10 1 1 3 3 1
6 2 9 9 7 6 1 6 4 6
4 8 7 2 7 5 3 7 5 5
9 9 9 5 2 7 10 6 7 5
2 2 2 8 9 8 3 3 1 3
7 9 2 3 7 7 5 1 1 2
8 4 5 5 1 6 2 4 2 9
6 9 1 4 2 7 2 7 10 9
3 8 5 2 3 9 9 8 4 8
4 4 7 2 6 8 6 2 2 10
10 4 3 9 10 2 10 4 4 5
2 2 10 7 2 2 1 9 10 10
5 7 8 2 10 3 2 9 4 4
1 5 8 2 1 3 8 6 8 2
4 5 8 9 4 3 4 6 1 9
6 10 4 2 8 5 3 9 4 2
2 7 7 9 9 1 9 7 5 4
9 4 10 6 9 9 4 6 6 7
9 9 10 2 5 7 9 1 3 9
1 5 3 3 2 4 6 7 3 2
3 10 1 4 7 4 6 9 3 9
4 2 2 8 4 2 8 7 4 1
5 6 3 10 3 9 4 1 6 9
5 5 4 5 4 1 7 6 3 3
2 3 4 1 2 1 5 2 10 1
7 1 1 3 5 1 10 6 10 6
NoWait times: 3
0 2 4
