n 20
m 5
cap 10
Processing
34 32 52 23 25
25 73 46 81 65
27 42 22 96 22
65 95 50 49 78
79 66 76 100 86
39 92 16 15 89
87 59 50 100 16
58 97 84 63 80
85 56 33 8 66
11 60 34 81 15
34 13 25 67 42
90 22 65 86 47
21 77 16 89 8
24 71 31 99 63
41 76 62 49 61
27 99 14 14 17
32 85 32 10 72
72 34 31 57 79
57 33 13 74 58
82 66 45 21 42
Size
4 8 6 2 9
2 6 9 4 2
8 8 5 1 8
6 4 10 8 2
3 5 10 9 1
6 1 1 9 3
2 1 3 7 1
8 9 5 10 6
4 2 3 7 2
7 1 10 3 2
8 10 9 3 10
1 1 10 5 5
5 10 9 7 10
9 1 8 1 6
3 3 7 10 10
8 1 4 1 8
10 9 5 4 10
1 8 6 7 6
4 3 9 2 9
2 1 10 8 9
NoWait times: 2
0 1
