n 100
m 10
cap 10
Processing
66 35 15 3 45 86 76 26 76 66
38 54 7 95 54 47 22 29 76 33
83 11 75 14 51 50 33 55 59 25
5 94 100 53 1 14 29 100 11 71
46 99 13 97 6 78 66 21 3 52
11 100 73 100 58 32 27 100 85 3
81 31 33 94 95 9 55 8 13 50
20 2 15 85 9 93 33 90 5 84
37 75 3 78 33 45 67 17 93 84
41 38 49 36 87 100 55 16 7 39
52 58 50 61 28 77 22 60 6 7
61 42 39 8 2 78 77 100 52 43
10 12 88 63 80 28 72 97 12 91
30 5 37 95 4 24 4 18 27 74
62 62 26 67 49 49 17 40 94 65
38 20 86 76 15 22 33 36 5 46
91 77 44 55 6 59 1 41 18 69
56 37 4 93 20 38 10 45 74 15
43 42 65 88 83 74 26 47 31 12
99 23 76 5 44 36 85 93 76 73
49 50 5 61 33 48 93 18 84 63
68 93 41 15 75 42 40 3 4 13
36 86 80 83 48 9 14 9 61 95
33 4 63 63 6 3 90 36 91 23
84 10 15 68 85 55 65 51 19 63
13 10 90 64 33 51 90 92 37 48
80 35 27 80 81 64 2 48 39 17
85 77 41 35 4 91 47 93 90 83
79 46 64 74 13 20 92 76 14 22
64 70 56 72 68 88 32 26 54 6
94 99 65 34 71 70 83 39 43 80
98 94 37 11 25 34 46 35 71 23
27 21 31 42 93 56 58 86 10 48
20 26 6 83 12 63 5 72 84 75
45 80 43 89 84 89 84 27 15 87
73 28 31 3 25 38 47 87 79 30
12 33 91 74 38 99 72 4 15 25
86 5 74 68 15 84 9 71 15 96
41 44 48 66 63 63 1 80 81 82
34 55 34 24 54 52 90 88 99 62
85 77 32 18 51 10 71 21 56 88
49 60 74 49 19 5 67 48 32 28
89 87 20 42 35 98 48 83 96 66
91 32 35 59 49 4 49 63 78 32
83 71 70 11 58 66 16 88 8 56
50 46 78 82 25 69 8 37 43 37
88 37 99 84 77 29 74 16 53 71
95 13 34 53 43 14 62 92 90 38
71 26 95 52 38 80 100 11 35 14
29 69 91 15 74 81 36 80 36 24
74 14 32 42 66 95 70 34 98 93
6 78 58 49 90 34 40 55 90 79
63 28 72 46 45 71 38 9 57 24
64 27 86 10 55 63 87 88 15 46
48 21 77 95 92 28 74 25 10 62
84 41 79 66 42 41 21 31 100 75
15 25 36 60 69 8 39 62 40 20
59 45 22 68 65 78 80 45 55 30
35 25 77 63 28 83 1 18 89 93
40 82 28 11 33 29 31 42 2 61
83 16 74 81 1 17 26 56 49 43
76 6 63 40 49 99 51 7 94 58
68 46 21 56 75 44 19 16 37 1
2 70 25 51 88 81 29 10 91 22
4 59 28 87 61 72 29 48 10 57
57 30 22 53 6 15 85 98 17 97
93 11 57 2 35 37 68 15 81 41
47 52 28 7 97 21 21 71 5 40
91 27 72 73 77 89 36 22 56 46
90 84 62 63 98 16 10 16 25 55
78 73 23 41 62 28 22 27 92 85
51 94 8 92 46 70 91 83 9 54
66 93 46 36 81 24 89 74 69 13
24 91 75 7 32 70 14 67 44 72
1 54 23 89 76 57 22 15 29 94
35 1 81 35 96 13 78 13 99 44
95 18 25 69 14 16 64 28 6 62
20 95 91 53 50 80 28 80 58 75
41 81 35 1 80 32 20 9 38 22
7 83 10 49 40 22 25 81 94 88
57 18 1 65 77 60 73 56 68 97
59 43 46 94 30 58 59 61 91 34
12 47 79 98 47 16 2 12 3 77
67 85 15 30 95 27 57 52 63 45
49 78 6 96 83 14 46 20 94 11
18 64 47 87 77 40 34 4 67 44
35 20 90 19 18 84 97 96 61 58
86 71 20 79 8 38 60 84 86 41
30 65 22 62 53 15 43 21 79 44
31 52 69 26 13 18 38 25 40 36
47 75 10 88 14 14 75 37 91 69
93 80 98 45 18 81 75 56 70 62
98 62 9 85 40 16 100 11 67 35
71 7 33 92 31 97 2 49 59 51
52 74 95 57 90 85 12 67 51 36
60 50 15 72 34 93 15 94 75 14
33 70 78 49 84 43 36 91 36 10
76 84 82 88 25 71 73 88 60 59
3 30 84 69 80 70 66 28 20 54
59 28 40 45 16 7 96 60 18 51
Size
9 7 6 10 4 2 5 2 8 5
9 4 1 4 2 8 2 9 5 10
7 1 5 3 10 5 10 8 6 10
4 2 4 3 1 4 10 6 2 6
7 1 8 7 2 2 2 6 3 9
4 5 9 6 3 2 6 8 4 3
2 2 8 9 4 3 7 7 7 2
3 3 9 2 10 1 4 4 2 5
9 10 8 6 10 6 2 5 2 4
9 8 4 9 10 10 9 3 10 9
2 4 1 10 1 6 10 2 7 6
6 7 8 4 3 1 8 10 7 10
1 4 8 9 7 5 2 7 6 3
2 8 10 10 2 3 1 3 3 3
5 10 10 10 9 4 3 9 3 7
6 6 5 9 9 10 9 4 6 9
2 3 2 8 1 4 7 6 7 3
5 8 5 7 8 9 3 4 9 7
6 5 2 10 5 3 2 6 5 1
1 5 6 8 2 3 10 6 9 4
5 5 6 5 1 9 3 1 1 8
4 2 7 8 6 6 1 3 2 8
9 9 1 6 6 6 1 2 8 10
2 9 4 8 5 6 10 2 6 3
6 9 4 4 4 10 5 6 1 9
10 3 4 6 9 5 6 1 9 7
5 10 4 1 4 1 10 1 5 5
3 1 8 5 9 10 1 7 5 4
7 6 7 6 10 7 3 2 9 3
6 7 10 7 2 10 8 9 7 7
5 2 7 10 2 9 4 10 6 7
7 10 8 2 4 9 3 6 1 3
3 5 8 6 8 7 6 7 3 5
1 3 8 1 7 4 6 7 9 9
2 4 10 7 10 1 4 1 5 2
4 1 6 7 7 8 1 7 5 10
10 7 2 2 6 5 9 10 9 8
8 5 7 1 10 5 2 6 3 1
4 7 6 10 1 10 8 10 8 7
2 2 2 7 4 8 2 6 9 1
3 10 4 5 8 7 10 2 9 2
4 6 6 9 6 8 8 3 10 9
5 2 2 5 7 3 6 1 1 4
7 4 2 8 6 4 10 4 4 10
3 1 3 4 3 5 6 2 5 7
2 8 7 1 3 7 3 2 7 8
4 4 4 7 9 9 9 10 4 6
4 2 4 2 6 7 3 6 2 1
5 7 3 9 6 8 2 9 4 2
9 1 10 9 5 10 9 4 3 7
5 9 6 1 3 4 7 7 2 3
4 10 10 10 10 9 8 6 6 10
8 3 6 10 1 1 7 6 2 4
2 8 9 9 3 7 8 5 9 8
2 2 6 8 9 7 1 8 9 9
8 10 6 8 1 2 6 8 10 4
9 6 9 9 10 2 10 2 2 4
5 8 6 7 6 3 5 7 3 3
9 1 8 10 3 5 1 9 1 5
5 9 7 9 5 1 5 1 9 10
1 3 5 2 6 4 7 4 3 7
10 1 2 4 7 4 1 7 7 9
7 5 4 2 3 7 4 5 7 9
5 2 2 2 9 6 3 9 10 5
9 4 8 10 5 7 4 4 4 4
10 5 3 10 6 10 3 4 6 2
10 6 10 6 9 6 8 6 4 4
2 3 10 9 4 10 8 1 2 7
3 3 7 8 9 6 1 9 2 3
10 8 6 4 5 8 4 8 5 7
4 8 8 9 9 9 7 9 5 5
4 3 8 10 9 8 10 3 3 8
1 1 10 6 10 1 7 10 7 5
10 8 1 2 8 2 8 9 4 6
6 6 1 8 4 3 6 10 6 8
3 6 8 3 8 3 8 10 3 2
3 8 8 4 2 3 5 10 7 6
8 9 8 9 6 2 2 9 7 1
1 7 6 1 7 5 7 6 3 5
10 3 4 5 5 10 3 5 3 8
2 9 8 9 8 2 2 1 10 6
8 8 10 6 2 7 5 8 9 3
9 1 8 2 3 8 5 5 4 2
10 2 5 6 2 3 3 2 2 3
2 1 3 5 2 4 3 10 2 5
9 1 9 9 9 1 9 6 3 7
4 3 4 6 6 7 4 10 9 4
7 8 5 6 10 2 9 7 6 7
10 2 5 2 9 6 5 3 6 9
6 10 8 4 3 6 8 5 10 1
5 6 10 7 3 8 3 8 5 6
3 10 8 5 7 3 5 7 5 3
1 1 8 7 10 2 7 1 7 2
5 6 3 6 3 4 5 6 3 7
9 4 10 10 1 1 5 8 3 9
5 2 9 10 5 8 6 5 5 2
9 5 3 6 8 9 9 9 1 4
6 5 2 6 5 9 1 2 6 6
5 9 6 10 9 3 8 2 3 10
9 1 7 3 8 4 2 1 6 10
NoWait times: 3
3 6 8
