n 100
m 10
cap 20
Processing
70 53 58 93 61 33 100 70 31 43
25 84 87 6 35 88 16 3 11 2
44 28 47 40 74 77 49 79 54 31
39 17 96 75 51 71 63 55 5 11
56 80 54 64 22 75 54 22 96 74
55 10 61 54 58 66 91 15 17 15
71 3 93 82 97 98 6 62 61 38
81 84 25 94 46 78 22 97 9 71
79 41 62 2 58 99 77 3 48 90
60 14 77 47 51 74 98 81 12 35
34 92 25 99 59 88 43 65 64 50
97 87 48 5 45 52 96 30 66 98
19 50 34 4 71 76 81 69 37 43
94 5 57 37 46 36 58 55 96 57
12 69 96 73 42 20 70 88 57 8
77 67 71 38 64 92 51 92 82 18
28 33 29 92 58 98 20 93 27 34
9 87 16 89 66 3 74 88 33 75
11 76 18 100 37 48 92 13 97 58
29 96 12 75 55 12 89 15 77 97
80 52 32 13 64 61 26 84 21 2
98 34 80 47 46 56 53 14 2 35
5 47 69 73 20 75 83 94 79 56
60 99 36 67 58 69 53 76 28 26
39 92 15 52 75 74 58 26 7 72
29 81 7 9 3 96 66 53 67 21
28 41 20 3 89 26 15 92 98 77
38 84 43 34 83 99 83 55 77 5
66 30 67 4 85 8 96 82 15 26
15 71 92 45 57 72 16 2 48 89
96 40 45 77 48 52 44 67 74 90
2 46 3 9 66 13 87 30 95 55
43 9 72 96 44 25 70 61 37 10
71 10 66 80 97 85 87 74 90 72
82 35 56 57 57 67 6 85 66 56
70 92 54 14 45 12 7 62 21 48
55 85 80 89 2 71 33 28 36 35
53 39 12 42 98 31 1 75 45 16
84 63 66 15 72 67 22 43 77 64
70 70 35 98 76 52 39 16 39 75
42 53 65 60 71 99 63 76 39 73
66 31 52 18 15 41 46 79 69 61
13 3 43 84 25 100 78 59 30 31
65 4 15 23 97 100 4 61 14 92
78 80 29 14 94 39 82 96 85 83
41 72 2 13 85 15 6 86 88 83
76 53 17 26 78 64 35 80 92 13
61 13 100 92 38 16 72 45 72 77
53 97 84 61 98 30 67 92 62 88
70 96 58 17 47 16 27 50 3 95
46 44 21 76 34 62 54 19 11 10
50 46 56 59 100 63 70 65 88 60
66 73 87 13 1 78 83 3 29 28
70 3 45 84 93 51 85 37 78 74
52 66 80 46 34 83 77 31 29 44
67 84 52 84 76 29 86 19 40 58
31 65 72 1 32 55 12 81 78 11
99 14 88 30 83 64 45 25 32 19
54 19 98 96 9 74 63 43 16 58
34 98 98 77 42 72 80 40 51 79
89 45 44 68 66 3 1 16 58 45
11 12 64 65 91 16 24 36 5 34
70 1 93 72 54 98 54 24 91 97
63 99 47 67 22 4 47 6 32 8
46 72 76 47 96 1 62 18 12 42
78 32 5 97 78 17 91 92 14 29
46 70 75 64 53 56 67 37 82 56
23 63 53 64 51 13 85 99 2 33
14 5 35 76 18 48 99 25 99 79
15 73 99 78 6 96 25 3 54 90
36 20 85 88 75 30 81 48 35 73
84 35 37 72 94 65 43 43 90 14
96 21 63 38 10 99 18 91 85 80
7 87 26 40 91 3 87 14 35 100
38 71 37 97 4 39 50 15 26 75
73 43 68 52 67 90 46 14 18 84
32 84 24 46 98 64 55 64 51 30
14 51 94 82 76 86 59 49 4 42
58 81 49 21 2 76 22 26 84 15
70 61 90 33 50 7 53 95 20 60
78 32 74 70 81 88 37 19 48 48
95 88 55 27 25 43 23 66 46 94
3 12 88 5 36 94 59 3 90 97
26 51 71 46 39 98 43 6 61 90
4 54 92 59 50 74 94 86 98 9
12 16 91 99 23 21 57 7 62 10
80 24 35 34 74 26 72 72 68 19
85 16 31 30 86 60 22 80 24 82
55 85 52 5 24 34 6 57 58 54
92 97 42 77 86 68 4 69 48 70
78 15 99 50 75 16 80 49 47 47
99 1 66 81 65 95 11 4 82 5
81 79 69 30 38 73 80 94 19 74
45 27 12 88 46 45 72 68 19 58
62 28 97 60 72 28 10 98 24 12
34 21 71 91 27 24 83 32 41 62
82 82 73 88 70 88 78 39 56 67
67 38 38 96 31 14 13 14 20 37
19 57 11 72 63 50 25 51 7 9
11 45 27 54 9 36 29 59 33 65
Size
2 3 6 4 6 6 9 1 9 5
1 6 4 9 1 3 10 1 7 8
5 6 10 8 7 1 7 1 7 1
8 1 9 2 4 3 10 4 6 8
10 8 2 5 3 5 1 3 1 9
5 9 4 2 4 3 1 7 3 2
10 3 10 1 5 2 8 9 9 8
3 6 2 7 4 7 9 9 9 9
5 1 8 1 6 7 9 8 3 8
7 3 8 8 4 3 7 6 5 7
8 1 5 8 7 4 9 1 5 3
8 9 5 7 7 6 7 3 1 5
9 7 2 9 9 2 3 3 4 7
4 9 7 8 8 9 10 8 9 1
5 1 4 7 9 8 5 7 6 4
4 1 4 2 6 1 10 5 5 2
9 10 2 2 6 4 10 1 2 9
9 7 7 6 3 9 9 6 3 4
4 6 9 5 9 1 3 4 7 5
8 5 6 6 8 3 3 3 5 5
6 8 6 4 4 3 10 4 5 2
7 9 10 3 4 8 2 2 10 4
2 3 1 3 4 7 6 3 9 4
8 8 1 3 9 2 5 2 6 8
5 7 10 5 6 10 7 6 6 7
5 1 6 1 7 7 1 7 7 6
3 2 2 9 4 2 2 1 7 3
10 2 10 4 2 4 8 6 1 5
7 1 1 1 6 5 9 4 4 10
3 5 8 2 1 4 5 5 4 7
5 9 10 10 2 4 6 4 5 8
7 2 10 5 4 4 1 10 9 4
10 10 7 7 1 9 3 10 10 3
7 10 3 8 1 8 9 4 4 9
8 3 1 3 7 1 3 3 9 3
10 3 9 9 6 4 10 1 7 5
7 2 5 3 3 9 1 6 5 2
6 10 2 2 4 9 3 3 4 5
9 5 6 8 4 10 1 7 5 8
4 5 7 8 1 1 10 3 2 5
3 10 10 3 6 5 3 4 8 7
5 2 3 5 4 3 1 4 2 10
7 3 8 4 1 8 1 4 1 3
10 2 4 5 2 2 1 5 6 8
8 10 10 3 9 4 2 6 4 6
8 6 9 8 7 7 9 5 9 6
6 6 3 4 1 9 1 10 6 2
10 7 4 10 6 9 10 1 4 2
6 1 4 6 4 7 1 8 4 3
5 7 8 2 8 6 2 6 7 3
1 8 3 9 7 7 10 3 1 8
4 1 2 9 5 1 2 8 5 1
7 10 9 6 5 8 9 9 3 2
2 8 9 10 10 9 10 6 9 7
5 6 7 6 7 9 7 6 1 2
6 2 4 3 1 5 9 4 1 6
4 2 5 5 2 10 2 2 7 8
8 9 10 5 1 9 6 1 1 6
7 9 10 2 3 6 4 1 2 7
1 7 1 6 6 8 3 1 8 1
9 9 9 9 1 3 4 6 9 2
7 7 3 9 10 3 10 5 5 3
7 10 2 8 4 2 7 5 9 1
3 8 2 9 1 10 5 10 6 9
2 5 6 7 6 4 5 5 9 3
3 5 8 9 2 7 10 10 2 3
5 4 7 5 7 3 4 10 5 7
9 8 5 4 8 6 3 2 8 7
9 7 9 8 3 2 5 8 4 4
6 6 7 6 9 3 8 1 9 7
1 2 7 5 2 6 1 2 5 5
1 9 8 3 4 7 10 2 7 6
4 6 9 1 1 5 7 1 1 8
6 4 1 5 3 9 8 10 6 9
8 6 1 10 3 9 6 5 7 9
7 1 7 9 3 9 3 9 10 8
2 2 7 7 8 7 1 1 9 4
4 3 3 9 1 7 4 8 5 2
9 9 8 9 9 3 9 7 8 3
10 4 4 8 9 7 2 8 1 3
6 6 1 4 4 3 8 6 10 1
3 6 3 2 10 3 8 8 7 2
4 4 9 5 7 9 7 6 1 3
4 2 8 7 6 6 7 7 3 1
2 1 2 5 4 5 8 9 3 1
8 10 3 4 7 5 8 6 9 4
8 5 4 3 7 6 6 8 6 3
4 4 2 7 6 6 4 6 4 2
9 9 7 7 5 1 4 7 6 5
2 1 8 5 5 8 9 4 4 3
4 8 3 10 8 3 5 6 3 9
1 1 2 1 2 7 3 5 3 3
8 8 4 9 10 8 6 3 3 4
8 5 1 6 5 8 8 5 3 5
7 8 5 9 5 4 9 3 8 7
9 8 2 9 10 6 2 4 9 6
6 2 10 2 2 1 9 4 1 4
10 4 5 5 7 1 6 7 10 3
8 9 6 3 8 10 3 7 4 5
7 1 6 10 2 2 10 6 9 3
NoWait times: 3
0 4 6
