n 100
m 10
cap 20
Processing
74 49 9 58 66 87 79 10 6 43
59 12 39 96 13 60 33 63 22 97
19 92 95 99 62 59 53 79 59 69
82 67 5 57 81 69 9 29 85 4
92 36 20 77 95 8 69 78 10 46
18 1 38 1 93 70 12 27 36 6
62 17 19 100 11 19 12 72 30 20
77 46 66 33 90 12 31 98 99 74
55 52 53 46 91 80 99 17 29 26
34 79 27 35 96 6 43 11 74 31
75 5 26 12 38 87 53 35 10 75
28 84 97 88 95 65 70 80 87 92
28 26 38 44 44 22 78 29 45 75
42 23 82 58 54 94 16 46 15 92
62 68 53 98 35 80 79 48 20 21
15 94 73 72 81 49 90 73 37 17
64 37 13 16 11 13 74 7 75 78
1 66 5 15 27 91 7 91 84 78
95 35 7 48 59 10 84 100 31 74
92 2 58 32 36 48 36 53 3 8
90 10 26 51 45 73 75 71 24 97
83 38 94 13 58 4 65 34 17 10
28 62 57 11 19 25 81 98 54 98
12 73 48 20 34 22 87 94 45 45
1 8 26 97 74 16 22 66 57 96
49 86 36 34 19 34 46 2 20 10
85 22 98 69 73 58 29 19 71 43
92 62 76 40 61 65 13 76 98 84
80 22 24 63 48 39 51 19 75 8
68 18 78 59 52 14 5 37 85 28
71 82 81 95 91 24 1 2 98 75
72 96 65 7 76 99 7 65 46 34
13 4 38 54 87 21 58 69 10 66
38 88 6 93 62 10 43 2 23 57
85 52 46 20 18 27 1 77 25 87
34 53 24 42 41 97 98 80 23 95
23 14 77 5 87 58 99 9 25 42
31 64 86 33 96 86 78 81 28 71
33 4 15 96 46 69 98 32 35 90
89 18 73 6 84 34 75 27 93 39
33 11 11 55 34 21 91 68 53 12
22 6 60 8 79 61 84 46 2 54
39 100 42 62 50 49 78 22 8 43
29 27 77 77 82 58 78 53 92 4
62 56 34 62 57 75 94 68 44 35
37 85 30 78 84 98 15 24 27 92
26 73 29 61 67 4 6 94 49 45
69 53 65 72 33 36 38 2 3 28
64 31 13 72 39 2 37 14 69 84
10 21 51 80 37 45 75 70 60 10
23 36 77 10 58 72 19 11 36 10
14 32 99 57 20 21 78 82 86 11
47 23 38 23 61 60 90 13 33 92
39 25 28 39 1 1 95 88 43 62
3 28 87 99 42 58 79 82 34 39
13 60 37 82 66 8 11 78 46 10
52 31 53 98 94 11 85 31 66 4
62 51 75 37 32 7 40 48 31 79
82 95 96 40 18 61 7 13 60 10
13 58 67 47 4 4 86 8 2 78
78 62 60 33 81 72 89 80 100 43
77 7 99 76 21 98 33 63 20 75
57 26 1 67 71 27 74 12 79 15
26 58 32 55 18 42 37 93 58 9
13 89 79 63 27 93 89 78 68 30
11 33 39 45 77 75 43 13 98 47
74 94 97 15 25 55 90 4 99 29
24 67 95 37 80 74 22 3 71 82
72 22 60 30 50 69 18 50 24 30
37 77 64 48 29 28 59 90 74 87
98 89 23 93 55 58 56 1 82 48
93 17 93 69 4 87 73 55 69 39
85 32 91 71 55 20 77 43 88 88
87 85 95 49 100 29 31 96 82 27
15 73 87 23 15 60 22 53 2 65
21 15 5 73 98 28 4 79 47 88
44 87 41 77 82 2 35 84 6 23
82 85 81 29 66 96 52 95 71 87
56 69 46 66 87 93 30 2 2 10
59 24 22 35 73 82 95 92 97 64
15 66 27 52 52 78 51 6 80 82
10 87 92 28 11 83 76 48 64 13
40 94 84 67 37 56 81 20 55 79
25 97 21 63 79 51 53 80 91 62
32 91 7 44 3 26 22 34 49 92
35 69 17 9 86 34 36 9 28 21
39 57 98 86 38 42 76 72 99 71
18 3 91 58 1 33 34 11 49 80
66 89 78 40 60 21 78 78 77 94
20 20 1 59 23 27 72 95 43 78
60 37 79 1 28 48 18 1 29 37
36 42 55 17 3 65 26 84 76 67
52 95 72 79 84 53 29 30 60 30
71 12 94 93 97 91 58 50 52 73
46 7 96 7 76 69 33 90 55 51
14 2 50 53 50 66 34 70 82 71
89 44 69 98 83 12 71 44 34 89
70 21 85 52 24 86 45 34 49 86
55 93 50 33 36 26 57 26 54 41
75 62 29 15 21 36 7 86 64 3
Size
6 5 8 5 5 8 8 3 9 2
9 10 7 9 2 8 3 7 6 2
7 10 6 10 6 1 5 5 5 3
4 8 5 10 9 7 6 5 9 2
8 5 3 8 8 5 1 7 8 7
10 10 2 1 4 8 4 7 1 2
7 7 2 10 9 8 8 7 5 1
9 7 9 5 9 10 1 1 2 10
2 9 2 6 9 6 3 5 3 7
8 4 5 3 5 3 2 4 2 5
7 9 10 4 10 6 2 9 2 1
5 1 7 2 5 5 7 5 10 3
10 4 6 5 2 7 9 7 2 3
5 4 8 6 10 3 8 1 4 2
9 5 8 10 7 3 6 2 1 1
3 10 2 7 3 9 9 10 5 9
2 8 3 7 5 3 2 10 2 3
3 4 10 10 7 8 4 6 8 4
1 8 1 1 10 10 1 9 3 10
10 3 3 7 3 8 2 6 3 7
2 5 1 4 2 10 7 9 10 1
2 8 3 8 8 7 4 3 7 4
10 4 10 8 3 10 8 1 9 1
9 8 3 6 10 5 3 9 7 2
5 2 5 1 10 4 8 3 7 4
8 2 7 10 7 2 9 9 1 9
8 4 6 2 6 4 6 5 9 6
8 5 5 1 8 7 4 10 10 1
7 2 6 3 3 8 10 9 5 2
9 9 7 9 7 10 7 9 2 7
2 8 8 3 7 4 10 10 5 4
10 9 3 8 6 5 7 1 10 9
10 5 1 6 6 6 3 5 10 6
8 3 1 8 7 3 4 4 7 4
8 5 5 9 4 2 9 9 7 3
10 7 7 7 6 9 7 2 7 8
10 5 3 6 5 3 3 4 1 4
8 6 7 4 1 9 4 3 3 8
6 4 8 6 9 9 1 9 4 2
5 4 1 9 9 6 6 2 8 7
9 2 4 7 3 1 5 3 8 7
1 7 9 2 7 10 5 1 5 2
6 8 3 3 7 6 2 4 9 5
7 6 7 2 8 10 7 4 2 5
10 6 5 3 7 3 4 8 8 3
4 10 3 1 6 2 5 7 10 6
9 7 8 7 7 7 9 6 1 9
9 5 10 5 5 2 1 4 2 9
2 3 8 1 5 3 2 6 4 3
7 10 4 2 9 7 3 10 5 10
4 10 8 6 6 10 7 3 7 8
8 4 1 1 5 3 10 2 7 10
3 7 5 7 2 3 3 4 8 3
3 1 4 5 10 8 7 1 8 9
4 9 6 5 2 4 2 4 3 4
10 4 4 2 10 5 7 8 9 6
10 7 9 5 9 1 8 4 6 4
9 10 1 3 6 5 8 7 7 1
2 6 5 9 4 6 2 4 3 10
2 2 6 8 7 8 3 5 6 3
4 7 10 8 4 2 7 10 6 3
9 10 3 10 8 5 6 8 1 10
4 3 2 3 3 1 8 3 9 3
2 1 6 2 10 7 6 2 6 8
5 5 10 9 7 4 4 4 2 4
2 7 1 7 10 1 8 10 9 8
7 1 4 8 9 4 8 2 4 1
2 4 5 8 9 1 5 10 6 5
5 3 7 8 2 3 9 8 7 10
3 4 7 7 5 7 7 6 2 1
8 6 7 10 6 8 8 5 2 2
7 4 4 4 2 1 3 8 7 2
6 4 2 7 3 10 1 2 3 6
2 1 1 1 7 3 1 2 1 5
10 5 8 3 5 7 1 6 6 10
8 4 3 8 6 4 8 1 5 2
6 4 10 4 7 8 6 2 5 1
1 3 9 5 3 5 1 6 3 8
4 9 6 2 10 5 2 2 7 7
2 8 8 7 7 2 6 1 4 6
4 7 8 4 6 1 8 3 2 9
6 4 5 2 4 3 8 9 10 6
9 1 7 7 1 9 3 6 3 3
5 6 9 4 4 1 8 1 10 7
7 6 6 10 1 3 7 3 9 5
7 8 2 7 5 3 1 3 2 3
6 7 7 9 3 2 8 2 3 10
3 6 7 9 2 4 10 7 6 9
10 1 8 5 1 8 7 10 8 6
6 10 10 1 10 5 5 8 9 7
5 9 9 1 1 6 4 9 7 10
9 10 9 3 5 2 7 7 5 7
5 3 4 4 3 10 4 1 9 4
10 5 2 4 10 1 5 9 7 3
8 6 5 9 5 7 9 8 10 8
1 1 8 1 6 5 4 7 8 4
5 9 10 10 7 8 9 6 7 6
7 10 5 1 2 8 7 1 2 8
7 3 8 7 2 10 8 3 6 4
7 2 10 1 1 5 7 8 5 8
NoWait times: 3
2 6 7
