n 100
m 10
cap 20
Processing
33 49 13 3 58 53 18 27 46 89
65 8 3 25 4 34 98 50 89 62
47 29 5 73 30 84 99 28 6 72
45 28 32 74 74 42 46 81 58 100
16 50 48 33 13 99 61 93 79 63
48 64 90 65 48 3 85 91 68 51
61 98 74 6 58 75 15 35 47 84
79 67 46 25 50 52 14 16 87 74
15 64 68 86 15 60 81 62 8 92
68 87 27 70 30 11 58 66 33 77
51 45 46 51 18 79 2 36 10 58
43 100 94 86 60 6 40 12 15 94
3 5 98 70 5 69 78 88 86 19
89 8 78 8 93 83 54 28 76 87
70 44 96 92 76 16 32 8 11 96
29 24 29 48 81 33 45 44 52 19
31 58 83 48 26 64 97 85 51 39
37 95 33 61 58 64 50 71 19 27
70 70 37 21 44 93 96 43 90 23
67 31 64 65 17 91 65 2 66 64
78 40 95 78 1 39 49 15 7 77
1 37 45 53 73 9 93 56 66 34
45 37 3 57 78 23 68 60 30 59
99 87 3 10 12 14 68 16 80 86
20 3 28 57 10 15 67 43 38 75
64 83 30 48 13 82 28 97 30 34
40 81 44 98 77 84 40 2 75 13
17 22 65 85 35 90 35 38 92 85
82 91 9 68 39 78 7 2 74 29
31 46 58 11 68 28 99 69 72 77
87 91 71 89 73 85 34 50 97 79
73 25 21 96 90 91 18 16 62 89
16 85 20 56 31 86 67 29 31 40
67 56 29 57 85 70 40 33 12 91
52 14 46 49 44 26 89 90 54 32
85 34 21 27 91 45 68 81 54 27
98 25 66 84 78 23 71 80 7 24
29 83 15 18 36 29 21 12 73 69
100 78 44 61 13 77 68 84 15 50
97 33 94 17 80 76 41 44 50 46
15 73 2 79 3 17 9 77 12 88
74 4 72 78 10 26 48 44 41 22
56 4 30 35 90 46 86 45 28 75
57 69 58 46 66 59 65 51 89 99
45 38 97 73 42 74 63 90 99 52
53 65 93 94 13 3 1 29 70 87
6 23 9 14 53 56 64 77 98 34
28 59 56 3 100 96 76 35 89 15
73 25 64 18 66 83 45 62 11 93
5 28 98 13 59 34 33 91 77 3
71 94 61 88 78 90 55 15 26 60
62 52 27 91 65 95 20 64 22 6
45 70 21 59 33 13 31 49 32 82
37 6 57 73 37 69 20 44 53 53
85 40 30 56 48 3 75 89 83 89
99 64 38 67 30 54 8 11 55 39
37 46 41 63 85 70 91 64 56 40
70 54 74 7 98 54 28 14 85 61
2 21 97 91 61 48 14 90 31 37
17 92 64 24 93 40 57 34 3 25
3 54 94 1 87 64 91 30 63 67
83 78 98 73 45 63 59 76 3 40
42 83 32 8 11 26 63 46 12 44
30 37 57 60 57 42 21 14 83 62
89 98 55 6 39 19 17 8 55 81
37 58 14 45 91 78 59 16 32 37
67 59 6 84 11 8 87 96 45 45
21 48 8 30 74 45 47 55 90 27
25 44 53 13 77 60 32 48 58 76
79 26 78 45 91 52 24 39 66 99
62 89 66 75 60 97 46 79 95 40
1 86 98 3 93 97 69 82 19 67
71 70 82 67 22 84 46 57 51 64
76 74 40 35 57 34 1 7 37 65
77 92 9 100 54 20 63 84 13 13
53 6 3 2 20 77 74 5 63 99
84 53 57 91 5 48 66 43 38 62
3 90 84 26 23 87 65 77 45 20
69 60 76 31 79 43 5 67 73 8
91 65 29 72 74 97 90 75 14 98
3 60 61 29 22 64 66 83 6 76
1 55 40 64 72 54 11 12 85 46
68 13 52 52 97 51 70 92 19 48
82 89 22 6 80 27 67 96 30 58
56 58 11 61 97 74 17 50 60 82
48 43 18 83 56 48 50 44 40 17
15 36 84 47 25 68 85 49 26 88
30 68 84 25 61 48 96 75 44 95
6 43 50 29 80 13 10 75 40 12
18 39 22 78 73 99 6 35 78 56
60 65 33 9 15 73 96 85 36 69
24 32 5 98 46 68 55 71 12 59
87 9 33 48 19 83 60 29 7 93
4 70 65 10 15 72 16 20 32 66
69 48 79 20 80 14 82 63 61 43
22 84 71 12 38 12 22 76 83 90
17 30 54 11 5 67 83 59 17 56
7 90 88 31 9 33 65 46 61 16
16 21 65 66 31 7 32 9 66 91
57 55 77 84 82 68 33 36 36 74
Size
8 7 8 5 3 7 1 2 7 5
2 3 8 1 7 1 5 3 5 10
2 9 2 5 3 8 6 5 9 8
6 7 3 3 3 8 4 10 6 10
5 8 5 7 4 8 10 6 5 8
1 2 9 10 2 1 1 7 7 6
9 8 10 10 9 7 10 7 2 9
5 6 4 6 10 6 2 2 2 5
3 4 6 2 7 6 4 5 4 7
1 5 7 6 10 4 3 2 7 10
5 7 10 6 6 8 10 6 9 1
1 9 7 2 3 2 4 2 8 10
3 6 8 3 1 10 1 6 2 1
6 1 5 6 5 10 8 4 7 7
9 4 3 4 2 8 8 2 4 8
9 2 8 7 9 8 5 5 9 5
9 6 10 8 6 7 8 8 2 6
5 9 9 8 1 9 4 1 10 7
7 3 8 4 6 7 1 4 7 5
8 4 2 10 9 8 5 6 9 1
8 1 6 4 1 10 7 9 6 8
8 6 8 10 4 1 2 6 4 10
9 2 9 3 3 5 8 10 6 10
4 2 8 7 9 5 9 6 8 5
6 4 6 10 5 2 1 9 1 8
6 10 4 10 9 10 1 5 8 10
7 2 8 8 10 2 7 7 1 1
6 4 6 2 7 1 5 4 4 10
8 10 10 5 2 8 10 3 8 8
9 7 5 10 6 9 10 5 8 3
2 4 9 6 5 5 3 8 2 6
4 1 8 10 6 8 5 9 9 10
2 2 7 3 6 10 6 3 6 7
8 4 7 8 7 7 9 8 2 8
5 4 3 1 10 9 2 3 9 6
4 10 4 4 6 8 9 4 6 9
5 7 8 7 8 9 5 7 7 5
6 7 2 10 6 7 10 10 6 1
7 8 3 2 6 9 3 4 1 4
10 5 6 8 6 10 10 1 6 5
4 9 8 4 5 7 5 9 4 10
4 5 5 10 4 7 10 1 7 9
4 10 2 10 10 7 2 2 9 3
3 10 9 7 4 3 3 8 8 5
10 4 7 9 9 4 4 2 7 6
1 8 10 6 1 6 10 1 3 7
6 3 1 1 8 3 4 6 6 10
2 5 2 7 9 4 2 6 8 5
4 6 2 4 5 5 10 6 10 1
3 10 7 5 8 9 10 6 8 6
6 2 2 8 9 5 2 8 4 4
8 8 2 10 4 3 7 4 9 10
4 2 9 6 4 6 10 2 5 8
5 10 1 5 3 5 9 7 10 9
2 10 10 5 8 5 3 9 5 8
4 1 6 9 4 10 6 2 5 3
8 7 7 8 3 9 3 6 2 8
5 5 2 5 6 4 8 10 1 10
6 7 2 5 6 9 9 6 2 3
4 4 9 4 2 7 4 10 8 3
8 3 9 7 3 9 9 4 2 10
4 7 9 9 8 3 8 9 1 4
2 8 3 1 1 6 3 4 5 9
7 4 10 1 3 8 3 4 8 7
10 3 7 5 6 4 6 8 7 6
3 7 2 3 6 9 9 7 10 2
8 4 8 1 3 7 7 1 10 6
7 8 5 2 6 6 1 7 7 5
1 5 10 8 2 5 6 9 8 9
8 4 6 4 4 4 3 6 3 4
5 5 9 5 5 9 9 2 3 7
10 4 6 1 10 7 1 3 5 5
10 2 9 5 10 9 10 2 6 10
10 4 10 3 2 10 5 6 3 3
5 9 10 4 3 10 7 6 1 7
5 1 4 2 7 10 6 9 1 10
1 8 7 4 4 5 8 9 10 8
5 4 3 2 3 10 10 4 2 7
9 9 1 8 1 8 7 8 8 10
5 7 2 7 10 7 3 1 5 5
2 9 9 3 1 1 9 8 10 10
10 3 5 8 7 5 10 6 10 6
3 2 10 6 2 6 4 1 9 7
9 9 3 4 1 6 9 1 7 8
9 7 10 9 1 9 10 5 5 4
8 3 10 10 9 3 8 3 1 8
1 5 7 9 6 9 2 4 5 3
9 5 1 1 6 8 1 3 7 8
6 1 5 9 1 5 6 8 6 1
9 5 5 8 3 10 10 10 3 7
2 8 9 5 5 9 8 7 9 7
9 1 9 5 1 9 9 2 1 2
4 6 5 7 1 6 9 8 9 5
8 9 2 10 1 10 6 9 7 4
10 6 10 10 9 6 10 9 9 8
3 8 9 7 7 1 5 8 2 8
6 8 4 3 3 7 3 7 2 8
3 1 3 8 7 6 6 3 5 2
6 5 7 7 7 1 1 6 10 3
8 2 3 3 9 4 2 5 4 10
NoWait times: 3
3 4 7
