n 100
m 10
cap 20
Processing
9 12 67 83 40 33 100 98 82 11
47 95 9 2 29 94 85 53 40 74
70 40 71 51 72 9 59 12 84 97
31 91 82 51 96 94 56 41 25 69
62 1 96 22 72 77 28 72 19 10
100 33 59 72 14 31 33 24 94 23
70 22 92 5 3 22 85 45 79 46
70 2 61 95 55 8 85 14 21 94
63 20 63 17 7 35 37 19 78 33
32 16 33 44 58 9 95 69 44 77
65 83 70 46 61 47 31 96 62 55
60 14 38 51 39 3 25 75 11 9
68 12 51 98 31 12 16 61 81 5
27 55 49 63 76 45 77 27 88 12
29 30 98 80 29 29 53 51 27 41
86 76 6 87 53 12 57 39 86 6
93 92 80 32 23 3 51 100 56 61
50 23 62 77 69 87 11 56 50 63
93 92 84 53 97 26 61 63 61 27
53 2 42 25 60 48 30 70 17 50
38 53 70 30 29 14 90 58 36 90
6 4 87 69 87 59 3 40 62 5
88 5 85 28 41 35 60 62 57 6
84 36 60 39 44 65 97 55 59 35
2 59 11 42 4 3 57 17 29 92
84 47 42 75 92 34 30 63 48 53
15 97 81 88 11 93 31 60 84 90
40 73 68 1 86 57 81 46 29 24
48 78 15 15 80 52 30 25 78 73
5 22 34 86 38 64 88 25 59 63
26 38 28 100 44 19 1 71 8 35
69 17 18 97 50 21 42 35 18 4
53 79 70 47 91 84 48 51 56 31
54 48 57 87 96 55 23 22 45 6
34 81 63 65 15 20 36 11 10 38
40 52 62 58 94 88 60 66 35 44
7 78 87 80 92 13 83 79 9 19
63 42 62 52 68 67 46 55 27 73
64 7 34 67 74 75 24 13 59 6
80 74 42 41 14 49 68 91 22 76
65 17 48 41 6 22 20 42 20 5
48 15 8 33 69 62 19 73 69 100
5 72 32 13 88 40 83 54 35 91
90 24 1 22 20 62 49 60 25 100
7 32 15 54 32 75 63 35 7 84
82 100 46 82 41 58 70 56 73 46
38 70 12 98 98 17 11 88 50 63
35 43 73 80 38 80 48 47 37 24
58 39 90 62 17 12 55 44 2 89
67 42 45 29 71 84 30 93 34 28
39 56 46 59 33 56 16 94 85 38
56 59 99 47 59 67 38 61 4 51
4 22 18 65 87 69 30 11 36 55
80 18 48 39 47 15 63 89 64 65
16 86 59 47 63 13 68 21 51 41
92 2 26 55 100 72 57 19 12 97
99 57 97 67 34 6 58 50 32 57
14 35 57 66 60 53 54 16 79 31
34 80 2 91 74 72 12 85 37 92
23 85 39 79 64 35 3 31 30 55
13 20 74 10 71 86 85 41 79 81
2 31 46 37 40 7 30 91 92 26
72 95 43 22 94 49 11 15 72 80
62 94 60 22 31 11 8 46 56 35
17 12 99 25 58 73 98 42 22 88
25 91 48 84 76 23 48 57 9 80
14 85 56 89 43 47 60 12 65 9
78 78 88 15 63 56 25 38 56 60
44 70 35 92 93 34 98 27 34 34
100 14 98 2 56 68 12 1 93 95
87 45 49 35 9 85 27 1 91 94
75 46 36 46 42 65 33 22 100 39
68 86 20 100 15 79 97 10 52 65
1 55 4 82 79 92 81 31 13 60
39 80 49 50 55 47 19 50 79 42
59 9 19 59 24 59 34 11 64 16
65 2 17 22 9 35 19 86 93 11
38 74 84 63 8 15 43 53 96 47
8 85 10 77 66 30 97 44 74 10
43 14 68 56 15 57 62 57 39 75
61 88 12 1 77 27 59 63 84 89
24 21 57 22 56 78 75 90 33 91
47 96 64 30 47 47 9 100 89 90
87 80 8 62 41 17 49 54 17 56
49 44 30 50 3 49 33 9 49 65
93 74 38 1 13 90 58 56 89 17
54 57 84 78 18 85 24 96 70 38
74 49 63 84 36 89 51 52 23 3
74 52 96 100 36 63 11 69 64 13
54 19 46 26 23 88 79 22 61 20
74 37 27 63 10 61 78 84 66 45
98 35 78 69 74 33 27 60 11 22
19 86 95 75 88 86 13 61 90 28
92 78 23 52 1 47 71 18 31 44
41 22 6 55 51 25 88 5 79 98
89 42 22 52 36 26 37 48 79 32
74 41 64 30 28 20 80 5 17 66
5 99 27 89 37 62 90 5 84 74
48 3 41 31 40 99 28 47 72 99
31 44 39 38 17 68 96 91 72 13
Size
10 9 7 2 9 10 3 4 1 4
7 10 5 3 1 7 6 3 4 7
6 2 9 6 3 4 7 1 5 1
5 5 5 1 1 4 3 3 9 9
9 10 6 6 8 9 6 9 6 2
8 4 7 3 2 2 10 7 5 8
3 1 5 3 7 3 1 10 9 3
1 7 4 6 8 2 6 10 10 2
7 10 10 4 8 7 1 2 8 9
5 1 4 5 9 8 8 1 10 8
10 2 4 6 4 6 6 6 9 1
9 9 4 2 4 3 8 10 7 7
5 7 5 6 7 2 1 6 2 6
3 7 2 1 7 1 9 4 8 4
8 7 1 1 8 10 3 8 2 2
8 2 3 4 7 5 1 2 6 7
3 3 3 7 3 10 1 1 1 10
3 4 3 6 7 7 6 1 4 7
4 9 7 8 3 9 8 8 6 2
8 8 7 10 2 1 4 3 4 1
9 6 8 8 8 6 7 5 10 3
2 3 5 4 2 9 3 4 6 1
8 1 7 1 3 2 3 5 6 9
3 4 10 6 8 6 1 8 1 3
7 3 1 4 6 3 6 2 2 6
4 4 10 7 9 6 3 7 9 4
1 9 10 10 10 3 6 1 8 5
1 8 4 2 5 3 8 8 2 3
6 7 8 7 1 3 4 9 10 7
10 2 1 5 2 10 10 5 7 5
4 8 4 10 9 3 3 9 7 3
6 10 9 5 8 10 4 6 2 10
9 10 2 3 3 4 1 8 8 6
6 9 3 3 10 7 7 5 3 8
7 4 1 1 2 6 7 6 1 4
1 5 2 3 9 8 9 7 10 8
10 10 8 1 9 7 9 1 9 5
7 8 3 3 4 3 2 9 5 1
1 6 6 7 5 8 10 1 5 5
5 6 3 10 8 6 3 7 2 8
1 7 3 4 7 3 5 6 4 3
7 1 5 7 9 10 4 8 3 5
10 3 4 5 3 1 6 2 3 7
8 9 10 1 4 1 3 9 2 9
2 3 10 8 7 3 4 6 3 7
9 8 2 8 5 4 3 4 10 7
5 8 4 7 4 10 9 9 9 8
3 6 3 5 5 9 1 9 7 8
9 3 3 9 6 10 4 8 8 7
7 3 10 6 9 5 9 4 4 8
5 5 7 4 6 9 7 3 6 8
3 1 2 5 3 8 6 6 8 7
9 8 7 6 9 5 9 10 5 7
10 5 1 1 1 1 8 7 8 1
2 2 4 8 5 2 9 4 7 6
8 2 10 3 1 5 1 9 4 4
10 6 6 4 1 2 10 6 3 6
8 7 7 7 6 2 5 1 9 1
5 4 6 6 8 4 10 6 5 4
3 5 10 1 2 7 1 2 4 1
4 9 4 8 9 9 4 7 8 9
3 10 9 2 9 10 9 5 10 5
10 10 3 4 5 6 6 1 8 3
4 1 6 9 10 4 2 2 2 9
3 3 4 10 1 6 6 1 9 8
1 10 2 10 4 6 9 6 7 7
7 9 7 1 2 9 5 4 5 6
2 4 1 5 6 4 10 2 8 5
6 6 4 2 2 5 8 4 9 6
7 4 5 1 7 9 5 10 8 1
8 9 9 10 10 4 7 3 5 5
9 10 2 9 6 8 9 3 2 2
3 1 8 9 10 8 7 1 10 8
10 2 8 3 1 8 7 2 3 6
2 6 4 6 6 4 6 8 10 9
8 8 3 5 10 8 8 3 5 2
8 10 6 3 5 1 6 6 8 4
7 8 7 9 1 1 6 9 8 8
5 1 5 1 7 9 5 6 1 9
9 2 8 5 4 1 4 2 5 2
5 3 6 2 10 9 10 3 10 6
10 1 8 6 1 9 8 10 10 10
4 8 1 3 8 2 3 4 7 6
6 1 5 3 2 1 9 5 4 3
4 6 7 5 10 2 3 9 7 6
1 5 5 7 9 6 5 1 9 9
9 9 7 1 7 10 6 5 3 2
9 10 9 5 1 3 5 10 5 5
1 5 9 2 1 6 6 5 1 1
8 6 1 10 2 3 10 9 3 8
9 2 4 3 9 10 10 7 9 10
1 1 3 6 6 2 10 10 6 6
5 5 8 8 8 4 9 4 3 9
4 6 3 10 5 9 6 8 4 2
9 3 3 2 8 7 3 7 1 6
4 1 4 1 2 4 2 10 4 8
8 6 1 6 2 5 7 2 7 1
1 3 3 5 10 4 7 4 3 5
5 6 9 6 4 7 1 3 8 3
1 1 1 1 6 9 3 4 2 5
NoWait times: 3
2 3 4
