n 100
m 10
cap 20
Processing
7 92 100 52 53 58 60 53 95 60
33 65 99 92 65 11 55 24 38 87
36 70 22 75 35 30 30 87 40 87
75 15 88 7 76 92 100 70 80 6
31 8 72 30 50 52 31 81 48 16
41 84 71 62 81 97 60 47 47 99
90 28 8 4 46 4 37 43 40 17
68 16 56 16 75 36 100 27 92 34
14 99 90 4 73 34 5 80 38 6
3 86 76 48 24 77 86 22 3 89
93 48 94 5 69 24 40 27 42 66
1 28 31 75 25 59 81 31 25 90
99 60 28 74 49 35 39 89 7 44
95 26 21 45 56 6 5 50 45 90
17 99 87 91 5 95 86 93 3 61
35 40 40 56 54 15 100 38 43 39
95 13 12 3 67 17 15 56 49 90
52 32 22 15 98 7 79 79 89 77
55 45 53 13 65 58 29 3 37 73
39 37 5 29 33 77 94 98 74 50
6 21 42 81 99 47 72 12 25 1
51 38 100 11 2 5 83 60 12 5
58 7 11 21 26 88 19 63 28 85
46 10 41 80 11 21 50 89 17 68
80 27 89 11 81 21 93 61 99 45
5 72 31 24 79 66 82 89 32 25
3 84 76 22 66 100 59 94 33 88
83 19 49 83 23 31 84 5 32 91
81 29 42 30 12 23 40 51 23 11
43 14 92 76 33 45 56 44 46 22
87 41 12 76 31 61 42 49 67 46
30 16 71 74 6 92 3 40 73 58
85 55 78 54 53 15 97 11 85 82
100 87 88 88 58 14 72 37 34 37
13 5 81 31 55 96 35 64 5 59
78 98 10 41 39 13 29 95 73 45
33 84 13 20 25 87 59 52 15 73
97 40 60 38 63 37 97 76 81 36
32 94 19 47 43 66 3 86 84 99
50 93 18 79 60 61 57 11 12 68
41 20 91 40 20 26 1 67 48 37
73 100 53 88 53 88 8 33 19 36
34 47 85 75 90 41 12 48 66 92
81 23 66 28 65 96 18 72 65 98
24 36 68 21 100 49 69 70 51 42
46 89 71 74 50 16 4 53 8 83
49 38 35 46 22 90 26 64 98 46
43 23 65 50 36 78 92 75 21 8
70 1 27 20 50 77 28 12 93 44
19 82 67 56 97 64 12 55 34 73
51 58 32 11 70 35 15 3 43 32
53 97 80 47 26 35 39 43 29 7
89 41 28 50 77 69 27 47 27 67
66 28 11 26 46 84 31 87 72 92
26 8 66 40 37 14 75 11 2 50
100 2 98 9 19 29 96 19 63 50
6 89 96 52 21 15 61 97 31 99
47 62 18 22 81 47 18 98 42 87
9 45 59 1 43 86 16 28 15 11
28 7 80 44 73 67 24 80 49 64
85 36 52 13 60 3 66 8 21 27
80 53 77 80 40 28 96 11 34 1
48 21 43 74 40 10 57 73 34 75
29 96 34 48 48 13 31 76 42 27
46 63 27 48 76 42 10 75 91 68
31 35 73 97 92 21 49 59 81 68
56 60 8 38 71 26 61 82 37 95
52 50 7 18 53 94 68 77 55 96
58 70 62 9 27 99 93 61 28 23
42 68 66 22 53 13 60 24 34 76
62 1 16 82 65 99 11 94 100 20
17 73 68 57 18 97 62 39 66 71
97 23 45 42 10 32 86 42 34 37
64 61 59 18 1 13 55 99 65 10
20 12 28 79 99 4 42 34 68 54
38 61 82 79 57 71 41 86 68 48
20 54 84 13 19 80 12 35 66 28
44 49 25 25 76 13 33 37 76 94
68 54 80 46 71 97 8 42 38 86
99 72 57 65 14 97 55 93 34 33
22 43 41 63 8 15 56 54 87 35
73 97 62 75 90 35 6 54 12 89
3 56 57 24 14 18 47 10 26 28
50 38 13 41 7 51 95 44 24 28
47 48 67 71 24 87 96 67 53 63
86 87 11 42 64 47 30 4 74 6
34 22 87 93 70 66 17 5 53 31
1 99 93 90 64 75 57 19 91 80
14 53 57 73 61 55 39 90 10 66
58 37 37 18 63 51 7 99 18 81
55 89 96 35 100 25 79 83 14 95
96 80 32 53 77 48 21 51 92 32
2 91 6 76 53 37 17 58 47 24
20 20 78 41 22 67 48 60 27 33
25 79 69 94 15 67 1 6 94 29
23 81 95 86 49 50 78 76 50 69
99 16 21 98 93 93 66 33 77 48
33 53 43 61 89 12 68 96 57 48
50 86 82 73 26 89 51 72 72 83
57 42 1 74 82 51 54 7 99 65
Size
2 6 6 6 2 7 5 8 9 8
5 6 9 8 7 8 8 5 2 1
2 3 3 4 1 2 9 2 9 7
1 1 1 1 1 7 3 6 8 5
10 8 2 10 4 7 4 6 7 8
2 3 2 10 10 2 7 6 4 7
8 8 10 10 1 2 3 6 1 2
2 2 4 5 8 5 5 1 8 7
6 7 9 6 10 10 7 8 9 2
2 7 8 7 10 3 5 8 8 6
3 6 5 8 7 1 2 1 10 9
6 6 1 2 5 8 6 5 10 2
5 2 2 3 6 4 2 6 6 5
1 7 4 5 1 10 4 1 1 2
6 1 3 10 2 4 5 6 1 1
5 2 3 3 8 9 8 7 1 4
2 3 4 4 9 6 1 6 2 2
1 5 9 2 7 10 1 6 9 9
9 9 5 5 3 2 3 8 10 9
7 7 1 9 3 7 10 10 7 4
4 4 10 10 8 3 6 2 9 6
3 9 2 7 7 5 5 2 5 8
1 8 8 1 3 3 8 6 3 2
9 5 9 1 6 10 9 8 8 3
2 4 9 10 9 8 3 9 6 2
2 3 9 7 9 2 6 10 1 5
2 3 7 4 2 10 2 2 4 7
2 8 2 3 7 8 1 4 7 9
8 7 3 2 1 2 1 5 2 5
1 3 10 2 2 8 1 8 9 10
10 10 2 8 1 2 10 6 10 10
4 7 7 5 7 6 8 3 9 2
10 4 7 6 10 8 7 6 9 9
7 2 8 6 6 8 8 2 7 3
9 4 10 4 4 4 7 8 9 9
5 7 3 1 10 6 2 9 2 1
4 3 10 3 9 8 6 2 2 8
7 1 9 8 8 5 3 5 3 9
9 3 6 4 8 10 3 1 6 2
7 9 5 4 5 6 10 7 6 4
2 3 1 3 9 4 6 6 1 7
8 6 7 3 7 7 3 10 9 5
5 5 1 3 8 10 3 8 3 4
1 7 5 5 9 2 2 6 2 10
2 1 3 4 4 4 1 7 3 8
9 6 5 10 10 9 7 5 5 9
1 5 2 2 9 1 9 3 9 3
8 3 6 10 3 6 8 9 10 5
8 4 1 2 6 6 7 10 3 3
6 5 10 9 10 2 6 6 7 5
9 10 10 9 8 7 9 6 2 9
9 7 3 5 1 2 7 8 8 4
10 1 3 2 8 3 4 2 4 2
10 9 3 6 4 8 9 2 8 7
1 8 9 10 1 6 7 6 7 10
10 7 9 6 1 2 10 2 3 7
7 8 1 5 1 3 3 9 1 7
2 7 9 6 4 4 1 1 6 7
2 9 6 7 8 10 4 8 9 7
1 8 3 1 8 6 10 7 6 5
7 10 9 7 9 7 3 10 8 10
1 3 10 9 2 8 3 6 2 4
2 9 1 4 1 7 4 1 2 10
8 2 2 5 1 10 7 2 1 5
8 9 5 10 10 2 1 3 9 8
5 8 6 2 4 1 1 1 2 4
6 5 7 1 5 8 9 5 1 10
7 9 7 3 3 2 8 4 4 7
9 10 9 3 3 4 2 7 1 9
8 2 1 10 7 9 2 4 4 4
1 7 9 5 10 8 5 4 1 2
5 2 3 3 10 7 7 2 6 9
6 9 10 6 4 10 5 4 6 8
3 9 7 8 4 4 4 6 10 8
6 8 6 2 7 6 3 8 8 5
7 10 8 9 3 4 1 9 10 10
5 2 5 7 10 7 7 9 4 3
2 5 3 3 3 5 5 9 1 7
5 10 9 5 6 6 9 3 6 9
3 5 4 5 1 10 10 9 6 6
1 6 7 9 3 9 7 6 9 8
2 4 3 3 4 5 4 10 2 7
8 1 5 5 6 5 7 6 1 1
5 10 5 2 1 3 9 1 7 10
10 4 9 5 5 9 3 8 7 1
10 10 1 4 10 4 8 10 2 6
9 7 10 4 9 1 10 4 1 8
10 7 5 1 8 9 7 7 4 4
6 9 7 2 2 6 2 7 3 8
9 6 3 8 7 2 8 2 8 9
5 5 1 8 1 1 10 3 6 8
9 5 10 3 9 2 9 10 1 8
9 9 10 9 9 9 5 3 6 6
8 9 1 9 2 7 2 9 10 10
5 2 6 1 8 10 9 10 5 6
2 10 3 8 3 9 10 10 3 8
9 10 9 5 4 3 8 1 9 7
1 2 5 10 1 4 8 5 6 8
3 9 9 10 6 3 9 9 8 4
6 5 5 7 7 3 5 3 4 8
NoWait times: 3
0 5 8
