n 100
m 10
cap 20
Processing
86 52 46 93 36 95 51 1 39 32
61 6 18 87 96 38 90 95 79 87
57 36 61 26 52 73 49 34 54 93
13 85 5 99 55 53 5 31 18 40
11 83 89 8 94 86 27 78 54 90
78 100 45 38 85 33 13 64 58 34
39 9 22 9 96 72 80 74 26 85
22 54 26 78 66 100 82 46 64 16
71 39 54 43 5 2 32 16 92 23
85 14 73 20 95 19 72 53 37 80
7 58 29 89 3 51 42 83 40 83
10 20 97 93 90 14 67 26 88 10
24 23 11 97 53 62 84 13 78 22
29 35 75 93 79 62 52 78 71 26
12 83 12 34 11 89 81 98 67 13
99 12 4 42 86 56 50 76 33 93
86 75 17 49 59 55 86 86 75 78
88 49 56 48 90 16 39 14 10 66
60 87 63 76 9 90 8 38 68 67
8 100 87 45 73 47 43 24 6 16
1 68 27 91 47 84 34 74 41 5
47 73 23 48 79 25 78 97 31 27
58 43 62 95 31 38 23 48 91 47
72 28 35 8 23 15 86 17 5 66
90 22 88 80 55 100 5 25 88 45
87 4 79 8 66 28 13 72 59 34
87 8 95 87 65 37 59 22 71 12
75 91 33 46 71 4 26 64 100 100
61 40 52 4 38 39 57 93 58 61
51 78 22 20 74 75 17 98 41 53
62 33 14 97 72 100 7 59 94 58
86 17 61 88 80 20 33 61 52 40
61 89 10 96 74 41 55 73 84 9
82 92 9 41 6 72 4 88 1 63
12 48 4 40 10 62 48 12 99 13
62 80 82 3 77 37 2 89 68 15
10 73 18 63 1 8 64 56 20 40
20 50 79 79 60 2 57 27 89 27
68 89 44 81 67 67 60 58 47 98
72 46 98 57 73 11 29 27 76 70
45 80 30 20 59 39 99 59 45 28
96 42 4 75 44 28 79 48 53 76
11 49 13 60 80 63 6 49 5 38
62 8 10 53 81 10 75 29 49 34
6 68 39 30 97 31 20 52 99 98
25 34 30 86 54 62 3 83 47 41
63 76 14 1 54 62 92 18 69 72
60 96 9 2 91 70 35 69 13 46
62 96 64 11 98 41 52 97 64 15
61 22 17 30 13 61 49 32 9 14
8 52 35 80 34 46 27 5 47 10
91 64 61 86 65 85 73 94 63 61
12 38 16 69 60 54 39 94 66 57
53 22 100 93 38 68 15 78 73 87
57 82 61 91 11 24 30 19 33 24
21 62 98 26 98 4 76 8 68 9
32 30 61 63 60 35 8 73 99 53
69 27 73 75 67 69 55 45 20 53
9 13 52 35 44 23 8 8 57 95
38 41 89 10 25 47 24 19 5 97
29 84 38 77 47 42 78 49 1 48
12 80 3 56 67 69 87 16 74 9
89 47 36 12 22 58 7 15 19 65
24 44 63 70 24 42 44 22 53 99
19 99 2 34 100 76 1 58 67 46
16 64 83 24 12 27 31 20 80 15
4 60 87 11 5 10 65 80 13 13
78 12 27 92 87 44 39 27 59 1
13 58 7 78 6 65 91 20 51 12
33 53 20 72 13 78 14 50 66 9
1 1 91 100 75 90 2 43 17 2
63 37 19 43 65 86 65 50 53 22
35 46 36 15 10 25 33 89 49 99
60 55 37 17 91 75 95 4 60 96
46 87 98 73 18 45 45 1 6 1
14 70 57 4 16 80 3 77 49 15
73 57 64 75 27 67 40 93 99 1
58 98 48 48 77 85 21 46 69 11
16 82 73 60 1 16 19 78 63 41
44 17 55 99 6 64 26 50 47 77
66 29 66 37 77 67 86 71 97 57
8 54 65 19 33 11 66 16 56 54
2 89 9 32 86 64 4 32 43 71
55 73 71 54 31 28 86 14 82 68
52 37 90 24 94 22 20 31 70 43
37 20 97 30 35 43 54 45 57 19
33 90 22 1 41 34 86 1 63 43
90 89 32 66 8 96 74 46 46 69
24 26 76 26 33 50 73 93 41 31
20 81 68 39 61 52 68 32 52 21
53 10 29 62 67 99 38 45 31 72
2 75 18 4 92 43 61 19 71 76
65 41 5 95 54 40 89 12 57 86
79 70 48 51 62 75 26 39 23 83
13 96 91 83 35 9 99 59 68 7
28 22 52 61 53 100 5 96 21 60
74 87 77 67 31 11 45 23 51 28
27 37 23 20 19 69 77 23 10 87
96 22 97 55 44 97 7 15 29 73
18 25 58 47 32 80 64 70 83 5
Size
6 3 7 10 7 1 9 8 1 2
2 4 10 4 7 10 1 7 5 9
5 10 3 10 3 4 5 9 2 2
7 1 6 4 4 5 9 3 3 6
10 7 5 7 2 5 10 8 4 6
9 2 10 10 1 5 10 7 1 8
6 4 9 10 10 10 7 8 8 7
3 4 10 3 2 5 3 9 2 9
1 3 5 7 1 6 10 1 4 2
2 10 9 5 2 9 5 10 3 6
7 1 4 8 7 7 2 4 8 7
1 8 9 1 5 5 2 1 2 6
10 4 2 7 3 6 6 4 5 10
7 2 4 2 3 10 2 4 5 8
2 1 8 5 4 6 2 1 9 4
4 4 8 3 3 10 6 6 7 10
10 3 5 10 1 7 3 7 9 4
3 7 6 7 1 1 6 2 10 9
4 6 7 7 10 6 1 7 6 9
2 7 8 10 10 8 10 7 7 2
5 2 1 3 1 4 5 3 8 3
6 1 6 2 10 5 10 7 5 3
10 7 5 3 1 2 2 2 3 7
9 2 8 5 4 8 7 4 10 7
10 6 10 6 10 2 9 5 2 3
1 10 10 6 9 10 10 10 3 4
8 4 1 9 8 7 9 5 2 8
4 6 4 2 1 4 7 1 3 8
5 9 1 1 5 3 6 8 3 8
10 8 2 1 7 5 8 4 3 9
4 2 6 6 8 6 8 2 9 1
9 9 5 7 5 1 8 9 2 3
9 7 4 8 6 3 8 1 3 1
1 3 10 5 5 8 2 8 9 6
5 4 1 4 6 6 3 3 2 5
7 3 5 9 6 10 1 8 10 5
6 4 4 5 6 9 4 8 1 5
6 4 5 5 3 1 1 3 3 7
5 2 5 6 1 6 1 6 6 5
4 3 2 8 1 10 2 3 8 4
8 9 6 7 6 7 10 1 2 1
3 2 2 2 10 5 9 3 5 5
9 2 3 2 3 2 10 2 10 1
4 8 3 8 10 3 6 9 9 10
6 4 3 3 6 1 9 9 6 8
4 10 2 7 6 7 7 10 7 9
9 5 5 10 3 2 10 4 2 3
9 5 10 3 10 5 9 10 6 4
8 4 6 6 4 3 6 4 8 7
9 8 2 5 3 2 8 2 3 1
4 9 9 5 9 1 2 1 1 1
3 3 9 4 6 2 8 6 4 5
1 5 4 7 8 7 5 2 10 6
10 9 6 1 3 10 9 5 4 8
8 5 5 10 8 4 1 8 7 6
9 3 7 2 9 7 10 3 9 4
1 6 2 2 6 6 2 5 9 7
8 3 4 6 5 6 3 1 5 2
8 6 5 1 3 10 5 6 2 1
8 4 5 10 2 7 9 2 6 10
6 9 6 6 6 1 3 8 9 4
5 8 4 6 4 7 1 4 7 1
6 5 10 6 1 8 3 9 6 4
4 7 6 6 4 2 9 2 6 10
7 7 4 10 4 10 3 6 7 2
5 9 8 10 10 2 8 8 9 9
9 10 8 9 10 10 3 5 4 7
2 7 10 4 6 5 3 1 7 9
7 3 3 7 3 2 2 6 7 8
6 10 6 5 1 6 10 9 10 7
2 5 2 8 4 7 5 10 2 3
10 9 7 5 2 2 8 1 2 7
2 3 6 10 2 2 3 8 1 8
4 4 10 5 10 5 10 1 5 2
3 5 10 9 5 6 3 4 9 1
1 5 1 1 2 1 10 9 2 7
2 9 7 10 6 3 3 2 10 1
5 10 7 4 5 6 7 1 5 2
4 4 3 2 7 9 2 3 4 1
3 6 8 5 4 4 4 6 8 2
3 1 2 7 3 3 1 6 6 9
7 8 4 3 5 2 1 9 3 10
10 5 9 6 8 9 4 1 9 5
5 1 3 6 8 10 4 3 5 9
4 4 8 10 2 4 4 2 10 6
7 1 8 7 6 5 3 1 7 9
7 3 6 5 9 7 4 3 8 1
6 5 3 6 3 5 6 5 3 1
3 8 5 1 8 8 9 5 9 5
9 10 6 8 3 5 5 4 4 7
7 5 10 1 3 3 7 4 6 10
5 8 6 10 4 8 8 7 5 6
6 3 7 3 9 3 10 5 3 7
8 8 3 4 10 4 3 3 6 7
3 1 2 6 9 6 7 8 4 9
5 8 6 5 4 9 4 1 8 3
7 5 10 7 9 9 9 1 2 1
7 10 3 8 9 4 3 4 5 1
5 3 5 8 10 1 10 7 4 10
1 7 6 4 2 4 3 10 3 2
NoWait times: 3
0 1 6
