n 100
m 10
cap 20
Processing
32 89 89 28 53 59 50 41 66 34
29 12 37 60 89 12 81 26 83 96
64 77 43 12 57 88 27 55 1 39
15 30 96 5 44 1 50 36 37 57
64 8 24 29 60 42 93 87 43 90
2 63 35 96 41 87 14 76 70 3
90 71 85 60 17 40 69 2 78 47
3 60 87 68 22 80 50 90 85 29
61 53 34 29 57 25 98 2 47 65
46 19 59 5 64 6 76 15 76 26
83 10 13 94 83 93 12 84 13 13
23 99 58 19 66 39 68 56 43 75
49 97 97 28 64 25 50 13 94 62
27 47 16 16 19 16 4 99 67 69
6 15 33 76 27 4 52 13 56 2
18 69 74 56 3 83 61 77 90 58
27 68 25 43 95 15 4 79 96 36
40 51 21 78 44 53 89 15 25 37
90 66 19 49 50 9 11 84 20 86
96 7 23 91 52 81 79 29 16 18
15 35 53 4 57 55 78 28 38 21
44 9 16 73 12 13 70 45 91 33
31 16 13 1 96 9 51 18 37 29
35 93 73 43 2 91 49 89 53 21
35 31 59 37 37 96 4 58 68 13
100 31 25 48 4 40 36 92 44 77
65 70 31 91 94 31 90 97 44 26
35 28 80 24 12 43 53 92 87 20
19 73 59 78 27 14 71 29 93 66
15 6 82 27 34 25 17 89 3 83
7 56 20 67 52 91 55 73 42 9
50 98 2 82 27 37 10 14 61 99
56 51 29 38 21 33 38 91 89 64
10 83 92 55 19 63 98 84 47 49
27 40 14 37 22 30 38 90 98 32
92 28 7 10 97 27 56 29 44 41
46 46 32 98 92 16 62 83 9 70
55 20 29 56 71 4 72 15 33 34
28 23 8 75 97 80 82 20 82 99
34 16 97 95 60 49 89 87 48 32
60 64 30 67 52 53 56 10 32 34
72 50 83 28 61 54 55 86 55 43
86 22 56 1 35 69 75 54 91 46
6 51 100 52 89 43 83 81 97 33
41 94 10 61 49 71 41 23 69 79
26 17 15 75 47 97 85 23 90 14
61 72 76 25 38 64 92 12 34 47
14 26 3 96 25 7 5 8 98 19
94 5 32 3 70 42 27 2 99 86
24 39 69 65 75 21 16 51 81 37
47 20 61 1 39 43 21 23 79 32
25 69 45 64 36 28 91 52 84 7
46 28 52 84 8 43 77 56 36 96
72 65 41 79 82 71 12 79 42 40
24 25 41 78 36 2 78 89 50 9
76 13 37 57 44 29 59 80 35 1
10 97 79 3 59 90 46 42 18 48
81 94 6 66 62 43 17 1 6 68
47 28 23 26 34 6 33 41 13 65
94 80 37 99 3 56 25 58 18 53
93 56 44 96 87 85 28 30 94 58
98 100 72 56 86 2 53 54 97 6
17 38 3 19 82 54 40 81 37 43
33 54 54 85 24 78 12 87 99 50
57 42 94 45 31 44 19 96 76 91
100 44 17 67 62 98 2 68 84 62
95 41 35 32 60 12 88 57 59 99
67 93 27 37 63 2 93 33 20 60
52 100 50 72 34 40 95 14 7 23
80 18 54 8 18 86 85 96 95 100
40 23 62 4 70 98 45 4 81 1
17 50 76 50 13 35 76 27 58 41
91 59 40 56 64 17 72 50 62 65
87 99 26 20 91 8 79 54 86 90
93 15 19 100 21 20 30 93 28 82
58 68 7 1 95 90 95 50 56 26
79 26 73 20 31 28 73 71 66 99
21 59 78 15 51 24 32 33 23 98
83 82 6 21 62 52 63 21 95 64
95 51 44 5 58 84 15 43 15 91
42 84 81 16 41 81 34 60 51 74
70 25 24 76 9 39 27 85 39 63
97 48 47 6 8 38 22 44 83 34
25 4 100 13 57 41 44 14 57 60
98 58 28 1 40 57 97 84 21 11
10 34 31 90 17 61 59 25 81 8
43 90 13 97 77 12 2 90 42 96
85 96 82 19 68 54 31 77 46 78
77 22 70 100 94 60 42 91 25 22
73 6 66 27 99 50 81 73 7 58
2 74 67 20 17 40 34 7 77 72
72 25 73 1 46 58 89 10 55 40
86 70 76 66 11 95 18 25 21 45
7 92 29 81 45 74 67 25 93 11
73 81 39 39 67 68 100 32 99 51
66 54 52 10 25 39 28 84 2 76
12 4 48 2 36 24 26 27 39 36
22 27 85 100 98 12 59 53 71 58
87 94 96 93 60 16 3 90 54 36
59 4 80 95 61 83 4 41 5 43
Size
10 6 5 10 10 1 10 2 7 2
6 9 4 10 7 7 3 8 10 5
1 3 9 1 3 10 4 10 1 3
3 4 2 6 8 7 8 4 6 5
7 4 7 2 4 2 6 5 5 7
3 10 1 2 6 9 3 5 3 8
1 9 9 7 5 7 6 6 6 7
2 8 5 5 5 7 1 9 10 1
1 3 6 3 3 4 10 9 3 4
2 9 8 5 10 7 10 1 9 10
7 10 8 9 6 9 8 10 7 9
6 4 6 1 10 4 3 8 9 4
2 8 10 2 3 2 5 5 7 10
2 1 2 8 1 10 5 8 2 7
2 10 6 2 10 2 1 10 1 7
8 5 8 9 7 4 1 7 2 7
6 5 8 2 8 2 6 8 9 2
6 10 2 4 5 5 2 3 4 7
7 1 3 8 9 9 9 10 6 7
5 6 6 1 8 2 3 7 3 5
1 6 8 9 8 7 10 7 6 3
2 4 2 2 2 10 6 8 6 6
7 8 7 9 5 2 5 6 2 10
2 9 9 10 1 3 1 6 3 7
9 9 3 8 1 6 1 8 8 5
4 2 2 9 2 3 2 1 2 9
4 4 10 6 5 7 6 7 1 2
8 6 6 7 2 5 8 4 1 1
10 5 4 5 1 4 8 3 7 1
6 2 9 2 7 7 4 8 10 7
1 3 8 5 3 1 4 8 2 9
5 3 6 1 3 1 4 9 3 6
6 3 6 9 8 10 3 2 2 9
6 4 7 2 9 1 10 6 8 4
1 4 9 4 3 10 4 2 2 8
9 3 8 9 3 1 5 6 6 8
4 6 2 4 1 4 1 1 6 8
3 1 3 2 4 2 6 3 1 5
10 7 1 3 2 8 1 3 10 10
9 8 6 3 8 2 3 8 1 3
9 3 1 9 6 6 8 10 10 9
3 4 5 9 7 8 1 1 4 3
9 4 2 1 2 4 1 9 9 5
9 2 8 2 1 9 10 1 5 4
2 3 9 4 3 6 5 3 8 7
3 9 9 4 7 9 4 9 5 5
3 8 4 8 2 10 3 9 9 7
9 6 4 9 6 8 10 4 7 3
8 2 5 1 8 1 3 6 6 2
10 2 2 9 10 5 9 5 1 6
10 9 5 6 9 5 5 5 4 8
6 7 5 2 6 7 5 4 2 7
7 2 1 3 7 2 6 10 2 1
2 9 7 6 1 2 4 7 4 3
6 2 8 8 2 5 1 1 8 4
3 7 8 2 2 1 3 9 5 5
2 7 7 2 4 4 5 7 10 3
9 8 10 2 1 1 1 6 10 5
4 6 2 9 8 1 10 10 5 4
9 2 1 5 5 8 6 5 1 5
5 9 10 10 3 7 10 2 3 2
9 7 6 9 7 5 7 8 9 8
6 3 5 8 1 7 4 7 10 8
6 3 10 1 7 10 4 6 3 4
2 3 1 4 10 6 4 3 3 10
6 4 6 5 2 7 8 7 2 5
9 5 9 9 4 4 4 8 2 6
9 9 10 4 3 2 2 5 9 5
4 9 4 10 5 3 5 5 10 6
8 5 10 5 1 2 5 4 2 2
7 1 5 6 4 5 8 3 8 8
10 3 5 3 1 5 9 6 10 8
6 4 6 8 1 3 6 8 8 8
1 3 6 10 5 9 5 3 9 10
5 8 9 9 10 7 6 6 1 3
10 4 5 8 8 5 1 5 4 9
10 9 1 9 7 10 9 8 2 6
6 8 2 2 4 4 9 4 6 10
1 6 10 9 1 5 3 8 4 9
4 1 8 7 10 8 3 3 4 1
7 10 5 4 8 7 3 8 3 8
5 1 10 6 7 4 5 8 6 3
7 10 6 3 1 2 5 7 5 2
3 7 6 5 10 10 6 6 7 10
3 6 8 8 7 4 10 10 10 9
8 10 4 6 10 3 8 9 6 2
1 1 9 2 7 4 8 9 4 10
6 3 2 3 8 4 10 2 2 6
6 5 8 10 6 1 8 8 5 3
7 3 3 10 5 8 6 1 1 8
6 1 4 9 9 2 7 7 6 3
3 6 2 3 9 1 2 1 10 6
6 4 8 1 3 3 3 2 2 7
5 1 8 4 5 7 10 8 4 10
1 10 7 4 1 4 5 8 10 9
3 2 5 3 9 9 2 6 6 9
9 4 4 8 6 10 1 3 9 3
6 3 10 9 2 8 5 3 8 9
10 3 9 4 6 9 9 1 8 8
3 9 2 4 5 5 3 6 6 1
NoWait times: 3
0 6 8
