n 100
m 10
cap 20
Processing
2 51 1 31 19 68 34 4 14 36
79 49 80 86 13 57 36 63 47 36
28 14 86 76 49 72 54 44 49 46
27 11 17 73 94 88 13 88 32 3
38 48 1 11 43 90 26 87 1 21
31 72 51 85 98 59 86 51 77 14
94 64 69 4 90 52 47 23 91 95
58 45 35 47 9 61 29 72 13 10
97 50 40 58 42 49 58 38 57 17
67 75 47 72 60 100 46 19 1 39
61 12 7 24 46 58 33 75 76 93
61 1 7 67 36 77 62 23 73 85
81 10 94 6 41 87 69 57 33 17
10 84 31 29 12 64 66 46 68 44
42 93 74 89 17 29 78 94 23 56
16 80 4 33 2 93 31 64 56 82
62 86 64 3 35 11 85 67 8 22
62 54 64 34 88 60 23 18 33 52
9 75 54 38 71 74 36 26 87 39
96 28 98 32 58 30 26 7 7 27
78 62 88 1 20 53 73 84 90 39
25 65 95 41 7 18 75 70 62 86
23 2 37 91 32 30 67 30 15 49
47 14 4 65 74 95 45 31 36 9
72 93 61 69 1 94 37 86 10 80
4 19 33 93 56 3 77 83 39 49
44 23 10 78 66 58 74 81 42 29
33 13 7 20 66 11 67 66 34 18
59 28 6 92 22 88 22 34 71 38
79 35 19 44 5 64 90 60 46 60
96 84 11 94 14 90 67 90 94 45
58 28 56 82 25 32 62 2 82 27
48 13 80 43 13 91 46 64 11 89
32 66 42 21 75 12 59 81 82 14
60 79 42 44 2 16 75 78 1 96
68 4 29 60 9 24 15 57 6 43
79 87 57 50 10 19 19 50 8 28
51 49 24 80 46 77 97 78 47 88
55 2 83 47 40 26 8 17 36 19
17 86 92 70 23 21 32 43 18 65
3 79 26 61 17 86 81 100 76 2
78 61 82 73 100 26 27 56 61 28
8 27 76 34 23 42 80 40 30 43
79 55 77 97 41 13 89 53 61 86
27 40 79 68 9 94 68 91 69 54
38 6 81 33 100 78 70 8 25 58
50 71 15 4 80 29 90 19 42 75
37 11 96 15 20 57 31 83 87 72
18 66 46 26 10 90 30 73 57 57
92 69 90 26 25 35 84 71 4 67
56 76 96 6 37 12 68 97 59 20
25 57 86 54 72 96 59 35 14 57
47 82 83 9 22 37 65 47 13 53
28 9 76 18 44 83 28 70 37 60
26 63 26 76 62 60 96 60 25 47
54 2 21 14 6 29 16 15 27 54
20 24 98 87 96 5 38 58 72 26
2 46 53 58 73 94 15 33 86 14
29 70 27 35 28 64 50 50 95 26
77 98 27 51 11 9 23 79 62 71
91 90 88 54 74 32 5 66 13 21
69 18 46 22 12 93 6 52 72 48
64 27 63 5 18 99 87 96 91 56
57 19 66 15 83 29 52 88 1 11
42 32 43 14 39 30 46 32 39 72
99 60 31 70 90 14 53 62 43 78
28 33 23 52 58 40 86 70 95 50
90 49 28 74 38 85 60 8 96 85
91 74 40 29 8 83 41 59 79 66
49 55 57 93 12 11 86 45 28 25
98 99 44 27 13 15 9 89 59 80
91 17 30 7 15 54 64 79 7 69
41 48 82 47 38 10 1 76 50 17
84 44 71 44 39 64 34 2 44 58
69 99 15 80 34 91 64 21 34 27
71 26 82 86 69 52 71 50 41 31
47 67 56 64 67 37 7 93 2 54
92 83 75 27 23 14 14 91 56 23
85 25 48 83 52 17 83 68 5 29
36 11 22 25 98 72 17 93 82 9
81 49 63 1 78 34 71 50 31 84
81 19 88 86 46 67 24 66 98 95
78 94 25 5 2 52 36 83 82 63
6 50 72 93 77 5 35 37 88 31
36 29 17 47 64 92 7 93 15 55
68 96 69 39 76 58 45 76 72 16
83 4 23 73 50 61 18 11 94 13
69 60 15 95 51 97 42 75 25 31
19 40 37 45 11 82 71 23 83 8
84 23 10 49 13 17 81 41 83 7
62 47 97 80 19 33 12 6 67 69
79 75 32 38 33 8 23 91 99 7
7 46 89 75 44 46 90 96 50 30
72 61 28 70 56 20 88 70 76 44
22 16 6 49 73 65 55 83 48 46
8 25 36 60 76 58 88 70 92 88
28 7 98 21 35 43 71 73 15 16
63 98 100 64 56 60 4 56 99 91
18 45 88 15 25 66 81 65 88 31
13 55 75 38 33 82 85 42 45 65
Size
2 6 6 6 2 4 6 6 5 8
6 5 4 9 8 4 2 8 3 3
10 7 4 6 10 4 7 7 8 5
3 3 8 8 6 3 10 4 10 2
2 3 4 1 8 2 5 4 4 7
9 1 9 1 2 4 8 7 2 8
7 2 8 9 6 3 4 10 2 7
3 1 4 6 8 8 5 6 3 10
4 6 3 1 9 2 8 5 5 6
5 2 8 7 1 10 1 5 1 10
3 1 10 9 8 9 2 10 5 8
1 4 6 3 5 2 4 6 6 1
2 10 8 10 5 7 5 1 9 10
8 1 4 6 10 8 4 9 3 9
6 10 3 1 8 1 3 3 3 1
9 8 9 3 2 6 5 4 4 6
9 1 4 7 10 8 4 9 7 10
8 8 7 1 9 1 10 9 1 10
6 9 9 2 8 2 10 6 2 6
3 5 5 3 9 5 6 6 10 9
1 1 4 6 10 2 3 10 2 4
5 6 3 6 10 9 1 1 6 5
4 7 5 10 6 7 5 8 3 2
9 9 4 2 6 10 1 6 4 9
4 10 9 2 5 2 6 10 7 10
6 6 6 10 9 4 9 6 10 5
3 2 10 6 10 6 10 1 10 9
2 2 2 4 5 4 3 3 4 1
3 9 1 1 1 10 5 10 6 10
10 7 7 4 8 3 10 3 1 2
2 7 7 1 10 4 4 4 6 6
5 9 5 3 1 5 9 9 2 1
5 1 5 5 8 3 6 3 3 2
9 3 5 8 9 3 4 2 5 4
3 1 2 2 4 4 9 7 1 3
2 5 10 8 6 6 4 7 10 7
4 2 8 4 2 3 2 7 3 3
10 2 3 1 1 7 10 9 2 9
7 3 7 6 9 2 6 2 1 2
3 2 3 7 6 7 4 1 7 3
9 10 10 9 8 4 7 8 9 8
6 4 1 4 3 3 6 5 10 10
5 10 1 6 6 4 8 9 9 4
6 3 1 7 3 1 6 6 1 1
7 3 2 4 5 4 7 7 1 3
7 9 3 7 3 8 1 9 9 4
2 5 4 3 4 6 2 2 8 6
10 7 4 10 4 2 4 3 8 9
9 5 10 1 9 4 3 9 7 9
10 7 7 10 9 8 3 6 6 6
2 2 8 2 4 4 3 6 6 10
1 4 8 8 9 7 3 5 4 3
5 1 3 1 1 1 3 6 6 4
8 5 7 9 5 8 6 7 5 3
5 1 9 7 2 5 9 8 9 10
9 3 7 5 9 8 1 6 5 5
5 6 5 5 9 5 3 10 5 5
7 8 1 1 5 9 1 5 6 9
1 9 3 5 3 4 6 4 3 3
6 5 5 1 10 3 6 9 7 7
1 5 7 10 6 10 9 3 1 6
7 8 3 3 8 9 7 4 9 10
5 9 10 4 8 3 9 9 5 6
9 3 9 3 8 3 2 6 3 5
7 5 2 10 2 2 2 6 8 7
7 6 4 6 1 3 2 8 1 7
9 6 10 2 9 4 10 1 10 3
7 10 1 8 8 1 9 4 9 10
2 3 4 3 6 2 8 7 9 10
7 6 8 9 7 5 6 8 5 10
2 7 6 2 9 1 3 2 3 6
6 9 1 1 6 10 10 6 4 4
8 4 9 10 9 7 6 3 1 5
1 4 7 7 2 5 5 2 10 1
3 1 7 10 3 2 5 2 5 6
4 9 3 9 3 5 1 6 9 9
5 10 9 10 8 9 3 3 4 4
2 6 7 5 10 7 10 8 10 5
3 10 7 3 3 5 4 1 5 8
9 8 9 8 5 4 3 10 9 8
9 7 6 1 8 1 5 7 9 4
7 2 2 1 2 9 3 8 4 10
5 2 10 6 9 2 8 1 1 8
6 2 3 4 3 1 5 10 8 9
4 8 2 6 5 9 2 6 2 4
3 9 4 2 4 5 9 10 3 10
6 1 8 2 9 3 3 3 5 3
2 3 8 3 2 3 7 4 6 10
1 7 3 7 2 7 6 5 8 7
8 4 5 10 1 7 6 3 7 2
7 3 9 3 2 9 9 3 9 6
9 9 1 6 4 4 4 10 5 2
1 9 8 1 5 2 2 9 7 8
5 2 3 9 8 9 10 8 10 6
8 5 8 1 5 6 3 8 3 4
4 8 7 9 7 7 4 10 4 10
5 10 10 3 8 2 7 5 2 8
7 6 4 6 10 2 1 5 4 1
2 5 4 4 5 5 5 8 10 9
6 6 5 2 1 7 8 3 7 2
NoWait times: 3
2 5 7
