n 100
m 10
cap 20
Processing
100 46 33 100 37 86 67 47 71 60
47 78 24 5 70 20 55 91 90 9
47 23 73 99 14 76 24 49 61 97
90 1 65 29 75 69 52 80 45 87
45 83 26 81 6 1 41 41 52 74
53 84 46 9 38 67 86 13 7 76
100 85 51 99 20 13 75 13 7 16
65 22 8 39 84 45 56 57 28 31
42 84 3 5 31 57 47 13 45 27
82 12 79 7 19 52 92 94 34 18
90 54 11 46 76 82 86 81 1 1
28 56 100 8 71 32 2 15 62 36
14 64 5 48 52 65 73 2 39 36
4 82 96 61 54 31 70 6 16 22
3 48 81 11 96 21 55 86 30 19
9 74 1 30 75 93 94 79 69 98
59 48 84 59 54 22 71 98 22 79
30 59 84 19 98 90 27 56 94 75
47 92 43 86 83 63 10 93 44 40
77 34 10 38 68 70 61 58 42 52
57 15 22 56 99 3 92 91 57 30
92 64 4 49 73 22 85 10 65 67
38 90 59 42 46 62 99 26 19 6
79 52 22 68 97 98 20 80 5 91
61 26 26 7 37 7 14 79 50 5
8 41 54 79 21 80 43 38 73 32
94 16 31 31 2 70 94 22 6 20
78 15 71 2 62 72 8 42 43 80
33 50 95 83 20 69 50 74 3 44
50 78 37 78 81 16 69 21 30 99
61 38 51 22 1 81 76 28 59 22
69 62 19 75 8 31 71 71 6 97
5 79 70 25 68 27 40 47 84 50
78 37 30 92 57 73 48 91 43 49
35 46 16 10 94 83 95 23 56 8
51 1 28 79 40 96 14 15 28 99
63 52 13 43 44 13 61 61 43 60
94 13 68 44 89 81 53 48 6 91
91 37 71 56 80 33 18 57 23 63
96 65 54 62 92 21 67 38 59 29
12 8 35 73 81 92 10 66 48 93
60 64 4 40 19 91 26 30 8 24
21 66 21 97 34 94 17 78 61 31
25 4 24 14 59 59 23 91 47 32
93 100 52 31 28 69 58 90 23 32
90 90 51 29 85 25 83 43 12 79
84 20 28 68 58 59 80 93 85 80
29 52 2 55 73 50 22 10 14 47
90 2 19 28 24 76 52 98 3 11
54 55 93 26 41 83 86 96 59 2
17 15 60 9 69 31 66 35 57 70
66 11 81 89 66 94 7 2 4 63
53 99 91 72 65 30 99 30 46 86
27 41 82 23 23 38 52 47 89 13
41 23 49 39 72 51 31 85 35 58
53 66 17 54 42 14 25 38 77 84
66 22 42 58 39 65 46 48 21 5
60 99 77 92 64 44 98 95 68 8
26 29 31 71 4 26 2 62 20 25
72 39 93 52 70 6 36 43 54 22
82 58 29 79 92 83 7 83 9 61
13 6 48 16 11 22 99 37 95 81
80 84 3 84 90 76 42 29 43 13
57 76 59 54 42 90 5 45 96 40
13 12 38 17 94 12 93 73 9 13
66 26 12 96 82 17 87 90 87 100
10 54 7 44 56 75 33 75 77 26
46 59 56 51 70 9 1 29 43 93
57 95 56 64 4 97 49 17 25 64
89 58 59 17 52 72 9 10 32 24
45 89 32 56 27 96 82 18 70 41
96 24 6 64 15 63 51 73 8 72
96 55 34 66 50 3 70 58 51 57
50 79 88 2 25 28 3 57 10 1
63 73 37 13 31 6 49 93 82 85
82 57 28 10 56 2 30 36 40 44
56 38 13 76 30 83 92 87 3 17
17 26 59 15 29 79 90 57 66 5
81 79 35 97 97 23 84 40 15 9
84 25 37 17 22 79 68 65 53 32
44 55 79 90 97 78 45 91 41 76
56 80 80 66 13 100 68 19 64 36
62 64 15 10 23 56 34 20 8 11
64 17 33 87 86 87 69 80 6 87
43 30 59 27 88 89 44 80 54 27
68 97 26 49 61 35 97 5 22 13
60 81 17 36 27 89 18 83 58 92
96 25 6 46 7 33 100 71 83 66
41 62 39 17 25 83 41 86 76 95
58 32 30 96 32 97 67 92 43 43
38 72 72 96 79 90 27 24 97 74
60 73 64 41 27 59 15 60 8 7
49 87 92 24 83 4 79 51 62 41
33 30 67 22 79 89 99 19 3 31
41 55 24 47 20 53 55 50 48 97
12 6 41 19 95 14 36 3 22 59
3 57 74 6 14 67 50 27 7 25
50 52 56 24 64 27 21 74 59 35
24 68 51 89 8 65 83 29 32 16
54 73 10 11 31 52 5 71 92 100
Size
3 9 3 5 1 3 7 6 10 7
4 4 9 5 1 8 10 6 9 1
2 6 8 5 7 9 4 6 7 5
6 6 4 5 5 10 8 1 7 5
1 7 2 1 7 3 6 1 6 2
9 5 2 10 7 4 4 5 5 3
4 5 7 1 5 3 1 9 9 8
9 4 2 10 3 6 4 4 4 1
4 3 9 8 8 2 5 3 7 10
8 7 5 9 6 5 3 4 1 8
6 9 2 4 10 1 7 2 6 5
3 6 4 4 2 1 8 10 3 4
9 9 1 7 9 9 6 2 9 5
10 8 5 10 9 9 2 3 5 10
8 5 4 10 6 1 4 6 3 9
9 5 2 1 7 1 10 8 2 2
7 1 3 5 4 8 10 3 2 9
5 7 2 2 9 7 1 2 6 10
3 2 3 4 5 4 7 8 7 1
3 9 4 6 2 7 10 9 1 4
2 5 2 6 3 9 1 3 7 2
8 7 9 5 4 3 2 9 4 5
9 6 9 5 1 2 5 4 3 7
5 4 8 7 7 2 6 2 7 4
9 9 7 8 1 1 4 4 7 8
10 2 7 6 8 10 3 7 10 1
8 8 2 7 4 7 7 4 7 4
3 5 6 10 9 7 9 10 9 7
7 5 3 9 1 5 9 6 8 7
5 1 7 6 3 6 2 1 9 5
2 10 6 9 6 3 6 7 1 8
7 7 7 10 5 10 1 6 1 9
5 4 7 10 3 9 9 5 8 5
2 4 2 3 7 1 2 4 3 1
2 9 5 7 5 6 3 7 4 4
5 4 2 10 1 8 8 5 5 9
9 4 1 8 9 3 10 6 8 1
7 5 9 9 6 7 3 3 5 1
6 4 5 7 5 7 8 3 9 8
4 7 1 5 10 7 4 8 9 4
3 3 4 10 2 2 8 5 8 1
10 4 10 1 1 7 5 7 6 9
3 1 8 1 4 3 6 7 8 10
8 2 5 7 8 3 2 4 5 5
4 6 5 10 9 4 6 8 1 9
6 3 10 7 9 2 2 7 6 6
10 2 6 10 1 9 7 9 5 1
9 9 3 7 2 7 7 4 10 8
9 8 10 10 8 4 9 3 6 1
1 1 7 7 1 2 7 2 10 2
3 4 6 7 1 6 5 2 7 2
10 8 1 4 7 9 4 1 4 10
6 10 2 7 10 1 9 5 3 2
10 1 5 1 10 1 6 6 4 6
3 4 8 2 6 6 4 9 5 2
7 2 5 2 5 8 2 3 8 2
6 1 4 4 7 7 10 9 8 9
6 6 3 5 1 2 2 8 6 1
10 7 9 8 9 9 4 8 5 2
3 8 3 5 7 6 1 6 1 2
10 9 8 7 9 2 10 10 8 10
7 9 5 10 6 10 1 4 10 3
8 3 2 3 6 2 5 7 2 2
6 8 1 9 9 8 1 1 5 8
1 3 5 3 9 8 3 6 3 4
5 6 2 9 9 5 1 3 2 10
5 6 1 3 7 6 4 2 7 7
8 6 5 1 8 2 7 9 9 9
10 2 6 2 10 7 7 8 10 6
5 1 3 9 3 6 10 5 2 1
10 1 1 7 3 10 1 10 9 7
4 7 6 3 5 5 4 8 5 9
1 7 9 7 2 10 4 7 10 4
4 4 8 2 1 8 3 1 2 10
9 5 5 9 10 8 4 7 9 10
1 7 10 10 1 7 8 8 6 5
1 10 1 3 9 1 7 1 5 7
10 2 2 2 1 4 1 2 9 8
3 1 4 2 7 10 4 2 3 9
10 5 3 7 1 4 9 5 1 3
8 5 6 4 1 7 5 5 3 4
3 4 5 3 6 4 6 9 10 8
5 8 6 5 2 6 2 7 10 10
10 9 7 10 6 4 7 7 9 6
6 3 8 5 4 6 9 10 5 7
10 3 9 5 10 6 6 6 10 6
7 1 2 2 1 3 7 10 3 7
6 4 9 4 8 6 10 9 8 8
3 8 2 1 6 7 8 7 2 5
4 1 6 7 4 8 6 7 7 8
2 1 4 1 9 2 9 8 1 1
5 9 9 10 2 1 1 9 4 3
2 8 4 6 9 8 5 5 10 1
9 9 1 1 10 4 9 5 10 7
10 2 8 5 6 7 9 2 2 8
9 5 4 6 5 9 3 7 5 2
5 1 4 10 5 4 2 7 9 5
7 7 5 1 1 7 2 4 2 8
7 6 8 10 8 2 1 7 5 7
1 5 2 9 4 9 6 9 10 7
NoWait times: 3
2 4 7
