n 20
m 5
cap 10
Processing
92 64 37 52 41
70 94 60 11 50
45 97 77 25 96
24 30 2 57 17
72 62 21 14 92
15 84 77 72 71
17 61 47 65 100
47 69 72 62 18
66 78 70 44 23
29 97 23 64 50
74 59 42 35 50
16 43 28 19 15
55 31 61 29 33
52 78 67 81 53
62 48 87 63 11
96 14 91 2 47
28 17 42 66 43
88 86 52 96 2
28 56 15 2 9
99 14 28 35 68
Size
6 3 2 1 7
1 3 2 10 10
7 9 3 10 5
3 9 8 5 1
7 2 10 8 9
4 5 9 7 6
10 3 3 9 4
9 9 9 4 5
4 2 6 1 4
10 3 3 8 1
9 10 3 7 3
5 7 6 2 8
10 2 10 6 2
1 6 8 2 5
8 6 2 2 10
3 10 9 10 4
4 5 8 2 9
9 1 9 3 10
4 5 8 1 3
5 4 4 8 10
NoWait times: 2
1 3
