n 100
m 10
cap 20
Processing
34 12 22 19 9 8 90 26 38 64
11 54 34 72 46 57 51 12 87 93
87 5 41 71 65 64 16 29 27 98
72 81 6 44 86 58 34 5 22 81
38 99 4 84 94 100 6 20 31 84
11 85 65 49 6 82 66 75 70 51
89 59 94 12 66 61 98 55 60 96
7 86 57 78 32 37 48 3 73 7
95 10 46 82 100 37 86 12 25 91
15 6 1 19 55 91 46 63 77 57
52 50 98 55 95 14 71 97 60 100
16 89 79 39 7 62 58 66 66 79
88 67 86 38 12 47 1 7 60 7
91 30 21 29 52 52 89 93 99 59
86 35 86 19 50 86 30 61 45 35
31 26 55 58 74 11 59 75 41 13
88 36 57 48 19 24 48 73 35 56
5 60 50 90 1 70 58 22 62 9
84 47 27 36 91 29 36 64 64 15
84 9 81 48 32 65 22 7 76 3
74 12 99 1 43 84 38 41 23 27
72 1 68 59 100 87 18 66 51 46
47 90 45 59 83 20 97 4 37 2
25 77 93 5 68 72 26 59 2 70
34 88 77 99 81 33 49 47 38 66
53 36 80 6 57 22 92 28 37 12
57 18 64 5 39 58 71 83 96 3
49 47 81 74 54 29 9 80 55 47
53 87 94 87 89 35 83 44 78 79
88 92 11 13 66 77 59 34 7 31
45 4 21 37 16 48 80 72 99 42
33 52 19 10 37 76 58 32 87 26
19 85 82 13 22 38 44 65 18 78
6 18 34 56 31 87 98 74 62 85
42 89 31 55 39 35 48 86 68 65
32 7 31 62 80 19 97 94 94 93
68 7 67 62 28 90 74 86 22 79
62 67 31 94 71 86 71 34 86 39
12 62 84 1 22 46 24 2 74 74
47 30 74 59 67 99 24 100 95 59
34 14 38 95 79 66 16 96 98 67
14 17 16 70 80 43 26 38 64 22
40 95 37 97 68 28 63 62 90 94
56 69 12 62 62 50 74 9 15 9
91 40 94 29 37 84 13 65 91 4
12 16 15 54 67 9 89 89 41 41
31 98 58 8 14 31 2 28 99 18
11 32 96 97 86 52 52 13 15 61
85 79 86 78 58 35 61 53 44 10
40 32 53 22 40 22 50 45 61 21
19 38 89 75 94 91 86 17 71 5
22 51 81 74 97 3 56 62 71 50
74 85 94 43 78 87 35 11 98 12
40 55 95 11 79 88 34 35 43 16
69 58 89 26 12 61 7 52 75 19
25 92 96 10 45 43 41 78 71 54
72 41 26 55 56 79 78 45 19 77
82 60 13 77 90 42 10 34 23 45
67 10 43 43 1 4 56 60 36 1
53 70 95 100 67 45 65 43 8 58
95 7 2 99 72 30 73 80 80 38
8 77 87 65 38 49 49 88 48 6
67 91 77 66 9 26 70 23 4 68
32 5 1 79 88 61 7 20 32 87
36 83 100 45 12 27 89 49 3 92
99 90 62 30 52 4 90 28 11 91
97 100 28 61 87 19 77 87 43 75
6 28 86 12 95 79 71 98 33 83
56 58 9 88 92 39 94 91 34 93
4 33 63 70 40 73 56 16 85 57
47 51 59 77 47 5 20 42 73 100
45 4 67 87 11 72 33 59 10 14
36 80 43 9 29 61 54 4 18 75
96 8 33 47 51 27 48 95 37 4
88 9 58 96 89 14 60 42 35 2
91 23 13 90 53 94 42 31 18 17
24 27 35 9 71 77 65 24 44 6
22 22 11 75 76 30 47 13 15 22
31 53 41 79 92 24 55 40 23 17
27 34 97 96 16 20 96 25 86 34
55 17 79 27 93 84 71 41 60 91
87 6 5 8 89 100 30 89 95 85
73 4 85 78 72 64 31 52 12 37
98 18 47 31 96 10 17 15 10 39
52 36 93 20 84 81 14 71 87 68
100 38 5 32 58 97 87 85 55 10
23 46 30 64 20 80 47 82 21 85
92 56 73 34 67 35 80 22 86 9
30 53 84 99 69 13 22 64 13 34
26 58 11 40 11 6 89 1 74 31
29 66 50 21 68 88 48 31 17 38
24 13 9 95 64 85 41 79 87 66
90 6 66 16 58 55 39 49 20 66
12 74 9 75 48 40 11 81 17 20
91 14 59 60 76 76 46 40 45 5
65 66 87 37 35 64 17 1 31 31
95 6 79 10 3 50 72 36 45 79
100 54 36 79 78 96 34 36 42 40
54 99 67 86 20 57 21 1 46 83
12 2 87 94 82 23 50 47 73 62
Size
9 3 1 6 4 7 7 7 2 4
10 1 5 3 6 2 5 6 6 6
10 7 3 1 3 8 4 10 1 6
10 4 1 8 6 9 6 6 10 10
6 4 5 10 5 4 5 5 8 4
6 10 6 10 2 6 10 10 8 5
4 8 3 8 3 5 9 4 10 2
9 2 9 10 9 6 4 4 7 4
5 5 1 9 8 7 6 1 7 10
2 5 5 2 7 6 5 8 7 5
8 2 9 6 4 9 5 9 8 5
6 6 4 7 3 4 2 5 8 8
1 4 6 9 3 5 1 5 10 3
6 4 3 1 1 3 6 8 10 10
3 4 7 7 5 8 7 10 5 4
10 5 9 2 6 8 5 3 3 1
2 4 3 8 6 2 10 4 10 3
7 5 2 2 7 8 6 7 10 4
4 9 8 9 10 6 4 7 4 8
3 7 6 1 7 9 4 1 1 1
6 2 10 8 4 3 7 7 4 9
1 6 9 6 1 9 1 4 7 6
9 1 1 7 8 6 2 7 6 2
3 3 1 10 7 7 1 7 10 3
5 6 1 1 2 1 3 8 5 10
5 10 2 6 3 6 1 6 3 10
10 8 5 9 7 8 1 8 6 5
2 5 5 8 7 4 5 8 4 10
8 9 5 6 6 6 8 10 7 5
9 7 2 7 9 10 5 5 4 6
2 5 2 9 7 7 5 9 7 9
9 4 8 1 4 9 4 5 10 2
6 4 5 8 10 5 8 1 5 8
7 2 8 10 6 7 2 10 8 3
4 1 1 1 6 10 4 8 5 7
5 7 3 6 1 5 6 3 4 4
4 9 7 1 9 6 4 9 4 2
7 7 5 8 10 6 7 8 8 3
5 9 6 7 8 1 1 9 6 10
8 2 10 2 2 3 3 9 2 9
1 5 1 3 1 1 8 10 5 3
8 9 1 9 5 3 10 5 10 10
9 8 7 7 5 1 8 4 6 8
5 5 8 9 8 1 5 8 10 1
6 4 5 5 3 1 2 8 9 9
6 4 6 2 7 6 5 9 4 2
6 2 7 6 5 3 7 6 5 4
2 10 3 9 2 6 8 2 8 3
7 5 6 8 5 7 7 3 9 8
2 3 7 5 8 6 9 8 5 1
5 7 6 1 9 5 3 2 2 7
10 3 10 3 3 4 7 4 5 1
1 4 9 7 8 8 1 8 8 6
9 6 6 4 9 2 9 9 4 7
5 5 2 4 9 9 7 4 4 3
7 8 1 5 2 7 6 6 4 4
9 4 9 2 5 5 2 4 5 4
2 9 5 6 4 1 6 4 8 4
8 3 4 1 3 9 7 7 9 7
7 7 1 7 4 1 5 5 6 10
1 9 6 3 1 8 9 7 4 5
9 7 3 5 1 5 2 8 2 2
3 1 6 3 1 8 9 1 9 7
10 5 1 1 8 6 10 5 1 9
1 1 3 10 6 1 8 3 8 3
3 2 1 6 5 4 3 1 8 8
9 3 7 3 9 3 4 4 5 10
5 5 5 6 2 4 3 4 7 8
9 1 5 2 7 5 5 1 5 5
5 4 10 10 6 1 9 2 6 4
2 8 5 9 5 6 4 7 8 10
8 7 8 2 5 1 10 2 7 1
10 2 7 1 1 1 8 7 1 3
5 9 1 10 1 7 3 4 3 5
2 2 9 3 7 8 4 6 4 10
4 2 10 10 4 9 5 6 1 5
10 1 7 4 7 7 9 8 8 1
10 8 6 6 10 10 8 4 4 5
8 2 1 1 5 6 7 4 7 8
5 6 9 5 6 3 3 1 9 5
1 9 10 1 1 5 8 4 6 8
10 3 7 6 7 8 1 9 3 4
7 7 7 7 1 1 5 5 3 7
1 6 2 2 8 2 2 3 3 3
1 10 8 2 8 1 8 9 9 3
10 9 1 1 2 10 6 2 6 2
8 6 6 4 5 2 2 8 8 3
4 3 6 7 2 7 9 4 6 6
9 4 4 1 1 2 3 6 8 10
7 3 9 2 4 9 7 9 4 10
8 8 8 5 6 1 1 6 1 5
4 2 9 8 10 3 3 6 6 10
4 8 3 10 4 1 3 2 5 5
8 10 9 1 10 5 7 4 7 7
7 8 3 8 10 3 8 8 8 7
3 4 6 9 7 3 5 2 3 8
10 3 6 6 7 3 6 8 8 8
10 9 3 5 7 4 7 1 8 6
5 4 2 7 5 1 6 6 5 7
9 5 7 2 3 10 6 10 6 2
NoWait times: 3
1 2 5
