n 100
m 10
cap 30
Processing
14 59 13 49 22 84 6 97 39 90
41 20 38 85 30 85 100 10 67 98
65 100 88 3 76 27 82 99 22 99
60 35 59 12 15 81 68 2 85 70
86 57 55 27 80 21 41 79 23 32
1 19 94 4 57 35 72 47 4 76
37 42 79 48 35 76 3 4 56 54
31 53 30 96 17 31 38 19 49 1
66 56 77 67 30 44 38 93 45 52
54 37 33 18 57 15 13 35 53 22
72 16 44 88 78 70 87 81 45 27
19 67 95 95 47 72 27 20 61 4
83 28 33 45 98 65 52 49 96 61
39 58 48 13 17 19 74 64 71 83
2 16 63 79 89 30 39 38 88 61
58 95 91 92 57 96 60 90 59 27
48 34 82 28 19 65 62 2 72 56
15 71 67 80 36 61 33 63 12 32
32 43 11 46 12 27 90 29 76 41
58 47 25 35 43 84 1 94 96 4
42 100 61 98 16 63 35 86 74 74
1 49 33 76 50 62 80 7 48 13
19 97 14 29 67 86 68 93 70 19
48 62 41 77 27 85 96 81 32 54
59 47 100 73 41 71 73 88 36 83
25 29 54 45 48 88 16 46 58 6
26 67 39 92 41 53 41 3 4 98
75 14 23 14 31 42 100 78 71 22
54 76 40 40 75 95 67 76 51 62
4 73 90 52 69 88 61 14 33 6
60 67 76 2 57 43 8 57 63 17
55 40 72 98 10 81 23 39 50 37
32 4 89 15 47 49 69 93 50 62
73 90 27 38 78 46 57 62 24 21
6 66 26 36 33 79 70 19 51 86
54 98 58 62 65 68 34 6 45 62
70 11 2 10 82 57 34 78 59 6
22 65 48 78 74 48 14 100 72 71
65 36 21 63 41 73 87 16 55 19
18 96 26 6 6 41 33 59 5 91
77 83 35 95 67 42 68 63 34 26
43 84 31 81 4 70 27 24 78 7
65 6 90 30 27 46 50 71 76 61
17 86 74 69 96 74 31 14 62 22
8 90 49 38 56 90 79 80 71 69
2 19 55 100 58 45 82 55 73 65
45 44 41 27 20 2 95 71 10 38
37 4 75 50 28 93 70 72 48 46
76 90 42 57 6 23 77 61 95 97
12 21 47 93 54 53 19 46 96 90
54 91 68 44 92 80 56 98 84 8
1 26 26 3 90 36 67 82 93 60
78 43 33 52 27 9 24 22 75 78
100 69 20 96 11 55 74 48 70 36
14 40 60 34 65 8 10 29 74 48
85 47 17 67 23 64 69 57 20 91
85 56 71 59 21 20 14 15 92 25
40 16 86 12 93 99 68 2 73 73
43 76 91 40 36 66 86 69 92 42
88 75 34 35 4 53 77 29 90 57
4 51 7 66 83 82 95 51 53 56
87 68 66 65 75 95 64 73 62 62
39 75 60 69 73 48 100 76 62 30
49 4 83 80 82 78 22 53 57 12
87 63 27 99 99 4 15 85 6 86
14 51 71 80 40 76 44 68 10 75
97 26 63 30 14 94 8 15 100 13
52 99 68 33 67 93 62 15 63 44
76 61 64 41 34 52 67 15 61 22
31 79 24 52 9 50 73 80 23 14
25 34 29 3 43 56 75 70 76 34
1 57 94 48 75 57 51 91 55 20
30 89 64 13 16 55 32 67 4 86
43 5 11 27 39 57 5 81 11 4
22 96 67 89 71 80 43 41 85 23
79 67 73 97 24 48 21 34 38 51
39 35 9 89 20 31 63 58 98 64
68 14 91 2 37 43 62 14 58 60
60 28 24 63 45 48 92 52 54 99
50 34 24 82 5 65 95 93 37 53
31 38 38 54 20 51 72 48 97 2
67 70 15 20 74 6 77 67 23 72
82 25 49 24 29 89 6 93 83 47
67 49 44 79 34 6 94 88 98 68
23 62 45 29 73 9 44 46 10 50
20 7 71 94 72 100 25 49 2 58
49 41 38 84 5 54 58 52 13 55
83 23 15 56 22 39 99 13 35 7
24 47 80 25 65 25 29 63 81 78
31 99 12 18 16 11 30 51 70 89
91 18 7 26 88 41 16 51 73 42
80 71 55 59 62 94 97 47 2 58
54 37 35 6 30 30 9 30 58 11
79 33 41 52 23 51 98 46 22 72
49 40 61 7 99 4 100 11 39 36
42 89 39 6 19 96 88 100 56 85
25 51 53 14 27 24 54 85 67 38
38 93 80 73 7 84 100 42 90 14
25 75 11 12 16 40 25 16 17 29
82 6 86 21 97 75 58 69 46 87
Size
2 9 8 8 6 1 8 3 7 4
8 7 2 2 8 10 7 9 3 2
10 6 6 4 9 4 4 2 9 7
7 1 6 6 2 10 6 1 1 1
5 1 6 9 9 6 9 1 9 5
6 7 2 5 6 7 3 6 1 3
10 2 2 6 3 1 10 7 2 2
10 6 10 5 8 1 6 10 8 10
9 9 8 9 5 3 9 4 8 7
9 10 6 10 7 1 10 4 2 10
2 2 9 10 1 7 10 3 9 3
3 4 7 7 4 8 7 3 2 1
5 4 6 5 7 6 8 5 5 4
8 9 5 1 7 4 10 1 6 2
2 5 7 10 6 5 4 6 5 1
2 10 6 3 7 8 4 9 9 5
7 2 10 1 10 7 1 4 1 1
2 4 6 9 1 3 2 5 3 3
3 5 7 6 8 8 7 2 6 10
9 5 1 6 2 4 5 1 10 4
9 10 3 1 4 4 3 8 10 10
9 1 5 3 5 7 2 4 8 5
2 8 9 4 8 6 7 9 1 1
5 9 4 7 9 5 9 10 1 3
4 2 2 10 8 1 5 6 1 9
8 8 9 9 5 7 8 10 4 6
9 9 3 6 8 9 10 1 8 9
10 6 8 7 1 5 3 2 7 1
9 6 7 5 2 4 5 6 7 6
7 2 3 8 2 9 6 1 10 8
3 5 6 1 8 6 5 6 1 2
1 10 3 3 6 7 5 4 8 8
4 9 5 1 5 5 2 1 3 4
1 10 4 7 10 10 6 10 1 5
9 8 8 9 7 5 4 4 9 9
8 4 1 10 3 6 9 10 7 2
4 1 9 3 1 10 10 1 6 5
9 7 6 9 10 5 4 2 4 2
3 3 8 10 10 9 1 5 4 7
8 6 9 3 10 2 3 5 8 5
2 1 9 7 7 3 10 5 3 8
9 5 9 2 7 6 10 10 10 9
7 10 6 3 6 2 2 4 10 10
7 6 7 8 8 8 3 10 2 7
3 4 5 4 10 3 3 9 1 10
6 9 2 10 2 8 7 9 6 10
9 5 4 7 1 2 6 2 9 6
1 10 6 3 9 2 5 2 5 5
5 7 10 5 9 3 8 8 10 8
4 7 2 9 5 7 7 1 7 2
3 5 4 4 8 4 8 7 8 2
7 3 7 2 3 2 5 10 1 6
3 8 4 2 3 9 9 4 6 4
10 7 6 4 5 5 5 9 2 8
4 7 10 1 4 3 9 6 9 1
7 4 3 3 5 8 7 4 1 2
2 1 8 8 7 2 7 1 5 9
1 7 5 5 7 6 2 10 6 9
10 1 7 8 6 7 4 5 3 6
5 6 2 4 10 8 5 2 9 9
7 7 8 8 6 4 3 4 8 1
10 10 4 2 3 7 4 8 10 1
7 7 4 8 6 3 6 1 1 6
3 8 8 8 9 6 9 5 6 2
5 8 3 8 1 5 3 6 1 5
8 10 2 1 10 1 8 4 9 1
10 9 5 4 10 9 8 5 2 10
2 6 2 3 9 1 3 10 6 3
7 2 1 10 7 7 7 8 5 7
5 10 5 10 1 2 3 3 10 2
9 7 4 3 10 9 7 10 4 10
6 2 10 8 2 7 3 4 5 10
3 6 10 7 3 6 2 10 4 7
3 2 1 4 1 9 6 10 1 1
2 9 4 9 1 8 1 7 8 9
9 1 10 7 7 10 5 8 1 7
6 9 9 4 10 9 7 8 8 8
4 5 8 8 2 6 9 10 9 5
9 5 5 5 6 1 3 4 9 8
1 2 4 9 9 8 2 4 9 1
8 1 9 9 2 6 3 3 4 10
10 10 4 4 4 7 3 6 10 4
6 2 8 6 7 2 7 10 6 3
6 5 8 5 8 4 3 3 7 4
2 10 10 8 3 7 8 9 2 8
9 10 6 7 9 3 9 8 8 2
1 9 6 5 3 5 9 6 3 8
5 6 3 6 4 7 2 9 1 3
3 1 4 1 10 3 2 4 9 10
2 10 6 4 1 1 10 3 4 2
7 2 8 4 2 6 7 8 6 2
9 4 1 3 5 7 8 10 10 6
8 8 10 7 1 1 9 2 2 7
2 2 6 8 2 3 1 3 8 10
10 2 1 5 10 10 4 7 4 3
2 6 3 8 6 9 4 1 6 2
9 3 2 10 8 10 7 2 6 2
4 6 1 7 10 7 7 8 4 4
3 6 8 7 9 6 8 5 2 6
1 6 7 9 2 3 3 9 4 8
NoWait times: 3
0 3 6
