n 100
m 10
cap 30
Processing
38 48 65 26 79 2 34 69 49 11
88 30 24 74 35 100 41 67 50 28
60 59 58 29 23 94 22 35 63 88
32 71 20 29 6 69 81 51 2 91
21 74 75 79 74 18 62 58 1 79
41 82 34 5 84 61 21 30 9 19
93 28 29 50 25 22 8 37 41 56
27 11 18 44 71 25 31 19 17 93
51 89 66 9 58 83 69 27 40 25
92 65 68 41 4 81 36 56 79 7
11 18 65 27 38 8 70 89 23 12
17 13 83 20 78 44 63 57 56 93
84 65 74 66 85 67 68 59 36 44
59 16 12 49 31 12 37 45 25 55
46 90 89 68 37 1 65 29 48 43
80 84 36 49 95 99 81 65 78 51
60 75 19 36 100 46 57 87 83 31
87 15 3 41 70 83 55 64 24 66
35 24 78 21 2 69 92 10 96 27
83 5 52 53 15 14 38 62 52 69
5 55 97 83 42 83 45 84 74 83
61 98 19 3 28 4 17 31 51 44
87 92 7 81 64 69 78 1 19 86
97 70 35 25 19 75 5 55 87 10
55 28 66 35 81 34 91 26 91 96
78 99 38 11 15 91 32 27 69 41
50 75 13 17 83 97 14 33 34 8
100 94 89 5 3 10 47 75 65 69
78 14 30 85 70 79 86 4 68 88
82 27 77 89 4 26 48 68 91 30
4 63 95 97 9 46 45 83 84 66
24 17 50 15 21 69 70 95 78 57
23 80 24 31 73 9 27 65 14 86
7 40 6 24 97 35 6 67 60 1
37 64 24 96 26 96 71 45 95 65
22 53 36 33 92 87 60 24 30 76
83 54 59 91 30 96 2 68 73 53
44 18 19 36 29 32 71 12 78 36
77 62 49 43 8 32 47 78 24 97
84 57 22 99 16 67 5 67 92 67
22 64 6 53 14 61 29 17 84 29
60 72 1 68 39 31 52 54 100 25
25 86 67 71 73 4 35 35 6 58
92 25 96 64 86 77 82 100 17 71
36 5 90 38 16 19 65 39 75 39
83 86 39 62 18 21 46 45 9 34
46 43 84 34 77 99 66 23 73 26
57 16 91 99 91 82 48 94 77 17
28 58 20 95 70 92 17 65 54 52
43 79 26 44 65 93 85 95 92 41
87 58 89 49 24 29 42 32 7 2
77 24 69 85 73 32 11 22 48 56
27 33 44 67 10 74 61 37 39 65
59 23 62 90 33 37 62 7 82 17
1 95 27 23 17 86 56 32 86 19
33 92 53 49 38 30 32 74 71 12
85 35 13 54 46 69 11 38 48 13
19 53 86 51 3 85 79 71 43 75
41 12 69 76 75 19 30 97 53 52
24 23 93 57 85 52 33 89 72 96
43 78 69 27 81 26 49 20 94 65
33 89 72 92 39 6 59 92 16 29
34 25 93 91 83 68 63 81 41 19
45 35 64 75 1 6 29 58 76 67
85 7 10 45 23 63 3 43 2 38
18 45 4 53 9 67 87 58 43 84
22 54 100 6 3 58 95 40 73 76
42 52 87 10 72 95 100 78 53 87
79 30 76 26 71 82 76 41 41 4
26 46 17 58 33 2 70 91 81 88
96 86 45 60 53 20 15 4 84 6
48 37 3 16 74 28 39 19 52 19
84 21 71 87 82 24 52 2 82 65
2 40 42 72 41 82 51 36 13 24
7 87 46 2 11 57 11 47 24 76
64 94 16 65 100 91 55 88 9 19
20 57 3 83 48 51 77 85 92 55
11 20 19 49 84 99 66 29 87 17
28 65 6 16 36 92 97 15 68 11
78 33 59 47 51 82 51 73 65 55
32 25 70 88 60 3 48 3 100 96
39 3 12 64 47 53 68 16 70 100
68 49 16 33 97 70 23 1 34 13
92 11 86 48 82 23 92 33 1 49
78 35 95 82 57 71 39 27 31 99
56 36 84 21 50 66 22 50 49 58
20 84 52 13 28 56 48 93 23 21
26 16 20 77 70 36 12 70 21 34
24 12 57 90 79 20 38 38 66 61
98 76 38 34 35 70 44 36 48 98
32 12 22 44 57 32 24 84 71 34
24 22 58 54 43 14 5 19 67 69
92 7 77 22 38 5 68 38 69 45
88 36 45 10 36 36 92 12 39 99
34 12 2 64 61 67 80 85 44 56
28 27 22 84 85 11 72 33 68 49
89 27 36 51 12 36 54 94 76 26
3 32 35 6 25 10 48 27 48 38
36 74 18 86 80 3 80 28 95 76
24 26 39 34 51 68 18 15 75 56
Size
9 1 2 4 10 5 8 4 3 9
9 9 5 6 5 3 8 5 6 3
4 2 5 8 7 7 5 9 4 8
9 10 3 9 10 4 1 5 9 3
7 9 7 8 5 3 9 8 2 4
1 8 10 10 1 5 5 9 7 8
6 3 10 6 8 5 10 1 5 9
6 3 3 4 1 2 6 8 5 1
4 10 8 1 4 6 1 6 6 5
2 4 1 10 3 8 4 8 10 3
2 3 8 9 6 7 6 3 10 7
7 7 5 1 10 5 10 1 6 2
1 8 7 9 7 7 2 6 8 5
9 3 5 4 1 5 7 10 6 1
3 8 1 1 8 7 2 6 7 4
7 7 1 8 8 9 9 7 4 6
5 9 9 1 2 3 9 4 2 9
7 5 7 4 10 10 3 3 10 8
1 7 5 5 8 1 6 4 10 5
10 1 5 10 1 9 2 10 9 9
9 7 9 1 3 7 8 6 1 9
2 10 5 7 8 4 10 1 4 3
1 9 1 4 7 6 9 2 8 8
8 3 1 7 1 9 7 9 7 1
9 8 6 5 9 7 2 10 5 7
6 10 9 7 9 4 3 7 1 7
8 6 2 3 3 9 8 8 4 1
8 1 4 2 5 3 5 4 3 2
2 5 9 1 10 7 1 3 6 2
7 6 5 3 4 10 5 8 10 3
7 7 3 1 6 4 8 9 9 7
1 7 2 3 6 6 5 9 7 2
3 7 8 8 8 1 8 5 1 9
1 10 5 5 6 6 10 3 3 5
7 9 4 10 7 3 9 8 1 3
4 2 4 2 4 2 7 9 4 4
10 10 10 9 5 7 2 7 9 1
3 6 7 8 9 7 10 7 1 7
2 2 3 9 5 4 10 2 6 10
6 6 10 6 1 8 8 5 9 7
3 10 4 6 3 7 4 2 3 5
6 3 3 8 9 7 7 6 2 8
7 8 2 2 1 7 7 1 3 7
6 10 1 8 4 8 2 6 4 2
8 10 5 7 6 8 1 4 2 3
7 2 1 9 1 3 6 3 2 1
7 4 6 4 5 5 4 1 9 8
5 6 1 1 8 1 8 1 7 5
10 3 4 1 10 7 3 5 9 2
10 5 10 4 2 3 8 1 3 3
3 3 9 2 7 6 1 3 2 5
10 3 6 8 8 1 5 3 9 1
4 5 8 8 2 3 4 6 8 2
7 6 2 4 1 10 7 4 1 9
10 6 9 9 8 7 7 6 7 5
3 8 10 2 2 6 5 1 9 8
8 9 7 3 3 1 8 7 10 6
6 10 4 7 8 7 9 9 4 9
3 9 2 2 7 3 6 2 2 8
1 9 8 1 4 7 6 9 8 5
7 5 2 4 8 6 1 7 1 1
5 5 4 9 2 6 5 2 8 10
6 6 7 8 9 9 1 7 2 8
8 5 3 7 3 10 4 5 10 1
5 3 1 6 4 4 6 5 4 9
6 5 3 10 7 5 5 10 7 10
4 6 10 10 4 7 2 2 9 6
4 7 3 10 7 1 9 9 2 10
2 5 8 9 3 2 2 6 10 7
6 7 9 8 6 7 8 7 6 5
4 4 6 9 8 4 8 4 2 7
1 4 2 5 10 1 10 5 1 9
8 8 2 10 9 5 10 7 1 2
7 1 1 2 10 7 8 8 10 7
3 9 6 4 7 1 5 8 6 10
5 3 2 3 5 4 5 6 4 9
7 1 4 10 3 8 10 8 3 10
5 4 4 5 7 1 8 10 5 1
2 10 4 1 6 7 3 7 9 10
5 4 7 8 7 4 3 8 1 6
9 10 10 10 3 9 6 6 2 6
9 8 10 8 1 9 4 6 4 4
7 5 7 5 3 7 6 2 6 8
2 3 7 7 1 1 3 4 6 2
9 4 4 5 1 2 5 9 10 8
4 9 4 5 10 2 7 8 2 8
10 5 10 1 4 4 9 2 8 4
1 6 2 6 2 8 6 10 8 6
10 4 5 4 8 7 1 9 2 3
9 9 9 9 4 9 7 4 6 2
3 9 9 9 7 4 10 6 10 7
10 2 10 9 4 2 8 8 7 2
6 4 10 7 5 7 3 4 9 3
7 2 4 1 5 7 6 9 3 3
8 10 9 10 10 2 9 9 8 4
9 2 2 7 9 2 10 7 9 8
8 6 6 4 1 6 9 9 9 9
9 4 8 2 1 2 10 3 4 1
4 7 8 3 5 5 10 4 3 4
9 6 5 2 6 1 1 1 9 1
NoWait times: 3
0 6 7
