n 100
m 10
cap 30
Processing
25 29 91 76 8 9 90 75 23 96
65 85 68 51 20 35 100 41 38 86
85 83 92 99 85 53 53 55 87 38
29 56 86 44 68 12 57 19 89 48
38 79 50 16 94 18 55 22 49 16
21 100 66 76 73 4 40 80 5 83
14 63 18 45 34 13 67 91 99 41
83 10 95 49 59 38 46 82 75 90
16 31 14 44 81 70 77 52 52 9
22 69 63 43 91 71 84 91 27 38
6 51 30 41 3 70 48 42 59 45
26 28 41 4 52 50 94 32 11 76
55 60 34 54 99 63 95 8 16 68
85 76 67 89 50 63 11 7 13 77
5 78 39 34 92 32 100 53 36 46
86 95 99 10 1 72 6 79 18 28
100 95 62 44 96 21 45 12 15 83
92 74 87 65 80 52 78 22 85 72
28 96 80 49 2 26 92 97 45 65
1 4 40 22 93 22 31 35 95 90
79 72 65 51 32 30 65 67 47 28
55 4 48 88 49 99 71 41 51 25
5 2 91 40 92 5 97 61 78 39
89 24 44 10 43 66 91 34 87 60
83 49 16 31 85 24 59 4 71 92
53 97 95 34 72 15 80 91 17 58
89 53 85 13 23 85 66 86 14 67
67 18 61 41 97 52 77 23 50 8
22 71 1 25 73 3 62 49 94 10
49 85 28 92 92 16 94 75 33 3
42 21 70 87 34 78 15 73 13 44
85 3 73 86 29 2 13 13 74 17
55 84 91 63 44 71 100 82 89 23
76 3 29 90 2 62 82 26 39 54
83 53 81 96 26 94 8 99 76 46
31 96 71 3 55 55 23 66 98 2
91 99 33 48 17 35 43 24 50 81
72 75 82 35 14 3 48 83 64 66
25 87 51 31 32 79 28 96 81 22
97 23 62 54 37 76 67 34 90 60
15 99 18 41 49 68 93 6 53 34
88 97 57 38 78 49 88 19 70 91
98 6 87 51 60 14 33 82 20 62
6 94 91 55 96 74 81 74 79 12
61 35 40 38 19 95 77 26 40 88
7 48 35 49 55 51 47 32 72 65
100 79 77 85 41 98 8 96 63 93
71 92 69 22 6 31 37 4 74 20
58 30 67 66 29 52 82 42 94 90
59 43 28 23 31 90 3 94 88 95
68 11 37 25 90 27 50 14 51 59
44 30 21 87 82 22 7 91 69 72
97 84 61 10 14 96 44 77 78 80
88 93 72 3 93 59 94 64 65 11
60 82 87 20 83 92 31 14 81 40
74 49 27 39 98 100 45 33 99 46
86 50 33 91 53 83 2 54 91 58
10 13 36 95 50 47 94 55 98 92
39 73 76 59 71 63 35 84 17 16
9 40 19 95 41 69 89 24 94 92
38 35 39 76 86 99 92 18 13 3
80 52 95 27 68 75 57 97 75 6
11 12 100 11 14 26 53 97 39 82
28 26 74 34 43 59 33 40 74 48
55 14 41 54 58 28 84 76 100 64
16 1 40 70 6 88 91 60 83 18
38 51 48 85 5 100 49 23 90 1
93 89 80 56 97 92 90 93 72 3
44 10 72 26 94 10 51 24 84 61
6 16 43 7 70 56 60 73 32 100
7 98 62 62 26 68 2 43 25 47
43 89 10 56 80 13 79 44 20 12
52 87 88 63 56 23 17 36 7 46
37 75 79 87 35 87 92 35 4 85
19 66 69 2 52 9 74 38 23 46
32 57 57 35 83 25 96 63 54 12
71 98 16 16 91 94 65 65 51 46
56 61 51 17 91 67 27 81 95 47
53 51 91 63 2 52 96 76 11 69
30 62 88 63 92 87 29 70 72 99
89 42 5 77 37 53 52 16 56 69
91 17 98 84 48 50 66 31 95 49
98 12 3 88 4 82 99 98 77 79
78 28 3 73 32 21 59 94 4 70
10 67 56 41 81 67 53 30 96 79
53 4 16 54 9 33 70 49 90 64
15 35 58 41 67 35 90 90 54 31
26 47 26 95 23 9 24 63 72 100
76 32 21 47 98 76 76 18 90 50
91 94 56 27 46 57 80 57 29 14
92 34 31 16 26 88 26 46 5 70
4 16 17 11 23 70 32 44 72 32
53 82 21 21 67 26 88 80 62 65
15 18 31 71 93 23 31 38 9 74
94 1 58 37 75 17 83 94 67 15
82 82 41 62 58 76 9 84 3 95
19 80 30 40 2 65 30 46 85 1
97 26 78 72 80 19 64 55 2 69
68 55 98 65 26 68 95 53 92 32
3 28 85 35 10 41 40 52 42 76
Size
7 8 9 3 10 3 8 7 6 9
5 5 7 4 4 7 8 9 10 6
3 1 9 7 4 4 1 5 5 6
5 10 2 2 4 3 10 1 1 10
6 2 6 5 10 9 10 9 1 3
5 3 7 4 2 5 1 3 9 3
9 3 8 6 3 5 9 8 9 1
5 1 3 3 7 5 5 7 7 3
8 9 3 6 5 10 3 5 2 2
9 5 5 5 4 7 2 4 7 7
2 7 9 5 3 6 8 2 4 2
1 8 3 9 2 3 2 6 1 7
3 2 6 1 3 1 6 9 2 5
3 9 7 9 6 10 7 10 1 10
6 10 1 7 8 3 10 8 7 8
2 5 1 9 10 9 7 6 4 2
2 9 1 1 4 2 4 6 5 10
4 4 7 5 8 5 5 6 7 7
7 1 1 10 10 10 9 4 7 9
2 5 2 5 9 3 5 9 1 4
6 9 2 6 7 10 3 1 9 7
7 5 1 3 6 1 9 4 5 9
7 7 8 6 9 7 7 7 7 3
4 5 8 3 9 4 7 5 9 5
6 6 6 7 2 2 8 5 4 3
6 6 9 7 5 4 1 4 7 7
5 1 4 10 10 9 1 10 1 2
1 8 10 9 9 8 10 1 6 9
2 3 9 4 1 3 8 6 5 5
3 3 4 9 4 10 8 1 1 4
10 5 9 8 7 8 2 8 6 7
5 9 7 5 4 7 8 5 9 5
4 5 3 6 9 7 10 7 6 7
8 8 1 4 10 7 4 1 9 8
10 6 3 6 7 7 1 5 5 6
10 7 9 3 6 9 3 2 8 5
4 6 4 6 5 6 7 4 10 6
1 4 6 7 9 4 6 9 2 2
1 10 1 5 3 7 10 7 5 2
10 3 2 4 8 6 4 9 3 1
8 9 8 5 10 8 10 1 2 9
1 7 8 10 7 7 1 6 4 2
4 7 1 10 5 9 7 7 4 2
1 8 6 9 10 10 6 4 7 9
8 10 10 8 7 2 2 7 5 8
10 6 6 1 2 2 9 8 1 9
9 6 7 2 9 8 7 7 2 5
1 9 9 3 3 7 6 1 6 9
3 5 2 10 3 2 4 3 6 5
4 4 4 2 5 10 3 2 9 8
5 3 5 3 6 4 8 3 10 7
4 3 8 1 8 3 6 5 10 7
6 3 3 8 7 9 8 8 7 10
4 9 4 7 9 4 3 6 9 1
7 1 7 5 8 7 10 10 2 1
5 5 5 1 1 10 10 10 5 4
2 8 8 2 2 10 3 1 6 8
4 5 1 10 5 2 5 1 9 6
2 3 8 10 5 2 6 4 7 10
4 7 2 2 2 6 1 2 1 2
8 1 10 3 1 6 5 10 9 2
7 3 8 4 10 10 10 4 6 1
8 4 10 6 1 7 9 8 2 9
7 1 10 5 1 4 3 4 1 2
4 5 8 2 4 4 4 1 3 9
4 9 10 8 7 9 6 10 9 6
2 5 4 7 8 7 8 9 10 10
6 2 3 7 8 2 6 3 2 5
9 9 3 3 5 2 6 10 5 10
2 8 7 4 7 5 6 3 8 9
6 9 2 10 6 8 4 6 4 9
10 9 2 9 3 3 2 5 10 5
5 9 9 6 10 10 2 8 10 8
8 2 3 2 3 2 9 10 1 8
2 8 4 5 2 2 1 2 6 1
5 7 9 5 8 5 9 2 2 1
9 9 10 9 2 3 3 1 2 4
5 1 9 10 4 9 4 3 8 5
1 9 5 10 5 5 2 4 2 10
2 2 2 2 6 9 3 8 8 1
1 8 6 10 1 8 7 6 4 7
5 10 9 6 6 8 6 7 5 6
2 9 4 8 10 1 9 3 3 3
2 7 5 6 7 7 9 8 3 8
4 5 7 3 2 2 9 9 3 8
10 10 4 9 5 6 1 10 3 10
2 2 9 1 4 10 8 5 8 2
5 5 5 10 8 10 8 1 3 8
6 7 4 2 4 9 6 8 6 10
7 1 2 10 1 6 6 6 5 8
6 3 4 8 9 1 9 10 10 3
7 6 2 1 5 6 9 6 3 1
8 2 3 7 5 10 10 1 5 4
2 2 4 8 2 9 7 7 2 7
6 10 7 7 8 10 7 2 10 1
4 10 6 9 6 8 6 6 4 10
1 9 4 7 1 6 2 3 6 9
3 8 10 7 9 3 4 1 1 6
9 3 1 7 10 10 10 8 9 6
6 5 9 6 6 3 2 2 10 5
NoWait times: 3
0 2 7
