n 100
m 10
cap 30
Processing
90 17 100 38 61 72 87 92 97 32
12 49 87 74 28 8 39 33 55 92
14 26 92 23 62 30 90 94 80 73
66 28 42 95 87 93 47 60 47 67
84 80 32 40 50 8 53 30 77 60
53 36 77 40 64 98 42 23 98 92
16 87 47 67 62 14 76 39 1 100
39 58 2 81 12 11 10 83 94 22
27 87 39 69 99 85 7 100 94 5
73 53 64 88 87 22 45 55 100 9
60 72 89 97 83 60 30 41 57 78
22 43 84 83 52 6 76 44 14 67
41 97 77 60 70 50 1 13 50 71
74 52 25 33 79 14 62 57 75 99
32 25 6 22 9 100 12 56 9 44
84 96 75 41 95 21 84 90 33 82
28 42 1 93 27 65 54 32 55 32
16 40 43 37 93 8 81 85 53 73
1 81 52 70 86 59 1 100 66 8
68 57 18 62 95 28 43 20 5 60
45 48 40 21 1 75 69 5 81 61
15 100 71 33 7 32 43 99 16 37
82 64 64 54 89 86 71 91 82 1
22 27 14 39 26 98 58 79 15 33
89 23 85 47 85 15 63 17 73 22
50 90 93 74 94 91 15 69 99 64
90 33 73 78 55 25 52 63 28 62
8 34 62 56 74 42 30 62 66 7
96 11 25 85 95 68 39 23 56 96
79 46 52 57 70 34 31 98 17 42
74 81 4 56 1 71 55 91 32 97
54 40 70 55 57 57 96 37 19 85
79 97 8 55 83 56 15 97 24 35
57 41 53 42 82 82 67 41 67 71
61 72 11 42 53 86 40 84 26 37
38 2 8 74 72 7 30 47 6 83
27 50 36 99 17 13 67 70 59 64
77 76 56 81 79 49 22 79 92 28
85 65 6 74 1 90 25 49 51 28
90 15 88 100 18 40 63 74 46 1
30 63 27 37 95 38 82 66 39 10
55 2 64 66 27 86 33 78 31 15
27 79 11 23 70 44 39 73 34 70
52 87 36 96 41 50 47 19 36 86
60 39 45 85 41 20 84 62 36 47
5 42 30 100 52 11 62 91 66 24
62 53 18 32 63 43 15 26 72 99
39 67 3 91 60 28 44 30 35 65
92 86 80 80 76 50 73 75 25 70
92 56 81 4 28 79 63 44 92 91
59 31 88 42 64 88 72 88 40 59
32 19 14 23 33 8 28 85 22 57
27 5 65 20 82 60 40 12 81 8
51 37 82 79 69 37 38 66 94 95
88 61 67 80 45 31 93 32 74 12
3 36 53 86 21 37 93 94 75 31
27 23 10 71 27 97 78 57 68 63
93 76 79 23 31 57 70 14 18 45
58 6 39 99 18 54 22 5 52 57
3 8 12 42 78 34 85 67 71 27
8 67 2 57 81 2 66 47 33 93
71 53 93 16 81 22 94 80 6 53
93 88 24 60 19 40 94 13 43 20
24 32 91 52 95 18 68 27 31 40
35 41 80 100 26 26 45 61 73 6
73 60 40 79 25 33 69 65 37 26
55 79 100 76 38 55 91 3 82 44
30 55 67 63 25 40 24 64 27 79
96 77 26 51 85 33 21 51 2 56
13 66 18 36 28 92 35 56 49 48
26 84 67 38 29 20 29 30 13 48
86 47 86 9 78 74 74 86 30 37
65 60 31 80 16 90 14 15 85 11
63 14 16 55 18 50 41 86 75 57
93 98 4 39 3 52 76 42 14 52
48 7 9 80 96 12 57 27 12 32
80 86 54 67 51 54 85 66 22 89
18 88 90 7 93 1 11 94 100 19
40 5 15 59 74 16 23 14 82 94
17 26 71 2 13 9 28 11 28 39
44 88 90 99 45 61 100 11 1 5
42 63 63 44 65 38 20 71 41 36
32 82 49 27 29 8 9 77 74 44
49 68 80 90 14 95 80 9 1 6
63 13 50 66 64 32 90 50 22 58
67 56 13 30 88 50 30 100 37 97
45 18 28 44 50 46 27 80 24 73
55 75 79 31 96 3 26 75 85 12
80 2 51 60 64 38 56 57 96 38
74 26 53 50 79 41 5 71 82 69
34 98 55 48 91 18 100 59 99 88
95 60 71 1 48 31 43 36 100 82
60 93 11 46 21 65 62 88 33 41
67 51 57 11 21 10 38 74 57 35
44 70 75 17 72 49 90 19 7 31
42 51 13 88 100 70 100 64 68 60
78 62 32 5 3 56 86 76 56 41
44 90 46 57 29 64 34 93 92 55
38 23 18 2 48 29 35 37 23 68
36 77 52 76 83 49 6 19 16 63
Size
6 7 2 4 5 5 10 10 1 8
4 6 5 9 7 4 2 1 8 2
8 2 1 10 3 9 6 5 3 7
1 3 1 8 4 9 1 6 8 6
6 5 7 6 2 9 4 7 10 3
4 4 6 2 7 6 8 10 6 8
9 9 9 8 6 5 8 1 5 3
7 5 9 8 3 9 1 2 10 9
4 3 6 8 7 10 6 9 9 5
8 1 1 3 4 8 3 6 3 8
8 10 4 8 1 1 1 8 10 9
6 3 2 2 10 10 8 6 3 5
4 2 1 6 8 5 5 6 2 7
10 8 3 1 9 3 7 2 5 6
10 4 6 3 2 4 6 7 1 6
1 7 5 9 4 6 4 9 10 3
2 4 10 3 6 8 2 1 4 9
2 6 9 4 3 8 6 9 5 2
6 5 1 8 2 10 6 2 8 3
2 9 5 5 2 3 5 2 1 2
1 10 9 6 3 8 3 5 3 4
7 8 4 3 8 6 1 9 8 8
5 1 2 4 2 4 7 7 7 7
6 1 4 7 1 2 4 8 5 10
4 10 8 6 10 5 7 2 9 8
2 2 8 4 2 3 3 8 9 7
3 6 6 8 6 6 3 7 8 1
7 10 9 10 8 3 10 3 6 2
9 4 8 5 7 7 9 4 6 10
4 8 1 1 10 4 10 5 4 3
6 8 3 7 9 6 1 3 10 7
4 2 7 9 1 5 1 10 3 8
10 10 3 3 8 5 3 1 4 6
8 6 4 1 6 9 4 3 7 6
7 7 5 4 8 4 5 4 4 7
9 1 2 4 1 9 3 7 9 10
1 10 5 3 9 5 4 10 3 10
1 1 6 4 10 6 1 2 9 6
5 9 8 5 6 2 4 10 6 2
9 8 7 1 10 3 8 6 4 9
8 1 9 9 3 6 9 4 8 3
2 10 5 8 1 1 8 10 4 5
6 3 5 5 9 9 3 1 6 8
3 2 10 2 1 8 8 4 1 3
1 1 1 4 6 9 8 2 1 1
3 6 9 10 10 1 1 3 6 6
7 3 7 5 1 5 6 3 10 3
5 8 7 1 6 6 8 6 9 4
9 5 6 2 10 3 9 5 2 6
1 3 2 9 2 2 9 1 9 6
1 6 8 10 10 1 6 10 6 2
5 3 7 6 9 5 10 4 6 3
10 9 7 8 10 1 6 2 2 8
7 9 2 6 1 8 8 10 5 4
8 6 2 3 5 2 1 2 7 1
8 3 8 3 3 3 2 8 2 7
2 5 9 5 1 5 2 5 6 5
2 2 7 6 1 9 4 9 2 3
3 3 4 5 6 5 1 2 10 2
7 6 10 8 5 7 4 10 6 7
9 7 2 5 5 8 2 1 4 9
9 1 4 1 7 7 8 1 10 4
1 10 10 7 3 6 1 5 5 3
5 1 5 10 4 6 3 1 3 9
2 1 9 8 8 7 9 2 3 7
5 6 9 9 3 5 1 3 6 5
1 10 7 2 4 8 2 6 6 8
8 2 10 10 1 3 6 2 1 9
10 1 4 3 2 1 2 4 10 5
7 5 7 3 5 8 8 6 9 9
8 3 3 4 3 4 5 7 10 9
10 10 6 4 3 2 2 1 9 5
6 3 10 4 10 9 5 4 1 9
4 10 3 2 5 5 3 3 7 3
10 6 2 5 7 4 6 3 5 1
6 9 6 7 9 5 3 6 10 7
2 6 7 10 9 1 4 2 6 3
4 3 8 8 3 4 8 5 8 3
6 8 9 2 4 5 8 2 8 1
3 1 6 1 10 7 6 5 2 5
5 4 6 3 1 4 10 1 10 3
2 2 9 2 8 9 2 5 4 1
2 6 1 2 10 1 10 3 5 9
8 3 9 9 2 10 2 3 5 3
3 9 8 9 1 7 4 7 5 5
9 5 5 8 8 5 7 3 4 4
5 4 4 3 4 8 8 3 4 7
6 7 3 3 8 3 8 7 9 10
8 10 10 3 3 3 7 10 4 9
7 5 9 1 9 5 6 5 6 3
3 2 4 9 10 4 10 4 3 7
9 7 2 4 9 1 1 9 2 8
8 8 8 6 2 2 2 10 9 9
1 2 5 4 10 10 1 7 2 6
7 8 3 3 1 1 10 1 1 10
1 10 4 8 10 9 10 3 8 2
6 8 2 8 7 8 3 3 5 9
4 6 3 10 6 8 4 9 6 4
4 6 2 1 7 5 1 7 7 5
9 7 10 1 8 4 2 1 4 10
NoWait times: 3
2 5 8
