n 100
m 10
cap 30
Processing
21 76 72 6 81 72 46 51 19 50
75 55 42 82 60 61 21 86 8 35
90 32 78 70 91 47 60 71 92 83
12 92 81 65 86 19 83 69 4 87
75 14 18 64 81 25 15 96 72 76
1 82 1 40 4 3 93 28 75 11
58 14 22 57 22 100 48 25 68 42
83 69 5 79 80 26 2 19 62 68
95 32 6 72 36 62 32 3 53 14
50 63 99 53 16 88 4 65 14 4
98 29 96 96 48 89 72 41 4 93
95 13 5 53 84 19 49 70 51 52
26 83 7 88 88 29 63 83 93 15
87 68 88 86 90 11 81 44 42 4
34 53 36 75 91 25 65 19 91 4
57 63 35 92 35 45 75 26 90 69
37 87 49 8 28 36 64 87 31 45
45 39 8 97 13 89 74 74 99 47
63 84 27 74 8 36 34 8 50 72
83 59 58 30 79 64 76 4 4 70
3 33 76 27 59 35 15 87 69 35
87 50 81 41 44 52 65 25 97 8
44 76 83 18 86 15 66 76 16 94
67 53 43 42 77 70 28 72 44 97
72 95 2 63 38 78 92 5 4 55
56 33 38 88 87 58 30 47 15 52
9 58 25 30 95 29 13 71 12 20
86 43 62 18 75 80 53 24 20 34
38 69 98 53 3 30 17 14 90 91
10 90 14 76 77 29 22 62 56 22
14 72 18 50 19 48 89 55 86 95
28 91 71 37 68 60 15 90 78 80
39 28 76 39 40 6 10 96 36 77
39 52 67 16 42 97 48 82 85 34
66 31 90 28 87 16 77 69 35 66
67 23 40 18 39 8 63 68 88 27
93 96 49 74 73 31 10 72 85 61
8 87 13 90 36 60 33 21 54 47
91 30 57 94 97 21 58 98 47 93
3 81 50 62 3 92 37 26 72 63
54 76 8 47 81 46 75 42 2 63
21 7 65 56 27 8 5 6 63 13
14 83 70 17 99 80 47 21 9 45
39 53 31 86 71 83 77 98 100 58
47 85 95 3 6 91 85 11 58 52
100 9 27 93 24 85 21 69 99 14
57 21 85 44 84 39 65 12 47 95
67 37 10 59 41 40 36 71 79 95
82 45 66 49 18 6 92 61 66 7
31 1 35 69 89 1 99 100 29 80
80 39 90 58 100 25 60 58 26 34
40 65 24 84 69 98 72 51 26 65
93 36 49 5 62 47 21 3 53 99
94 70 51 85 28 49 3 73 36 69
17 70 81 3 7 6 97 9 41 4
80 76 27 22 33 65 12 97 51 8
61 10 99 95 15 74 75 5 44 57
80 41 44 95 1 90 55 87 4 55
4 10 35 47 68 47 14 15 56 81
59 94 33 51 92 45 61 35 67 38
59 45 20 85 93 92 99 71 92 63
96 34 40 67 47 50 18 8 95 41
74 3 69 1 66 97 83 76 28 1
82 86 31 96 93 20 46 93 85 18
35 30 7 70 24 48 18 15 67 88
72 29 9 83 49 53 83 93 81 98
38 64 39 99 28 36 20 27 62 72
48 78 33 91 16 81 9 64 86 6
99 46 26 47 9 70 79 10 92 87
37 81 39 47 98 73 10 96 48 25
26 19 34 72 38 71 37 65 1 14
65 94 95 99 11 36 6 7 36 87
64 53 28 72 37 84 20 78 68 62
77 30 91 27 85 38 30 22 62 53
4 91 82 17 10 71 23 20 90 11
31 42 93 12 87 23 100 28 18 99
4 22 51 24 24 27 30 55 71 27
20 34 73 11 32 65 14 100 8 30
64 73 98 43 80 45 35 34 48 90
39 84 94 15 24 82 86 77 54 92
85 93 41 58 43 74 63 68 63 87
6 5 23 98 18 50 80 13 54 32
70 26 13 90 1 98 29 98 31 85
49 57 93 1 10 79 54 85 69 53
57 14 57 11 53 74 78 73 61 3
47 97 94 22 75 74 4 42 80 21
55 31 5 32 79 57 72 23 85 35
50 49 69 9 6 7 12 14 12 8
68 48 54 64 78 76 50 85 38 10
73 59 53 17 3 29 93 72 2 12
37 53 79 57 31 48 5 78 39 25
11 27 47 11 100 20 29 76 47 5
31 52 88 5 38 96 39 37 63 34
25 57 81 6 100 25 100 24 34 33
48 28 21 25 23 60 76 9 21 56
60 62 44 9 81 2 57 67 72 98
97 54 73 32 86 34 36 47 87 99
24 60 15 66 75 61 53 48 84 2
46 80 14 80 27 28 79 79 57 51
19 66 67 51 54 31 16 24 22 21
Size
2 6 6 6 8 3 7 10 2 6
6 7 1 2 5 5 7 7 8 2
4 9 5 6 8 2 8 8 1 1
1 6 10 8 7 10 7 2 4 9
5 5 2 3 2 3 5 3 5 10
9 7 4 5 2 1 7 6 8 5
6 7 6 9 2 5 5 5 2 6
9 4 7 4 7 10 4 4 7 8
7 2 9 10 3 2 7 7 4 7
4 4 2 7 6 4 10 5 7 10
8 5 7 7 2 5 10 8 8 4
9 7 4 10 3 1 10 3 3 7
2 5 1 9 7 9 2 6 9 5
8 4 2 1 2 10 9 6 10 4
10 4 3 7 4 5 4 3 6 5
2 8 3 5 3 3 1 1 6 4
3 9 6 7 3 1 4 1 6 4
6 4 2 9 9 3 7 10 10 10
10 9 3 3 5 2 9 3 7 5
3 3 10 10 1 2 5 9 4 5
7 5 3 10 1 1 2 7 1 2
6 7 6 4 7 10 1 6 7 9
10 7 7 5 3 7 1 6 5 4
3 10 3 4 5 7 4 4 1 4
2 5 7 10 4 1 7 9 7 5
9 8 3 10 1 3 7 2 6 9
6 2 6 2 5 2 8 7 6 7
6 10 4 8 6 9 6 9 6 2
7 2 1 5 7 9 3 6 7 7
4 4 5 2 5 3 10 5 3 3
2 3 2 1 8 3 7 1 10 7
5 1 1 8 1 5 10 3 7 10
4 2 4 10 7 3 3 6 9 10
3 1 7 9 7 8 5 1 7 8
5 9 5 9 3 4 8 7 4 5
8 10 3 6 3 10 10 5 3 3
3 5 8 1 9 4 8 6 5 6
9 1 9 10 9 6 5 3 4 3
3 7 8 10 8 8 9 6 8 5
6 4 5 1 2 4 6 8 5 5
1 4 3 4 9 6 2 7 9 2
6 1 6 6 8 10 6 1 6 1
1 4 7 2 1 7 7 7 2 2
4 10 7 2 5 4 6 6 2 3
8 10 9 2 9 1 8 10 5 2
6 10 5 2 4 9 5 6 1 4
8 9 5 3 7 6 6 10 10 8
10 5 9 10 9 9 3 7 6 6
1 3 3 2 6 3 3 6 4 9
3 10 3 10 3 1 3 4 7 10
8 2 7 6 4 8 5 5 1 7
5 4 6 7 2 3 7 3 5 10
6 4 6 4 1 7 5 9 4 6
8 6 10 4 7 7 8 9 9 2
8 7 10 1 8 7 1 1 5 7
9 2 5 6 10 7 5 2 4 5
1 10 4 10 5 10 9 10 6 2
7 1 8 5 5 3 5 7 2 8
3 7 2 2 9 3 3 1 3 8
2 6 2 1 5 6 9 8 7 9
3 6 10 4 5 4 5 1 3 6
1 9 2 1 10 1 8 7 9 3
2 9 9 6 4 2 3 3 10 9
8 1 8 4 10 2 3 1 7 9
1 9 6 1 5 7 9 6 6 1
7 9 10 8 1 2 1 8 1 10
6 1 8 4 1 4 1 7 4 2
4 5 4 1 9 7 10 6 1 9
10 1 9 2 8 5 8 9 6 4
7 10 5 5 10 8 1 8 8 10
4 2 7 6 10 2 9 1 5 4
10 1 2 3 9 3 10 8 1 5
7 1 8 1 7 5 10 8 1 7
1 9 5 3 5 6 1 4 6 8
1 4 10 2 9 3 9 5 10 9
2 2 4 2 2 6 10 7 3 6
4 5 3 9 7 8 6 5 2 7
6 5 4 4 10 10 10 2 3 4
7 4 6 6 3 4 6 6 3 10
6 7 2 2 2 3 3 10 5 8
1 10 10 3 1 7 2 10 10 9
2 2 7 3 7 4 3 4 8 9
6 5 2 4 4 8 10 1 3 3
6 10 5 10 3 6 10 4 7 7
9 6 5 1 9 10 6 6 8 5
10 10 8 4 8 10 4 7 4 2
8 5 1 9 2 9 3 7 10 3
8 8 4 7 2 2 5 10 7 1
1 5 1 4 7 9 8 8 8 5
6 3 8 1 6 7 7 8 10 3
5 8 9 9 4 1 10 7 3 5
3 3 3 9 9 6 8 5 1 7
7 2 7 7 7 10 5 10 4 2
4 8 7 9 9 1 2 5 1 3
5 5 5 6 4 7 6 5 1 5
6 1 5 10 1 1 7 4 5 9
9 8 10 6 2 1 7 7 3 1
8 8 9 5 3 4 10 1 4 6
4 6 8 6 1 1 4 8 5 6
1 10 5 2 8 5 10 2 7 7
NoWait times: 3
5 6 8
