n 100
m 10
cap 30
Processing
93 6 70 18 94 55 15 75 97 22
47 2 41 39 31 84 52 83 76 44
98 5 20 20 70 64 54 72 9 74
29 24 1 93 94 64 99 29 88 64
67 93 12 93 91 89 1 52 85 89
23 91 86 9 39 73 77 45 38 47
40 84 38 79 64 46 89 74 56 6
94 88 4 96 14 78 96 1 97 99
94 44 53 97 59 15 8 46 69 89
53 45 36 20 82 56 2 39 44 48
13 69 1 86 77 97 63 61 60 39
86 70 14 50 9 39 54 33 18 21
89 60 24 86 89 27 31 67 87 73
33 25 7 63 38 96 38 38 31 37
92 12 75 30 47 64 85 92 30 18
38 99 31 92 76 32 18 69 30 44
27 44 39 64 35 42 73 50 73 76
55 67 73 17 40 64 5 27 18 58
18 9 28 32 14 10 40 80 49 52
76 50 29 96 96 15 58 21 33 52
80 35 72 22 15 90 80 8 20 82
39 19 33 62 74 25 100 85 4 91
52 34 67 20 37 92 49 42 45 28
5 69 54 16 99 78 7 45 12 57
17 41 50 11 44 78 81 29 45 17
78 55 54 24 13 13 1 95 65 1
59 24 66 98 44 54 44 16 60 15
58 41 60 19 77 5 95 99 7 30
93 18 45 37 4 23 2 94 37 2
31 79 20 65 94 34 11 41 67 8
60 97 67 99 27 47 42 34 81 88
19 12 30 1 62 52 87 29 58 40
41 26 79 67 52 27 94 29 59 49
62 93 39 7 82 3 49 84 74 34
24 61 47 47 12 94 20 5 8 13
26 42 91 51 79 27 83 36 41 20
30 95 30 19 49 45 90 94 55 7
51 30 98 33 74 2 42 92 37 40
61 64 69 51 94 46 99 25 38 11
53 38 89 24 84 78 30 6 72 55
58 66 35 50 88 16 56 13 64 20
74 26 80 100 31 16 20 40 75 99
39 17 30 75 78 35 40 55 62 84
88 9 39 76 88 69 94 34 1 96
11 82 37 4 5 87 100 98 33 42
86 68 52 85 34 29 55 96 57 20
88 15 94 50 31 87 57 91 73 3
54 12 92 32 94 4 54 38 44 44
100 83 62 46 95 83 99 3 95 23
2 99 17 14 52 69 97 90 83 43
4 27 40 21 68 98 100 57 75 26
26 89 29 61 7 10 90 49 99 51
96 55 54 20 100 39 49 91 58 84
58 31 65 16 54 59 92 86 67 38
89 76 16 47 68 60 54 46 76 20
63 43 16 1 13 96 69 10 77 82
32 55 68 51 80 85 90 48 73 56
34 65 23 52 9 72 40 97 83 64
5 86 81 27 57 28 6 49 18 7
52 64 44 61 90 90 15 47 54 90
42 5 20 67 87 98 73 67 81 91
97 1 66 88 78 97 43 92 27 81
65 49 13 92 87 90 24 53 79 52
78 94 2 74 48 71 17 36 80 30
95 83 95 95 49 3 78 68 81 94
55 56 7 79 75 45 51 65 72 55
26 92 39 91 68 84 29 39 17 90
79 24 67 58 57 88 23 47 54 47
67 48 51 78 58 31 63 68 36 6
17 77 26 31 40 5 5 89 59 28
87 64 53 57 81 94 6 25 70 20
47 18 83 35 11 51 27 77 36 36
9 61 52 91 31 9 32 2 31 90
26 83 30 77 30 51 98 51 70 1
23 4 7 51 43 79 73 49 58 4
86 6 25 26 77 98 68 75 57 69
39 50 48 85 67 65 16 9 23 22
89 84 95 75 98 96 39 17 3 26
68 28 38 56 66 60 3 89 31 51
83 76 40 84 15 33 24 30 29 9
62 33 47 97 84 9 80 69 74 13
55 63 43 61 37 85 8 81 52 64
55 16 13 12 51 87 5 94 9 10
94 97 8 21 91 78 74 42 8 93
3 39 34 72 6 41 87 57 30 44
19 67 4 3 1 29 51 87 64 6
31 37 5 4 51 95 15 50 72 99
16 21 74 4 69 56 68 7 5 65
27 86 94 79 58 30 46 72 29 19
90 80 38 16 49 83 58 45 72 23
92 42 85 12 46 4 24 5 32 1
8 9 5 18 12 37 52 18 66 59
74 6 95 2 8 58 26 42 42 46
64 57 11 30 53 72 88 52 23 75
1 34 90 79 23 52 81 40 43 80
30 85 26 44 58 64 45 93 21 63
94 64 83 69 79 85 27 95 25 62
72 84 2 32 56 34 94 69 64 9
85 99 96 33 61 94 98 66 9 43
55 87 4 32 36 50 10 12 83 22
Size
4 4 5 4 3 6 5 10 5 6
5 5 4 3 3 3 8 4 9 8
1 8 1 2 1 8 5 5 10 7
5 1 8 10 9 3 9 7 3 1
10 4 9 6 2 2 7 5 6 4
9 8 9 9 8 8 9 5 5 5
10 2 6 6 7 8 7 9 5 2
2 10 5 6 1 9 2 4 3 6
1 5 7 5 7 3 4 7 4 2
5 6 1 4 9 4 10 1 2 6
3 9 7 9 10 5 1 6 5 10
8 5 9 2 10 6 10 4 7 7
7 3 8 3 10 7 10 7 7 5
8 7 8 8 6 6 8 9 3 10
9 4 10 2 2 10 7 1 8 8
3 1 6 2 2 2 4 9 6 9
10 2 1 9 5 5 2 4 10 8
8 2 2 7 4 1 10 8 1 2
4 3 3 3 3 5 9 8 8 1
8 6 2 7 9 5 2 1 6 4
2 2 8 6 1 5 4 2 5 6
1 8 7 9 2 5 10 1 10 8
2 8 8 6 6 9 10 5 3 2
3 6 8 7 5 5 6 3 2 6
9 6 6 3 9 3 10 5 4 7
6 4 9 3 8 3 5 10 8 8
5 1 3 10 10 4 5 4 6 3
5 5 1 2 1 6 2 6 7 8
9 3 10 3 1 4 10 2 1 2
2 7 4 2 2 3 4 10 7 3
1 3 5 10 1 8 8 5 3 3
6 2 6 7 9 5 10 10 3 4
7 5 4 4 5 3 10 5 10 8
7 6 8 8 9 7 4 7 7 7
3 10 2 6 6 5 10 4 4 1
9 6 9 6 6 4 1 9 4 1
1 4 10 3 6 6 4 7 9 10
1 9 3 3 9 5 5 8 9 5
10 2 7 10 5 4 3 10 10 8
8 5 9 9 3 10 5 3 2 9
1 10 2 8 6 3 9 4 1 3
3 1 1 4 9 7 5 2 1 9
9 10 9 10 10 6 7 3 8 3
6 7 2 6 5 6 9 10 7 1
9 8 8 1 7 8 4 3 2 2
10 5 4 5 9 2 7 8 5 5
3 6 9 10 8 1 7 1 1 1
5 10 4 10 9 9 10 1 10 1
1 7 3 10 6 5 2 1 6 5
4 3 8 3 2 5 3 2 7 2
3 2 6 5 1 3 6 4 10 8
8 2 3 3 8 1 7 8 10 1
5 6 6 3 10 4 10 10 6 3
8 5 9 3 7 1 7 6 9 6
6 9 9 3 1 9 8 7 3 3
6 9 7 3 10 5 9 10 9 9
8 6 2 10 6 4 4 8 4 5
2 3 8 5 3 7 5 6 3 6
8 3 5 6 1 1 7 1 3 1
10 7 3 5 1 8 1 2 3 1
1 6 5 10 5 4 1 8 9 5
4 3 2 9 5 7 9 10 6 3
3 2 3 9 7 5 8 6 7 6
5 4 5 8 7 3 6 4 2 4
8 9 5 7 6 6 3 9 6 3
8 8 1 9 8 5 8 2 5 7
3 7 4 2 5 10 6 6 6 7
9 6 4 7 10 10 5 8 6 10
6 7 7 2 10 8 9 2 7 10
10 5 2 10 10 1 10 7 5 6
7 2 3 8 1 8 7 10 10 10
4 10 2 7 6 9 9 10 7 8
2 10 9 5 9 3 2 8 10 2
6 6 6 10 5 1 2 1 10 2
1 9 9 9 9 8 2 3 2 6
7 10 4 5 8 10 6 10 10 6
10 9 7 1 9 10 8 8 6 5
6 7 4 5 6 5 9 2 5 9
1 6 5 9 1 5 5 10 9 5
1 3 1 10 3 7 6 7 4 7
5 2 10 9 2 6 4 10 8 5
5 8 9 3 6 5 8 9 10 1
3 2 5 4 6 4 2 9 5 5
10 8 6 6 9 6 5 1 6 8
5 10 7 1 6 10 6 4 3 6
2 10 3 5 2 6 5 9 1 3
6 6 7 4 7 6 4 9 8 10
5 9 3 6 8 1 7 10 1 7
10 8 9 5 8 10 5 2 4 5
5 8 7 9 3 5 8 10 7 7
8 1 1 7 10 1 4 6 9 2
10 8 9 7 8 9 1 7 8 8
6 10 4 8 1 9 6 8 5 5
8 9 8 9 2 9 4 9 7 9
5 2 10 8 6 3 9 3 4 8
7 10 7 2 4 7 10 7 1 3
9 6 10 8 7 7 5 1 4 10
1 3 10 4 10 1 10 7 3 9
9 10 3 1 6 6 9 4 6 7
1 10 2 6 7 6 9 1 6 6
NoWait times: 3
0 6 7
