n 100
m 10
cap 30
Processing
53 57 60 90 5 66 13 83 75 22
17 77 25 98 71 62 32 21 97 88
83 34 28 47 80 57 92 17 71 12
75 37 53 2 42 95 93 23 100 27
88 3 85 60 15 45 78 71 56 50
37 83 79 86 27 44 95 86 17 62
60 36 10 79 95 36 74 4 57 44
53 90 76 74 83 11 84 6 76 54
95 4 66 100 41 17 96 47 58 64
31 4 59 78 81 42 82 11 26 99
15 27 82 62 50 58 88 77 70 74
70 55 100 69 100 54 6 20 50 92
11 6 39 51 25 81 2 19 53 96
13 19 81 79 17 10 54 54 85 6
87 74 32 45 2 68 53 6 94 91
70 91 16 69 65 94 99 11 24 93
73 6 63 42 5 29 27 42 2 7
28 63 24 22 40 63 94 94 78 87
34 65 16 11 71 52 68 85 74 31
1 51 32 72 36 95 5 44 35 68
86 96 43 95 2 80 89 84 80 4
56 56 62 45 89 31 15 92 98 62
48 73 65 13 89 77 95 75 14 75
16 39 81 71 81 26 56 98 77 52
87 17 35 77 43 36 99 70 19 8
60 64 17 93 60 16 62 77 43 49
19 77 62 22 49 90 43 45 1 54
51 2 78 39 72 63 9 60 41 6
58 72 85 5 76 86 87 2 7 70
7 36 91 86 12 36 32 38 50 22
98 20 52 86 31 75 26 5 48 94
25 29 29 50 88 42 52 82 18 56
39 34 50 92 11 75 58 80 85 93
14 61 44 90 17 88 80 7 47 8
62 84 82 44 60 88 61 48 93 25
12 14 47 16 77 38 10 67 23 73
52 1 40 77 25 72 72 71 100 22
14 88 25 26 94 44 69 37 4 74
80 48 82 42 51 39 78 25 64 54
31 60 15 27 27 95 78 41 63 48
66 65 37 12 80 20 76 29 67 5
8 13 28 49 82 99 70 80 79 96
73 78 29 2 61 29 52 78 12 98
81 84 63 75 47 80 40 78 37 92
15 62 76 45 5 9 69 93 62 72
18 88 88 40 34 92 22 26 69 6
1 12 16 86 17 82 33 57 72 81
31 39 12 77 91 46 89 8 100 69
12 74 96 12 36 86 19 82 85 48
34 15 7 9 95 46 79 41 38 86
5 62 16 81 90 23 41 47 1 64
100 82 31 63 35 88 8 8 96 6
43 94 38 72 95 63 97 81 26 66
5 8 83 28 44 59 58 32 53 100
18 100 47 73 98 100 67 19 25 34
24 96 2 60 65 98 29 89 18 63
58 20 52 5 15 75 71 73 78 46
51 70 100 43 86 74 12 32 88 48
63 25 92 36 12 94 82 77 99 11
10 58 30 40 40 63 35 67 5 11
58 9 68 32 26 4 6 37 23 34
15 34 99 33 80 52 11 95 44 31
68 52 41 43 66 79 61 52 96 92
27 58 10 38 8 100 91 32 62 54
61 24 76 74 39 94 16 9 30 40
73 34 60 80 31 58 35 50 97 84
51 18 72 10 68 50 73 94 92 21
49 95 29 76 61 83 41 96 64 59
43 97 65 84 25 85 98 67 84 16
21 38 99 94 52 19 31 52 21 1
15 88 49 64 97 29 70 61 51 97
77 67 88 70 26 100 92 55 59 98
94 100 67 15 52 1 1 89 16 34
60 43 44 86 37 7 9 48 93 48
53 37 57 45 32 56 81 79 10 48
95 7 8 83 37 54 93 89 13 43
28 29 42 45 92 96 39 51 49 69
46 35 45 42 61 99 1 98 44 56
68 70 96 68 83 20 40 2 76 84
94 46 11 64 38 42 71 63 80 70
77 60 66 55 78 60 67 15 98 57
92 77 43 97 44 94 44 91 14 18
70 75 73 53 95 22 17 39 69 88
34 34 30 30 37 18 94 89 82 55
83 34 26 92 7 73 16 64 11 100
47 13 38 29 29 49 35 89 74 69
80 48 59 53 48 93 98 93 7 84
96 45 31 91 30 59 75 99 47 34
45 87 12 57 100 60 99 52 86 51
47 63 81 89 10 94 88 59 68 63
20 44 52 35 61 17 98 14 23 43
13 53 96 78 3 84 66 70 20 95
93 41 18 3 29 53 92 5 63 65
4 2 52 33 98 76 89 34 13 30
73 11 73 82 44 10 15 33 48 2
54 89 14 41 89 35 62 65 15 22
60 65 47 32 28 55 78 90 82 75
62 63 52 52 49 17 11 56 81 83
21 77 63 45 51 78 89 48 69 91
40 79 62 75 55 9 28 65 12 38
Size
2 8 10 3 5 3 7 9 9 4
9 4 8 2 1 1 10 1 2 2
6 1 10 5 7 8 2 5 3 2
1 3 10 4 10 10 6 3 8 8
5 3 5 7 3 9 9 1 7 10
7 9 5 2 1 1 3 4 1 6
5 2 5 10 4 7 9 1 8 3
7 2 9 1 9 4 8 3 1 10
5 3 10 4 8 10 9 3 8 5
9 6 6 2 5 6 1 7 10 9
8 7 5 7 1 1 6 9 9 7
1 4 1 4 6 9 6 6 4 2
9 3 10 7 9 8 2 8 1 1
7 8 4 3 7 8 9 6 2 7
9 10 4 6 8 10 7 1 6 4
5 7 6 5 1 1 6 5 1 2
3 2 3 2 7 7 4 2 7 9
8 10 4 4 3 1 9 7 6 9
5 1 1 7 9 6 4 9 5 3
5 3 2 3 6 3 7 3 6 10
7 2 1 8 9 8 5 6 4 7
9 6 4 3 6 5 6 4 9 2
9 6 6 2 2 7 4 10 4 2
3 6 6 3 5 6 9 1 10 8
8 9 4 2 4 8 4 7 2 8
4 7 1 5 4 8 7 9 10 10
3 4 1 4 9 1 8 2 8 4
5 9 4 6 4 3 10 2 6 2
9 3 10 2 1 6 10 6 3 9
6 9 3 6 1 9 4 3 7 7
1 9 10 7 10 9 4 7 9 2
10 8 6 2 3 4 8 8 10 1
7 9 7 8 7 7 7 5 4 6
6 10 10 1 4 5 1 1 2 5
7 3 2 2 9 9 2 4 4 2
7 4 1 3 2 5 1 5 7 10
4 9 7 10 4 4 8 2 10 10
7 8 9 8 5 2 8 5 1 2
6 6 8 7 5 10 6 6 6 2
5 3 7 8 7 9 2 4 1 10
5 7 2 9 7 7 10 8 7 8
10 2 10 4 4 6 7 2 10 8
1 10 7 10 4 6 2 2 8 2
1 8 6 4 3 6 8 7 9 4
3 1 9 5 8 4 4 4 3 9
3 7 3 9 6 1 7 5 4 4
6 3 9 4 6 9 5 8 2 10
6 3 10 4 10 8 2 5 1 4
4 8 8 8 1 2 8 1 6 1
3 8 6 10 6 3 4 9 2 9
1 10 4 7 2 9 2 3 1 3
9 7 1 4 4 2 8 5 9 7
1 3 1 9 10 3 9 6 2 6
1 2 8 7 5 6 8 5 2 9
9 2 2 2 5 6 7 7 4 5
9 3 1 9 4 2 2 6 9 10
5 3 9 5 3 9 2 1 10 4
2 6 5 1 8 7 6 2 7 4
1 7 8 6 2 8 1 7 3 1
8 3 1 7 1 7 2 4 5 9
9 10 9 4 3 6 1 1 7 5
8 9 6 4 10 4 5 5 3 4
7 2 8 10 9 2 3 4 7 1
4 5 5 10 2 5 1 9 6 2
2 6 10 6 8 6 6 2 4 8
6 7 2 9 3 1 10 4 7 4
7 9 3 9 6 4 7 1 9 2
6 2 6 10 5 8 6 3 3 1
1 3 4 8 10 6 6 9 9 7
1 7 8 2 8 5 5 7 6 3
7 5 6 1 8 3 10 3 2 7
3 1 10 8 3 9 3 2 4 9
1 6 6 7 9 2 1 1 6 10
4 6 2 9 5 4 7 5 4 3
2 10 3 6 4 1 7 10 3 7
2 4 5 4 1 9 2 7 1 10
7 1 9 1 8 4 10 4 3 6
2 4 3 2 9 5 3 9 8 6
4 6 5 7 6 10 7 1 8 7
4 4 4 2 6 2 2 4 5 5
4 6 3 4 6 4 6 5 3 9
9 5 3 3 7 3 5 5 5 6
7 10 4 8 3 7 1 10 7 7
2 10 3 5 5 4 3 9 8 6
2 8 7 5 1 7 8 8 8 8
8 5 1 3 2 5 4 1 5 6
3 6 4 3 3 5 1 2 4 6
4 8 9 8 10 9 8 8 2 10
1 7 9 9 1 8 6 1 4 7
4 4 9 1 4 7 8 10 5 5
10 9 3 7 5 7 9 6 3 2
8 2 4 8 1 10 3 8 3 2
4 6 8 9 2 9 9 7 7 3
7 3 9 1 8 10 5 2 10 2
3 5 5 1 4 4 1 1 7 3
8 9 6 10 3 10 7 8 6 4
2 3 7 4 1 2 9 2 8 9
7 8 4 8 9 4 5 4 5 10
10 6 9 8 2 8 10 2 1 1
10 7 6 5 4 4 8 6 4 10
NoWait times: 3
3 6 8
