n 100
m 10
cap 30
Processing
34 75 66 34 59 67 25 68 67 30
66 94 82 37 92 63 26 76 26 22
83 54 66 11 37 34 49 78 81 58
28 42 5 64 95 22 78 78 60 44
39 82 19 36 61 59 60 36 56 95
20 40 35 91 20 40 54 72 31 13
4 85 1 85 19 88 84 81 4 43
98 62 90 43 28 40 17 62 38 11
62 24 41 1 9 8 46 7 8 15
33 25 59 49 79 92 88 64 60 17
25 8 91 43 98 83 96 90 16 89
96 8 61 28 93 72 27 21 91 87
39 14 86 39 7 89 87 48 17 58
20 78 51 50 99 95 18 71 62 78
76 99 36 44 28 51 82 76 41 22
25 20 17 3 67 65 71 85 59 14
57 94 2 95 13 53 37 52 80 31
91 55 69 83 7 41 5 97 10 94
95 25 76 79 63 77 74 91 37 30
26 24 93 21 60 62 8 75 90 62
40 47 98 18 82 39 56 51 35 42
4 2 61 43 25 95 70 97 53 84
1 16 29 36 58 56 68 65 76 25
62 47 45 46 89 84 14 60 86 72
69 73 23 99 97 26 36 78 40 72
11 34 21 43 25 26 59 42 85 89
64 89 36 67 100 21 28 96 31 8
47 82 19 29 93 57 76 42 84 90
92 57 30 47 95 26 20 59 57 49
81 63 74 28 20 56 97 23 88 80
60 37 87 47 70 77 71 28 26 93
84 23 90 46 87 94 78 38 63 27
62 90 25 34 33 23 13 66 88 81
17 87 33 94 45 8 92 34 12 61
37 12 56 35 6 93 54 8 22 26
83 17 30 59 60 75 84 73 18 81
32 34 57 55 20 54 48 64 36 74
61 14 41 21 32 18 23 42 30 5
48 67 47 61 94 7 85 73 29 47
37 59 70 72 79 26 95 6 9 20
50 58 40 49 36 8 81 87 1 46
81 3 98 33 39 100 52 81 63 73
32 49 99 76 13 54 5 7 6 67
38 14 20 43 71 6 23 42 34 67
1 8 83 71 9 40 85 31 13 79
84 24 5 48 69 25 34 27 15 43
62 32 100 73 7 4 83 30 23 79
31 18 37 34 28 26 23 82 66 39
63 24 47 25 58 28 83 97 18 18
1 67 38 26 89 64 31 18 51 96
42 17 43 44 20 8 50 79 10 99
12 67 83 64 47 95 81 87 13 97
89 52 1 11 28 49 59 29 72 18
78 98 76 42 62 52 48 18 69 97
29 23 23 18 15 43 6 28 13 38
54 83 39 34 49 69 6 84 82 14
52 26 13 55 20 2 7 8 13 12
15 58 99 89 8 4 75 57 14 63
42 15 65 67 58 94 55 96 43 95
58 24 73 11 40 58 15 90 73 24
1 60 36 96 97 92 2 55 39 48
70 50 26 83 34 55 62 38 10 25
79 80 95 79 70 81 61 38 46 45
99 50 18 12 58 3 69 15 65 99
53 76 62 73 1 97 4 34 44 70
98 83 94 36 75 65 27 81 39 21
77 95 70 28 32 88 31 25 75 91
10 99 58 91 67 12 99 53 69 74
86 77 63 90 10 72 79 91 99 11
37 58 80 84 96 72 68 42 75 90
3 64 27 60 42 50 96 5 99 21
7 75 99 68 78 14 40 58 51 9
65 94 12 77 90 15 61 29 69 99
61 25 79 70 62 95 97 45 19 64
96 85 90 54 13 44 39 62 54 47
62 60 80 63 16 17 19 59 79 31
49 52 90 15 11 72 28 83 6 13
71 87 2 74 70 31 57 66 8 72
22 88 56 55 31 76 44 95 58 32
28 10 40 98 98 6 33 9 85 86
92 28 29 10 24 25 97 51 36 65
9 51 96 78 88 60 52 71 33 61
18 22 45 48 83 88 76 20 1 45
88 46 75 36 80 53 11 64 69 2
15 84 93 8 19 38 16 93 39 92
43 96 63 64 57 59 24 22 70 40
41 21 39 9 54 5 21 34 1 36
47 47 41 90 40 93 1 39 32 33
22 37 23 27 79 76 75 63 65 5
45 54 13 94 76 32 91 41 44 55
71 56 43 84 54 2 83 9 64 26
53 63 21 2 8 43 3 87 56 97
92 75 79 91 54 85 68 14 74 91
84 30 30 76 61 52 24 31 28 82
92 62 35 7 51 94 49 6 31 53
11 88 94 54 38 89 12 99 76 90
53 3 67 92 62 66 98 86 27 76
41 67 33 99 24 7 7 96 98 18
81 81 66 84 59 45 93 69 15 59
72 67 15 96 12 90 11 63 23 75
Size
4 10 2 9 6 9 8 10 9 9
4 7 6 3 8 9 9 3 1 6
1 8 10 7 2 3 6 8 10 8
7 5 9 5 7 7 3 1 5 9
7 3 6 9 10 9 9 4 7 10
10 6 4 1 3 7 7 6 2 5
5 9 1 6 3 10 7 2 8 1
7 6 6 9 9 5 10 5 7 2
8 3 6 3 3 7 7 4 3 10
10 7 3 9 1 3 10 9 4 3
9 10 6 8 8 5 5 10 4 3
5 7 1 7 4 6 10 9 10 9
5 3 7 2 6 5 1 10 1 7
3 7 6 3 2 3 5 2 3 8
5 2 6 9 2 4 4 10 6 6
8 4 2 2 7 9 9 5 1 7
8 9 8 3 7 6 2 7 6 1
8 3 9 9 7 2 7 2 6 3
5 1 9 8 2 4 1 7 7 7
2 6 10 3 1 8 1 5 2 3
5 4 5 9 5 9 1 7 10 3
7 6 5 3 6 8 10 10 4 3
2 4 3 8 1 10 9 8 9 8
6 4 9 6 10 4 10 1 9 1
3 5 1 2 5 10 4 8 1 5
2 4 1 9 8 9 7 3 1 1
7 9 2 6 8 6 10 9 10 2
4 9 2 2 4 5 10 9 3 4
4 2 8 6 2 5 4 2 1 7
4 6 6 2 7 9 4 9 6 4
8 8 2 2 1 9 5 5 6 1
5 2 3 5 3 10 4 6 10 9
7 1 5 2 5 8 1 9 9 5
8 9 5 10 1 4 5 5 1 8
1 10 3 7 5 2 7 1 5 5
10 6 1 1 4 2 4 2 2 7
3 2 5 8 10 2 5 10 5 6
6 4 6 6 9 9 6 4 3 8
8 4 2 9 8 1 5 7 6 7
1 10 6 7 10 10 7 10 6 10
8 5 7 5 1 3 10 8 6 9
8 6 6 6 6 2 1 6 3 5
9 9 3 1 2 2 1 8 9 2
2 1 7 7 1 8 4 5 5 7
9 9 5 4 10 10 9 3 8 10
8 10 7 6 7 1 2 7 8 1
7 6 8 6 2 8 5 1 7 1
10 7 3 5 3 9 6 4 8 3
3 10 5 7 3 8 9 1 9 4
6 5 4 6 10 8 5 7 7 8
2 7 8 6 8 4 4 5 2 6
10 10 5 10 1 2 9 1 4 4
4 3 8 2 7 4 10 3 3 1
1 10 9 5 9 8 7 4 10 10
4 1 9 7 5 2 8 8 3 5
9 4 5 8 4 6 3 4 8 7
2 2 1 2 1 4 7 7 4 6
3 2 5 1 5 9 4 8 1 6
1 6 3 5 4 8 8 10 9 10
9 2 7 10 5 4 1 1 3 10
8 5 3 3 10 8 10 2 6 10
9 9 6 10 9 6 1 2 1 7
5 9 8 4 10 4 3 2 1 4
7 3 1 4 3 3 7 3 6 8
6 6 5 2 8 2 7 1 6 8
4 6 4 10 10 7 5 2 2 2
3 3 7 2 5 8 1 5 3 8
6 1 9 9 3 7 7 1 10 7
6 1 2 1 4 7 10 5 4 1
5 5 7 1 4 5 2 4 2 7
1 6 8 3 4 10 10 4 7 7
5 8 7 7 4 5 6 10 5 9
4 1 3 1 6 8 2 7 8 4
6 10 3 8 4 8 3 6 9 4
1 9 10 6 5 4 2 6 2 3
7 3 8 10 4 9 7 4 3 10
3 8 9 8 2 3 5 6 9 9
7 8 7 1 7 6 4 1 2 6
1 3 1 5 3 5 5 9 7 2
10 5 7 9 1 2 5 8 4 4
9 8 4 8 1 3 7 7 3 7
1 5 9 5 1 7 5 6 10 5
9 9 1 2 1 10 9 2 7 9
2 10 7 10 9 6 2 8 5 9
9 7 5 9 5 5 7 1 10 7
8 8 4 10 1 8 4 5 5 3
7 7 8 1 3 4 2 2 8 8
5 7 3 1 7 3 10 5 2 1
2 8 6 6 1 3 2 10 7 10
10 1 4 10 4 5 1 10 4 1
6 5 6 5 3 8 2 5 3 9
8 9 7 9 9 8 6 9 5 7
3 5 2 2 9 5 6 6 9 1
1 10 7 5 6 4 2 1 4 5
10 1 6 10 6 6 9 4 1 9
9 6 7 9 1 7 9 4 2 6
7 1 1 2 2 10 5 9 1 8
7 10 1 5 5 4 8 6 5 10
8 5 10 10 10 10 8 1 8 10
4 5 8 10 1 1 9 9 5 4
NoWait times: 3
2 6 7
