n 100
m 10
cap 30
Processing
74 78 100 71 31 94 26 59 81 42
66 1 28 76 86 96 69 24 45 69
71 26 62 59 25 22 74 4 85 9
76 77 58 99 94 9 43 17 18 15
100 44 67 97 26 30 45 70 32 53
99 5 29 75 82 83 92 15 28 32
68 46 64 35 82 93 43 53 79 23
81 12 61 85 88 22 31 29 67 34
6 93 43 11 83 7 45 35 40 36
54 67 43 49 82 27 12 55 39 39
45 42 37 58 22 31 34 39 67 42
27 26 44 19 71 48 47 64 99 23
13 34 27 62 8 77 75 8 12 100
75 90 83 13 55 76 30 48 38 62
32 69 89 17 60 20 87 67 97 86
32 68 96 21 57 18 90 56 15 25
12 9 4 46 72 52 99 32 94 93
84 65 89 53 21 48 51 7 80 13
45 65 74 6 70 8 91 11 50 4
24 38 47 30 80 16 70 19 97 2
28 53 92 43 22 78 26 8 18 18
90 41 38 6 71 37 50 74 82 45
37 51 61 62 65 50 40 16 69 89
48 77 55 48 67 55 64 4 96 38
80 75 34 93 73 92 49 21 88 98
53 70 20 98 8 70 88 24 37 63
14 24 90 45 73 94 37 8 71 57
33 52 45 74 15 7 68 48 18 80
30 70 42 92 96 48 36 48 22 83
20 26 38 69 83 46 47 65 97 62
25 14 28 82 92 50 90 4 56 44
67 86 64 84 89 46 82 93 15 97
13 58 15 91 36 91 88 17 14 89
24 75 57 63 9 19 71 48 8 67
37 80 76 75 46 62 46 59 38 55
17 41 93 14 97 93 30 67 9 90
93 94 32 38 90 10 13 20 81 19
45 22 92 92 36 13 3 17 20 76
75 79 24 93 11 47 54 70 37 37
46 32 93 57 22 23 19 92 98 22
1 88 98 60 84 8 5 19 56 23
63 70 84 63 25 86 28 67 65 91
34 88 11 44 84 62 42 51 40 50
47 45 61 97 34 45 62 63 34 15
33 2 52 56 55 74 38 33 91 26
53 26 87 57 99 51 2 46 87 23
89 60 18 37 2 60 44 17 37 28
35 100 55 89 25 99 82 91 76 93
81 44 82 4 23 11 88 15 37 54
70 34 49 70 61 19 73 22 76 65
40 3 61 16 91 45 19 41 59 65
42 76 31 94 81 13 11 13 100 9
74 43 37 45 21 10 45 47 92 90
64 30 22 92 38 99 60 37 55 73
47 10 56 9 5 6 99 22 95 70
93 17 29 85 68 63 75 43 58 77
58 16 17 41 91 91 94 32 72 96
93 60 39 82 82 79 59 54 100 42
80 73 1 38 72 37 58 53 73 68
8 36 39 45 74 78 68 90 20 24
10 8 71 90 50 85 22 91 44 93
25 68 99 56 7 37 51 65 88 29
68 89 23 80 20 66 59 14 21 54
25 57 9 50 70 90 83 78 62 93
67 62 53 48 23 20 91 100 37 3
44 17 42 18 50 83 93 27 20 26
83 66 39 51 57 49 45 50 80 57
7 12 89 60 15 50 6 15 89 62
86 4 8 78 50 79 77 51 3 49
4 69 33 95 17 11 19 33 93 88
13 14 3 30 47 33 26 2 26 63
47 19 98 35 27 48 73 92 80 76
60 62 4 88 26 94 84 72 37 94
98 36 84 89 58 10 91 23 39 64
31 85 42 26 43 57 43 80 81 34
19 9 57 40 81 53 60 65 89 46
38 69 29 39 82 40 38 94 18 18
68 61 69 82 77 44 54 35 3 21
30 80 63 59 82 36 92 1 95 5
64 30 5 79 89 67 2 69 2 49
6 46 74 17 65 6 63 19 86 63
87 68 24 9 70 45 21 79 6 50
17 42 58 79 34 73 25 5 47 74
26 17 53 33 3 64 36 49 51 80
3 27 54 97 85 54 75 26 96 30
36 59 78 78 40 67 94 29 25 25
18 66 17 45 51 43 16 70 35 46
71 85 66 91 10 86 5 86 80 81
75 48 96 49 96 10 84 70 97 53
84 53 74 6 63 67 65 61 61 1
68 23 30 39 41 77 83 3 66 32
44 67 3 26 20 40 79 66 75 24
29 96 66 31 13 43 27 43 64 59
68 64 73 100 21 1 80 20 74 71
42 1 82 11 64 39 86 68 72 1
16 77 69 31 35 65 28 21 57 13
62 69 98 31 21 67 65 66 67 25
89 15 28 53 47 87 34 96 18 12
69 7 65 100 4 11 54 82 69 81
9 5 54 83 55 42 61 19 13 37
Size
5 5 9 2 4 2 8 2 1 10
2 4 9 2 6 1 5 8 3 2
9 9 6 4 7 10 1 4 9 1
10 7 8 4 8 2 6 3 5 10
6 1 5 5 8 3 5 8 1 7
5 4 9 3 9 8 10 8 1 8
8 1 7 5 3 9 6 3 8 6
1 4 5 4 3 4 1 10 9 5
8 2 9 8 2 2 1 4 5 10
2 9 9 10 8 7 8 5 8 5
1 5 4 9 5 9 10 5 7 7
1 6 4 2 3 5 1 10 9 1
1 9 8 8 7 7 10 9 1 8
9 7 10 7 4 4 3 9 7 1
2 9 10 9 3 1 7 3 7 1
5 6 6 9 1 1 2 9 9 5
9 9 5 10 8 2 1 4 3 4
8 6 8 3 10 6 8 8 3 7
3 2 9 9 3 6 10 5 1 1
2 2 6 4 9 4 8 6 2 5
5 5 3 10 2 4 4 5 5 6
1 3 4 5 1 8 1 6 10 5
2 7 2 4 8 9 2 3 5 9
2 10 8 3 3 4 8 7 4 8
2 3 6 3 2 9 2 8 9 8
4 7 10 2 2 3 7 10 1 6
1 8 2 6 6 1 5 10 8 3
4 1 6 3 4 6 4 8 4 2
1 8 9 2 5 2 10 8 1 6
6 6 10 1 2 2 9 3 5 1
5 3 2 7 10 10 6 2 9 3
3 3 10 3 3 2 6 7 9 9
2 10 7 8 6 10 5 9 10 6
9 7 10 6 3 8 10 3 6 3
7 1 5 5 3 1 9 2 1 4
10 8 6 5 4 2 7 1 5 4
1 6 3 2 6 7 1 1 2 9
9 5 5 5 1 3 5 6 10 1
3 10 4 8 10 3 3 4 6 6
9 10 1 5 8 9 5 5 10 10
9 5 8 5 8 9 5 5 5 1
5 1 10 1 1 2 2 9 8 6
8 10 1 8 10 7 1 4 6 4
3 3 3 2 3 6 1 5 3 1
9 7 7 4 1 3 9 9 8 8
4 5 1 8 9 4 3 6 8 8
1 1 8 4 2 2 1 4 1 5
3 3 5 7 1 7 3 4 3 2
1 5 6 5 3 9 10 5 8 10
3 7 6 2 1 10 9 5 10 1
3 9 8 7 6 10 9 7 9 5
8 7 9 9 2 9 2 3 9 5
7 2 4 5 1 9 3 3 2 7
9 10 10 4 7 10 5 6 5 8
3 5 1 2 9 6 1 10 10 9
1 3 2 5 10 9 7 7 1 3
5 3 9 4 7 5 9 8 7 4
9 10 7 8 2 4 10 5 6 10
6 4 6 9 1 10 6 9 10 8
1 10 7 2 3 2 3 8 1 6
4 3 4 1 10 4 4 4 4 9
9 1 10 9 1 10 1 10 6 10
2 8 2 5 7 3 5 8 7 3
10 8 2 6 3 1 6 4 1 9
7 8 3 2 7 6 5 1 9 6
9 4 10 1 9 9 10 6 5 10
1 10 6 6 8 6 4 4 3 5
7 5 2 6 7 6 3 10 8 8
2 4 1 8 1 2 8 5 7 8
7 4 7 9 3 10 5 3 1 8
8 4 4 1 8 2 2 7 5 7
9 4 3 10 3 1 8 7 3 10
3 6 3 4 6 1 5 9 10 2
8 5 1 6 1 4 4 4 4 9
1 1 2 9 9 7 7 1 4 9
1 4 8 1 9 3 3 1 5 4
10 7 8 10 7 6 1 5 10 4
5 3 5 4 3 8 4 4 3 4
8 6 8 9 7 8 3 3 2 2
4 6 7 9 4 6 4 4 1 8
2 7 6 1 2 5 3 3 8 10
9 8 9 10 7 3 4 10 2 6
10 10 6 6 9 9 7 6 7 10
5 5 7 5 4 4 6 2 9 4
8 2 10 9 7 10 1 10 7 6
10 8 9 6 1 2 10 3 7 10
9 5 6 7 7 4 2 9 3 3
7 4 9 7 2 3 4 3 8 5
10 1 4 8 9 5 7 10 5 7
8 2 5 8 7 3 4 5 1 10
3 2 3 8 5 9 2 4 5 6
3 7 2 5 10 6 1 8 9 1
8 3 10 7 9 1 9 8 9 4
4 7 9 9 7 7 8 6 7 9
2 5 7 8 4 3 9 3 7 10
10 7 3 5 10 7 3 5 10 5
9 8 10 2 5 8 5 7 1 4
7 10 8 10 5 8 2 5 7 6
8 10 1 3 4 1 8 1 4 6
7 6 3 3 9 4 8 2 5 9
NoWait times: 3
0 1 3
