n 20
m 5
cap 10
Processing
35 41 3 46 90
66 12 83 56 48
74 70 60 59 45
24 38 66 27 29
75 35 90 46 37
22 48 18 38 27
84 37 12 10 39
89 28 39 61 62
24 15 16 16 100
85 89 58 65 52
19 32 84 71 24
68 40 37 92 63
41 14 57 21 26
29 19 45 95 21
17 65 68 60 26
27 18 89 77 13
42 84 60 53 4
64 98 71 54 99
4 20 32 60 27
77 89 44 39 11
Size
7 6 1 10 7
6 2 5 9 6
2 10 5 3 6
3 9 8 9 9
8 8 2 6 7
10 6 2 5 4
1 8 5 2 1
9 9 4 5 5
8 4 1 2 2
6 10 7 10 10
7 2 9 1 7
6 7 7 2 5
7 7 3 6 5
1 9 1 1 1
9 5 9 9 9
9 8 6 2 4
3 1 9 1 9
3 7 1 8 9
5 8 9 5 5
8 6 7 3 9
NoWait times: 2
2 3
