n 100
m 10
cap 30
Processing
7 35 65 92 76 4 27 29 3 79
32 7 4 65 94 71 28 96 38 96
1 95 19 14 49 3 27 47 98 83
78 88 8 18 10 48 88 55 59 19
13 69 29 23 49 71 69 64 97 79
24 42 32 47 23 66 62 9 32 75
82 58 17 4 99 4 91 65 87 5
52 12 89 59 18 7 64 40 3 49
90 85 62 66 7 22 9 9 99 14
74 47 16 87 32 94 96 96 51 63
7 52 48 83 22 72 24 25 87 90
33 14 44 83 93 12 8 51 90 30
54 53 84 37 10 95 28 22 23 59
16 82 45 25 64 39 55 30 94 71
19 24 91 13 20 15 16 84 80 26
4 41 31 11 63 59 98 26 96 13
68 7 64 58 46 14 84 100 100 43
99 53 28 4 54 3 88 72 90 84
7 77 32 30 28 94 72 22 3 62
22 87 18 91 61 53 6 56 93 70
39 99 93 56 81 67 54 79 28 86
21 60 93 94 69 77 97 49 81 96
4 86 1 39 74 87 58 22 74 60
89 79 49 17 26 66 98 94 100 36
51 84 87 72 14 95 79 26 2 33
30 16 83 26 74 83 52 4 62 89
31 35 94 98 95 33 69 45 47 82
44 65 37 18 83 53 69 34 54 88
79 69 50 34 48 74 3 68 96 48
74 88 54 73 14 16 37 99 15 75
61 45 88 91 3 67 48 27 38 85
88 57 21 67 56 57 90 32 4 10
56 74 34 6 40 63 56 74 23 30
74 32 71 99 87 86 28 27 49 29
13 56 24 38 42 88 68 13 92 34
62 23 20 19 16 76 8 44 25 7
39 97 1 8 61 1 27 1 21 30
90 27 99 60 65 77 2 20 25 88
96 77 71 8 100 14 1 97 3 27
51 23 42 59 79 98 10 97 70 46
93 23 21 36 10 72 42 47 100 89
34 32 3 71 81 45 56 40 66 92
42 31 8 41 94 75 46 61 32 10
50 29 24 78 86 33 26 55 98 16
95 15 97 45 30 7 32 25 81 98
51 65 4 12 84 72 60 31 63 91
54 100 63 24 12 20 9 75 11 5
84 18 33 79 73 70 32 42 20 60
65 43 98 71 86 54 86 30 13 49
96 67 57 14 72 60 55 59 64 23
27 36 3 69 79 29 17 72 8 75
49 74 37 92 22 92 97 7 37 93
28 19 38 63 37 25 42 3 55 55
76 89 46 94 10 47 56 99 80 15
85 56 68 72 61 78 81 75 47 27
87 1 79 42 56 38 51 9 51 31
24 66 57 28 32 96 39 92 91 51
18 82 32 53 96 84 58 54 73 42
74 85 73 67 77 85 84 27 10 89
4 26 62 49 14 97 93 20 93 97
69 91 12 93 43 24 15 72 34 10
7 14 91 7 93 19 75 67 46 74
67 87 64 27 98 88 91 87 83 34
39 53 96 9 32 8 29 42 47 55
94 51 46 36 4 41 3 91 17 48
15 61 58 96 3 51 83 67 87 42
84 34 76 27 59 50 52 28 85 12
62 67 34 85 4 92 42 42 49 71
57 11 30 79 27 89 65 92 24 56
61 90 6 77 76 48 92 2 11 44
65 96 57 74 84 48 37 6 89 56
11 81 36 94 18 51 51 3 100 7
38 5 61 2 37 22 13 98 61 37
6 45 39 35 56 66 9 2 64 53
71 5 11 23 72 88 99 66 90 83
11 30 94 71 30 35 97 28 22 35
20 5 86 98 46 90 59 18 48 68
44 3 4 44 44 64 48 34 16 16
78 74 85 83 95 18 38 60 57 18
6 83 21 39 67 98 91 18 24 97
61 27 29 39 65 87 13 94 94 25
11 40 14 46 94 49 27 33 82 25
30 25 39 55 81 86 33 100 12 55
36 48 45 54 91 12 37 62 79 54
94 2 82 20 14 89 49 87 100 83
28 98 25 57 100 57 77 88 5 57
36 84 71 99 87 46 44 27 7 32
19 47 18 17 40 93 100 82 30 83
42 18 83 97 48 90 69 52 82 75
60 26 65 8 89 32 98 23 75 45
24 43 18 42 2 69 80 86 35 59
84 65 21 59 15 36 24 74 58 34
4 2 53 96 56 95 94 88 95 18
45 97 78 50 99 5 31 31 58 86
43 9 21 79 63 44 84 63 81 27
80 11 20 13 11 61 57 48 98 38
55 59 76 24 15 5 98 65 76 27
16 8 82 73 10 8 98 64 23 14
83 34 29 13 29 58 3 54 5 65
11 44 62 100 43 90 5 35 33 51
Size
4 9 8 6 10 6 7 8 10 2
10 7 1 2 4 4 8 6 10 10
8 7 5 1 4 2 1 8 1 2
10 4 6 4 5 4 7 7 2 7
2 10 10 9 4 5 5 3 4 2
2 10 10 10 4 9 2 8 5 7
4 1 8 2 1 1 2 2 2 5
7 10 4 4 5 4 10 1 2 5
9 9 2 8 10 7 5 8 8 8
3 8 2 8 8 4 7 2 7 9
3 7 8 6 9 4 1 4 10 1
7 5 3 8 3 4 8 1 5 8
4 10 9 6 8 1 6 2 10 2
9 10 5 5 3 10 7 9 4 2
5 3 5 4 6 3 3 7 4 9
6 9 3 5 2 6 4 1 9 9
1 2 1 5 5 7 5 4 2 5
6 9 4 6 9 8 1 7 2 6
8 6 9 4 4 7 10 7 10 4
5 8 2 4 4 1 10 1 10 1
2 8 4 3 10 10 7 3 10 7
7 2 4 8 7 6 10 10 6 4
6 9 10 8 5 2 8 7 2 2
4 6 7 6 1 7 10 3 9 8
4 6 6 10 9 5 7 8 1 1
8 9 3 5 1 2 10 7 7 2
3 4 7 2 8 7 6 10 8 4
9 4 10 7 6 3 5 7 10 6
7 10 9 2 3 3 4 6 1 6
7 5 10 7 8 7 8 3 10 1
6 9 7 5 6 1 10 7 1 10
10 10 9 10 10 7 2 6 2 6
8 5 9 2 7 6 1 6 5 10
4 5 10 1 3 3 2 10 4 4
6 10 7 4 8 10 1 5 10 6
10 8 3 6 1 6 5 8 5 6
7 7 5 4 9 3 7 7 8 7
5 8 7 1 10 9 6 6 7 1
3 1 9 3 8 8 2 3 6 6
8 9 10 1 1 1 2 3 9 5
9 10 5 1 9 3 2 5 5 9
8 3 4 3 1 10 4 1 9 3
6 3 7 3 8 10 9 8 2 5
2 10 6 7 4 1 2 3 9 3
6 4 4 8 8 10 8 8 5 8
4 6 4 5 7 10 6 3 7 10
4 6 3 9 4 10 2 5 4 10
8 3 6 8 3 1 9 5 5 7
4 8 1 4 9 8 5 10 8 3
9 5 5 3 7 5 5 2 1 1
5 9 2 2 7 9 5 3 10 7
4 6 6 9 3 4 4 10 2 9
5 2 3 4 1 9 7 5 7 10
7 7 5 8 8 4 8 6 7 5
3 1 7 2 4 1 1 5 7 5
2 8 10 6 1 9 8 3 5 10
5 6 8 7 7 9 9 6 2 7
3 1 3 6 2 5 10 6 2 5
10 2 10 8 4 2 7 8 4 10
9 10 7 7 9 6 10 4 7 3
5 10 5 7 10 3 4 3 10 5
10 10 8 5 4 10 3 4 4 6
8 5 10 2 3 8 1 2 3 1
4 4 10 9 1 8 5 3 8 8
7 1 4 9 8 4 2 7 9 2
7 5 9 4 6 8 4 9 10 4
6 1 4 1 2 3 10 9 3 6
7 4 10 3 7 8 10 8 2 6
8 7 8 10 9 6 5 10 7 2
4 8 6 4 7 5 4 5 4 5
4 3 2 4 3 3 4 1 5 6
1 3 5 6 9 5 3 2 6 9
2 8 4 6 2 6 10 1 9 8
1 10 8 7 1 8 2 4 7 5
4 1 2 6 4 3 3 2 7 9
7 1 2 2 4 4 4 2 2 5
9 6 7 4 2 5 7 8 7 10
10 3 7 4 1 7 8 5 9 5
7 10 4 9 4 3 8 10 6 7
9 4 9 10 4 9 1 3 1 1
6 4 2 6 4 10 7 9 6 8
10 6 1 5 1 2 5 1 10 9
9 8 10 8 4 3 9 5 5 6
4 3 10 8 6 10 1 7 8 1
9 6 1 2 3 10 3 5 6 4
8 6 4 6 5 5 7 4 10 3
10 8 10 4 7 1 8 7 3 1
7 7 8 4 10 6 4 5 4 4
10 1 4 8 4 1 6 6 3 3
7 7 1 9 8 1 10 5 5 8
9 9 10 5 5 7 5 10 6 8
5 2 7 6 6 2 4 5 7 3
9 4 4 3 5 7 3 9 4 5
10 7 3 1 5 7 8 2 10 6
2 9 10 8 5 5 7 5 2 10
2 10 4 8 1 3 9 8 1 8
8 9 9 1 10 4 3 6 4 5
6 4 9 1 7 3 3 10 6 7
8 8 1 6 7 9 3 4 10 8
9 8 8 1 3 8 7 3 10 9
NoWait times: 3
2 3 7
