n 100
m 10
cap 50
Processing
11 14 11 14 92 27 11 81 33 14
97 55 59 46 48 65 80 32 60 34
63 43 51 70 51 41 84 82 29 24
96 88 19 46 43 87 14 16 44 31
10 60 99 70 82 76 64 95 100 4
42 23 19 30 51 16 94 45 54 8
41 81 64 51 54 82 70 26 42 65
34 29 31 39 23 81 77 70 54 39
89 65 12 56 2 79 80 5 40 78
54 36 31 75 30 83 50 72 61 98
4 59 93 2 45 97 12 46 56 2
5 96 85 99 12 98 15 64 66 12
29 72 54 5 85 19 37 51 36 71
73 76 41 60 61 46 18 93 33 9
31 37 82 36 71 94 71 58 83 20
50 1 51 94 54 66 41 23 46 87
63 21 73 12 93 100 4 1 5 85
63 34 37 44 78 84 53 100 61 10
51 19 30 74 52 86 7 37 78 76
12 83 85 6 56 78 78 40 12 94
18 68 32 5 89 31 47 13 28 71
10 59 24 69 44 41 93 29 88 79
100 9 7 87 83 59 34 94 48 98
2 70 45 54 58 42 42 22 31 91
25 77 62 46 62 13 21 23 73 16
4 76 20 3 62 89 10 14 13 76
23 27 71 47 9 57 65 23 95 82
70 71 78 74 50 37 48 9 23 61
26 72 29 48 48 1 32 30 54 89
82 20 69 26 52 16 95 7 89 31
70 90 14 38 56 81 86 18 4 41
60 87 52 13 63 64 4 10 90 71
35 9 50 95 62 65 96 4 12 42
36 31 9 25 27 29 88 84 56 6
47 30 73 63 84 66 36 99 10 81
89 62 60 58 18 33 69 36 37 67
76 98 68 96 27 50 16 32 33 21
64 68 90 14 44 10 83 34 68 97
78 69 30 88 12 48 45 51 25 46
88 92 70 57 79 44 8 77 42 67
2 16 12 19 23 66 71 8 4 87
14 11 92 65 12 14 1 55 83 56
37 66 100 50 72 32 2 88 90 16
6 26 70 53 59 94 81 90 32 37
12 59 13 36 91 90 66 79 95 88
100 42 68 20 19 30 89 45 48 29
20 47 72 44 31 84 25 71 11 98
7 24 81 27 63 19 3 42 37 70
21 29 11 23 26 81 56 81 23 35
53 24 3 4 88 86 3 84 71 89
73 3 81 86 25 15 41 17 78 50
83 5 88 93 19 86 7 44 6 47
29 100 90 41 93 95 1 45 60 89
28 83 35 18 93 88 89 97 29 76
47 14 60 47 61 72 14 100 77 77
53 43 43 86 67 63 6 54 49 19
82 63 32 68 26 70 81 96 24 30
37 71 13 80 42 60 93 88 18 63
90 80 37 18 36 16 92 54 19 50
46 65 26 8 51 57 30 100 21 64
75 93 66 27 63 68 15 40 92 31
78 10 53 16 33 94 27 19 68 66
74 33 20 96 22 27 59 11 66 52
1 46 48 50 61 65 100 49 94 17
90 84 54 18 44 29 91 27 78 48
15 33 84 26 86 6 92 5 77 62
1 43 78 31 8 24 27 25 92 38
99 26 18 9 49 12 75 50 89 60
96 95 95 35 62 24 73 12 47 2
11 28 10 91 25 34 23 61 45 85
19 13 68 11 99 45 36 98 97 34
95 77 52 62 51 76 55 58 10 33
14 73 68 21 34 26 44 78 40 41
81 98 31 16 50 84 32 12 77 64
17 87 21 34 83 68 52 55 40 1
6 83 8 17 99 24 73 8 68 42
60 36 46 19 56 59 72 34 24 46
38 54 93 19 7 92 96 82 12 81
43 75 69 69 87 44 34 97 91 87
59 40 14 93 64 74 42 87 56 53
54 5 50 72 69 61 53 30 30 13
13 17 54 74 38 74 57 66 71 48
57 38 37 62 34 18 40 33 56 8
9 66 52 41 1 15 22 77 80 20
82 47 56 25 95 74 53 60 92 5
89 24 67 74 83 1 20 64 100 17
20 15 97 80 42 32 86 97 72 41
15 74 98 21 35 62 68 2 84 59
100 46 67 94 66 91 56 16 56 19
18 69 34 11 88 43 11 85 32 22
54 42 2 26 47 77 86 45 38 3
6 10 88 30 11 43 28 23 97 93
40 27 49 28 89 76 58 84 24 51
39 12 42 71 53 82 98 36 12 92
50 91 95 14 49 10 59 46 7 15
92 25 22 32 60 21 3 51 15 78
99 43 94 100 79 59 73 7 55 60
39 5 44 29 100 29 63 40 70 47
45 37 15 83 11 9 28 89 39 51
42 30 35 59 99 69 94 82 97 70
Size
1 6 7 3 5 10 7 6 5 6
8 3 4 2 5 8 10 1 6 7
4 2 8 2 8 10 5 5 1 6
8 1 8 3 2 1 10 3 10 3
10 8 10 9 3 9 3 3 4 8
2 7 9 9 8 7 4 3 10 4
1 1 3 4 10 6 8 2 7 9
1 6 5 6 8 9 2 2 6 2
10 6 2 5 6 10 5 1 9 8
3 10 6 1 1 2 4 8 2 7
7 4 1 5 8 4 9 3 1 9
4 8 4 1 4 5 7 1 10 3
1 9 2 5 3 4 4 1 7 6
9 5 7 5 1 6 2 2 9 1
10 3 7 3 10 7 7 3 6 8
9 7 2 3 10 3 1 4 8 10
3 2 10 1 5 7 4 1 4 4
10 7 5 5 3 9 9 8 1 8
7 3 7 9 9 9 3 2 3 3
4 6 9 2 8 2 1 9 8 9
1 4 1 1 6 7 6 2 5 6
9 4 8 5 4 10 5 2 1 2
9 8 6 7 5 8 1 3 7 7
7 9 3 5 9 2 6 6 7 8
4 10 3 5 5 5 2 4 6 9
6 1 1 6 8 6 2 3 8 2
7 5 10 6 9 4 7 10 8 5
6 7 9 10 10 8 8 5 7 9
10 8 8 1 7 4 3 9 4 10
3 7 1 2 5 6 4 3 8 8
7 1 4 5 1 4 1 3 7 6
7 9 3 6 1 10 3 6 1 4
9 2 2 3 5 6 1 9 6 8
7 2 4 7 7 1 3 10 6 2
5 3 2 8 8 3 7 2 3 2
8 9 4 7 7 9 4 5 9 3
6 6 6 3 1 9 6 2 1 5
6 10 3 10 9 9 4 6 2 9
1 5 10 3 7 6 1 6 2 2
10 5 5 4 5 3 8 1 2 8
6 3 3 4 6 3 2 5 4 8
1 3 8 8 7 1 6 7 8 9
3 7 3 8 8 2 4 2 4 3
4 2 8 2 3 8 8 6 7 10
9 7 1 8 3 8 6 8 8 7
3 6 6 6 6 4 10 1 3 10
9 5 6 9 8 10 4 3 5 3
4 9 1 1 3 6 3 6 4 3
3 8 4 2 6 5 5 4 4 3
8 10 6 4 1 2 10 9 6 10
5 7 8 7 7 2 2 6 2 3
2 9 5 9 10 10 2 10 6 10
4 5 5 6 6 7 6 6 2 5
10 9 10 8 2 7 9 6 3 3
4 2 9 6 7 7 6 4 1 1
9 2 8 10 4 5 5 5 5 10
7 9 4 9 9 10 10 8 1 10
10 9 3 2 1 7 4 7 8 2
8 2 10 8 1 8 7 9 7 3
2 3 5 9 1 8 6 7 6 3
1 3 7 5 10 6 10 5 9 3
4 3 4 4 2 10 10 10 7 2
2 10 7 1 1 9 4 10 4 2
7 1 9 4 9 2 9 3 9 6
9 4 7 4 7 3 9 6 4 10
6 1 1 10 8 4 4 5 7 4
5 3 4 8 1 7 3 5 4 1
10 10 3 6 7 8 6 7 5 4
9 5 10 6 9 10 6 3 2 2
1 4 1 4 8 1 2 7 8 10
3 4 3 3 1 10 2 1 1 6
2 9 7 8 2 9 9 10 7 6
4 1 2 8 1 1 6 1 2 9
1 10 4 9 9 3 6 5 2 8
1 7 3 10 2 4 5 5 4 9
9 9 10 6 6 4 7 8 8 8
4 5 7 4 5 7 1 6 3 4
9 3 7 3 4 7 4 3 1 1
5 2 7 6 2 5 8 5 10 4
4 9 5 3 3 5 8 3 3 2
9 10 6 2 4 5 8 9 7 1
2 1 6 3 4 10 8 10 9 2
3 5 5 5 2 8 8 1 9 8
5 4 6 2 1 4 10 10 8 5
7 5 4 4 7 10 7 10 3 7
8 8 5 6 7 4 6 8 2 4
1 10 9 10 6 7 2 5 1 7
10 4 9 3 2 9 7 9 8 4
7 2 10 6 2 8 3 3 3 4
9 8 2 2 5 6 1 9 1 5
1 1 4 3 1 4 9 6 6 5
10 3 4 5 10 5 9 3 2 7
1 10 1 9 1 5 6 7 10 7
1 7 2 2 1 10 8 8 9 6
3 3 3 8 2 6 7 5 5 6
7 1 1 3 4 1 7 3 3 8
10 6 9 1 10 1 10 1 8 8
4 7 9 3 5 10 9 3 6 2
7 7 5 10 9 3 9 5 3 1
6 9 10 6 2 7 6 9 6 3
NoWait times: 3
0 1 2
