n 100
m 10
cap 50
Processing
58 77 14 62 38 31 21 96 90 78
57 38 17 87 5 59 60 20 30 73
33 79 65 57 44 90 77 29 28 4
54 1 41 84 59 7 76 55 100 76
89 48 11 42 90 90 65 67 94 12
36 99 91 94 41 75 43 69 12 29
58 27 95 77 70 28 2 50 31 43
21 23 89 46 10 72 88 73 95 51
90 29 58 25 39 68 98 73 16 37
39 16 76 17 15 40 80 79 17 4
56 86 84 88 90 85 34 79 66 61
64 21 79 22 56 55 91 67 16 80
36 15 50 50 74 43 8 82 79 78
57 75 65 80 89 40 57 88 77 93
7 42 65 5 70 5 88 50 64 23
7 84 54 30 22 16 75 51 52 77
49 55 21 21 35 48 58 20 54 24
37 85 67 14 94 98 66 76 31 2
48 89 29 89 51 41 31 16 82 22
53 79 4 33 73 33 28 84 84 76
47 59 71 89 85 26 71 53 54 14
32 8 91 67 64 9 98 81 50 88
29 63 27 31 12 91 96 54 60 100
86 23 49 90 60 36 98 60 43 39
80 26 69 55 84 66 30 89 88 94
88 12 83 21 58 20 73 12 10 52
41 19 26 54 39 26 10 28 87 24
81 54 9 79 94 59 57 29 57 10
45 99 6 9 86 99 42 11 69 45
85 85 13 83 72 64 100 44 68 79
63 46 19 21 15 88 25 3 53 18
40 16 91 4 32 36 20 41 20 56
49 82 34 55 95 37 12 23 33 96
87 13 10 73 66 63 40 51 83 88
22 95 39 52 11 13 12 46 52 27
38 7 50 24 44 61 71 34 36 78
49 80 2 72 44 28 48 79 32 82
64 35 85 38 34 2 41 1 46 8
91 22 40 44 19 87 71 24 49 3
48 33 46 27 57 97 22 15 99 91
34 55 94 90 11 73 60 20 42 40
2 67 97 96 34 48 3 80 28 31
73 44 50 17 75 50 53 6 48 30
85 31 69 13 87 46 10 78 24 25
85 81 68 37 100 57 55 76 57 64
73 17 98 30 11 55 98 67 45 48
39 79 97 51 78 81 35 4 13 28
56 78 79 3 72 50 90 25 85 40
30 5 19 95 73 10 5 62 76 57
48 10 61 82 61 19 96 82 47 34
10 47 24 39 75 76 15 14 38 82
21 100 47 71 70 37 9 22 92 43
64 35 44 60 82 26 81 38 35 18
76 37 34 52 49 2 65 45 93 100
52 63 31 46 75 32 49 21 85 99
23 15 10 92 32 25 91 86 59 20
31 97 6 68 58 1 69 30 47 98
4 96 97 49 29 26 96 26 86 58
19 62 42 43 95 52 70 100 46 28
36 5 3 60 4 30 21 95 62 65
49 27 88 100 73 12 56 55 67 8
54 36 20 13 18 54 42 93 52 56
24 62 97 15 24 49 75 63 62 58
4 40 2 4 29 36 55 51 14 26
37 82 11 10 77 73 88 29 72 30
55 100 47 37 99 50 60 5 85 18
89 76 56 74 53 77 2 23 59 40
49 28 63 99 12 43 80 33 38 80
12 60 72 65 39 39 42 53 26 13
84 38 25 72 96 26 59 26 55 27
85 77 88 46 1 13 95 27 80 64
44 77 95 52 53 54 11 53 7 34
64 48 14 54 6 94 65 48 5 18
29 8 81 85 60 15 89 71 58 79
25 45 65 51 19 64 37 69 58 15
80 49 82 53 95 42 9 88 41 65
96 50 13 14 23 56 32 37 43 40
16 33 94 98 57 92 47 77 50 29
64 70 77 100 35 25 66 83 94 47
28 70 67 55 69 1 60 15 79 45
36 36 80 89 75 13 67 88 80 19
6 19 98 36 75 81 69 83 14 93
33 68 62 53 20 42 73 83 79 97
35 38 83 49 61 60 15 67 2 83
61 31 23 26 79 56 93 69 72 77
21 72 89 4 28 38 61 49 40 100
21 17 61 57 32 43 15 31 41 62
39 39 8 80 88 29 72 69 21 38
25 36 3 99 92 2 24 60 84 42
5 1 43 69 1 29 66 8 77 99
61 90 62 93 31 19 91 93 82 92
3 88 61 45 36 86 88 4 6 48
11 6 79 90 41 13 74 93 78 76
96 5 92 35 92 82 90 64 59 40
10 34 53 38 64 1 20 52 47 88
15 68 46 47 93 66 81 88 99 6
56 19 8 56 40 3 39 79 56 58
43 97 96 77 18 86 8 7 5 70
37 71 34 64 68 19 16 35 37 92
33 100 63 83 40 59 26 28 77 86
Size
7 9 3 2 7 2 8 3 5 5
3 4 9 9 6 6 10 1 1 9
2 8 3 4 1 5 8 4 6 9
5 10 6 3 3 5 4 4 5 7
1 4 3 7 5 6 5 7 4 4
2 9 1 1 4 3 6 4 1 4
9 3 8 7 4 8 3 1 7 5
2 8 10 5 3 7 3 10 10 5
1 1 6 4 10 1 9 9 5 8
10 9 2 3 5 1 1 3 9 10
7 5 2 3 8 6 9 1 10 6
6 6 3 5 4 5 10 5 7 1
4 8 2 1 2 5 1 1 9 8
1 6 8 9 6 9 6 5 8 6
8 2 5 9 3 2 7 8 9 6
2 7 5 6 9 7 9 9 7 5
6 3 4 10 3 6 5 1 1 5
2 9 6 10 4 2 9 4 2 5
9 5 3 8 8 6 3 2 6 2
6 2 6 4 9 6 8 9 1 2
1 6 6 5 3 3 3 5 4 9
2 6 2 1 10 4 6 9 8 10
3 8 3 5 4 4 2 2 1 5
5 6 3 6 7 7 7 1 2 9
6 5 3 1 3 3 9 6 5 7
3 9 9 8 1 1 7 6 6 1
10 9 5 6 9 1 2 2 6 2
3 6 6 3 4 3 1 2 8 3
3 9 1 8 6 9 3 2 10 8
1 3 6 4 10 3 9 9 2 8
1 7 4 2 2 7 4 5 3 1
9 9 1 2 1 4 6 6 5 9
1 10 2 2 4 5 7 1 6 4
7 7 4 6 2 5 10 1 5 6
3 7 1 3 5 7 10 7 3 1
5 8 10 1 10 5 6 8 1 10
5 2 1 7 10 8 1 8 1 9
4 1 1 4 8 10 2 6 1 2
7 7 9 5 8 10 8 10 4 9
1 4 6 7 1 3 4 10 10 4
8 1 9 7 3 1 4 3 7 4
6 8 9 5 5 1 8 10 9 9
1 10 2 1 3 3 5 8 8 1
7 5 6 4 10 3 9 1 8 3
5 9 1 9 8 1 3 10 2 1
9 10 6 10 5 7 10 5 8 3
6 3 7 1 4 1 10 7 3 5
1 5 7 9 6 7 4 8 5 10
1 4 7 10 4 7 5 5 2 3
7 7 10 7 10 3 1 2 4 6
9 5 7 2 9 8 2 4 8 7
3 3 1 4 3 9 4 9 8 6
3 1 7 1 1 6 8 3 8 5
9 10 3 9 2 8 2 5 4 9
5 4 4 2 2 8 3 5 10 9
3 10 7 3 8 1 2 2 5 7
9 2 1 10 9 5 7 7 9 10
10 8 2 6 3 2 8 4 10 3
1 4 2 1 3 9 4 2 3 5
2 3 9 3 6 8 8 7 10 10
9 2 2 6 7 1 4 1 9 1
9 2 9 9 6 2 1 5 5 5
1 3 1 2 9 4 3 1 7 4
2 1 6 4 4 2 9 3 9 2
7 2 2 1 4 10 8 10 3 7
3 3 5 4 3 2 8 9 4 8
2 9 7 7 3 1 6 6 8 7
2 3 2 3 6 9 4 7 10 3
3 6 4 8 6 4 8 7 6 5
9 7 4 7 10 7 5 3 9 4
9 6 9 2 10 3 8 10 10 9
2 6 3 7 3 7 3 10 2 10
5 7 7 3 5 2 1 2 5 2
10 5 2 8 7 6 7 6 2 1
1 1 6 8 2 7 3 8 6 2
10 5 5 10 8 8 5 4 8 7
4 5 1 6 5 4 2 7 7 7
8 2 10 3 5 4 8 5 5 5
5 6 7 2 8 5 8 4 2 5
8 4 4 8 10 5 9 2 5 10
10 3 7 5 4 5 10 8 1 4
6 4 7 5 5 9 10 2 7 7
1 4 3 6 9 6 3 5 1 2
6 9 9 9 9 9 4 2 2 5
6 2 8 5 2 10 8 4 3 3
1 9 4 7 4 3 6 4 1 6
5 8 5 9 2 5 3 4 8 1
1 2 8 8 8 6 2 3 10 4
5 9 1 4 6 10 1 2 3 9
3 4 6 5 5 10 5 1 4 4
8 1 1 10 3 6 4 4 8 6
8 4 1 9 3 5 4 2 2 3
9 4 8 7 8 4 4 1 1 8
5 6 9 2 10 6 3 2 6 6
6 1 1 3 1 9 7 6 4 1
6 9 8 10 6 2 10 5 9 2
8 8 8 4 4 2 2 10 8 1
4 7 6 7 2 10 4 4 3 2
5 8 6 8 8 3 5 4 1 2
10 3 8 6 1 6 10 4 7 9
NoWait times: 3
1 2 3
