n 100
m 10
cap 50
Processing
2 15 58 5 43 41 82 42 61 82
15 41 27 76 20 3 63 63 82 79
89 75 39 57 50 2 72 10 7 49
20 73 30 62 46 35 61 66 19 15
83 96 6 85 34 86 57 36 13 50
63 66 37 85 20 66 4 43 17 36
77 49 65 72 53 81 25 62 9 95
88 63 4 68 94 92 95 68 48 73
78 29 97 2 25 58 39 59 54 64
36 31 76 90 89 73 12 96 83 33
79 40 32 40 62 42 82 61 99 44
67 99 67 42 11 72 67 7 50 23
19 61 70 99 9 96 63 31 35 42
25 79 36 47 80 72 71 6 75 30
65 47 52 76 73 53 72 56 20 76
20 48 35 49 81 15 59 13 86 79
17 87 87 59 44 26 72 12 56 46
54 10 37 83 84 19 67 84 36 92
78 90 37 21 50 92 4 22 99 78
61 14 10 5 92 24 38 52 59 73
9 22 40 19 93 7 52 45 42 55
26 69 80 35 78 87 48 54 22 90
4 90 92 85 57 46 73 37 28 80
65 47 40 70 50 21 16 97 15 29
35 36 69 61 67 12 40 90 78 67
30 59 33 55 18 76 9 13 98 44
93 69 82 73 28 92 49 42 84 29
87 23 98 72 39 42 97 35 51 83
9 81 78 46 61 56 17 32 39 83
89 45 74 32 23 67 3 31 79 35
35 83 19 8 97 89 11 89 41 23
23 95 56 91 56 3 86 16 60 44
9 100 25 38 71 38 57 36 80 43
68 50 86 45 98 22 4 34 55 95
24 46 11 37 95 53 79 73 96 3
31 38 81 16 91 46 39 22 17 5
10 59 89 68 20 15 89 30 22 89
16 79 89 23 56 63 50 61 56 23
30 11 49 79 49 17 23 28 5 88
29 58 38 99 69 36 65 42 33 3
7 61 10 85 24 50 83 19 24 83
43 76 42 48 78 88 23 45 14 30
52 27 26 96 63 14 20 61 60 26
88 100 59 9 48 95 4 69 88 92
77 12 50 13 73 19 90 32 13 98
89 3 56 61 37 78 93 63 83 87
29 52 37 87 55 55 24 4 71 26
42 57 66 45 53 13 94 81 29 25
33 90 28 16 65 94 45 86 50 85
79 1 7 7 47 78 4 2 10 12
34 73 47 2 86 30 21 74 62 61
28 33 61 31 10 100 74 81 66 65
37 1 9 65 70 63 93 23 97 18
37 79 59 4 85 98 94 73 10 51
78 77 90 25 58 47 7 9 46 82
62 51 81 77 79 14 38 80 40 84
57 69 25 2 87 3 35 16 77 29
24 11 14 90 5 11 21 87 40 4
96 10 84 13 14 85 24 47 78 93
78 25 10 56 45 54 61 83 19 18
94 75 41 72 38 68 87 71 82 83
26 25 21 50 68 67 4 57 71 39
25 78 37 75 98 77 64 39 52 65
12 30 37 34 3 9 12 65 30 3
75 58 11 22 84 97 58 75 93 78
42 19 12 57 11 12 92 77 27 85
84 47 49 71 59 17 78 96 39 90
28 26 44 62 3 63 46 7 20 27
44 56 8 33 94 44 87 55 99 25
83 63 30 59 89 43 95 28 22 97
40 46 88 14 95 58 2 36 60 6
55 21 23 97 14 69 35 24 95 74
14 74 71 12 93 6 49 74 4 25
40 27 34 1 36 11 87 7 82 94
70 56 32 25 64 35 65 8 31 37
10 63 48 54 1 2 97 70 72 96
19 65 8 37 53 29 53 79 72 18
60 14 4 91 44 1 80 29 49 19
49 95 76 11 50 56 82 98 80 74
63 46 80 28 42 99 84 4 75 9
43 2 98 9 59 30 3 69 10 20
59 28 41 51 86 81 50 23 27 40
67 23 88 67 33 12 35 71 99 60
11 88 62 37 63 28 37 50 50 57
53 47 5 93 89 81 14 91 41 90
39 5 65 84 27 70 52 10 90 23
84 37 1 17 44 17 55 44 55 25
79 27 98 28 24 2 55 98 82 94
70 66 32 57 56 98 28 25 95 28
6 1 37 78 4 64 66 34 52 45
39 35 78 57 91 42 37 70 64 51
49 58 94 41 93 83 2 86 67 48
49 41 39 88 23 47 55 7 38 57
25 14 55 100 8 77 78 69 18 21
98 63 92 92 80 61 83 7 3 32
47 36 52 43 54 10 67 56 89 100
90 14 9 85 48 17 81 38 12 95
56 18 81 48 4 58 32 32 78 44
43 55 1 94 41 76 42 26 1 88
17 9 2 58 37 19 96 17 43 65
Size
3 8 8 8 2 6 5 2 10 9
8 3 2 4 7 2 1 2 7 6
9 4 4 4 3 7 5 3 2 5
1 9 5 7 4 7 9 8 2 6
7 4 1 2 4 7 3 10 3 8
8 8 3 5 6 7 8 4 5 3
7 4 1 3 9 10 2 7 5 2
8 9 2 1 4 9 2 8 2 3
4 10 2 2 4 5 5 1 7 7
2 6 6 5 6 6 3 7 4 5
6 6 9 9 10 1 10 7 9 6
6 8 3 5 2 6 10 10 3 10
6 6 1 9 10 6 6 6 2 5
6 2 4 3 4 2 1 6 5 1
4 2 3 3 5 9 1 10 8 5
1 8 5 7 6 1 10 9 4 8
9 4 8 2 6 10 9 6 1 1
10 5 9 9 9 2 2 10 6 6
5 9 1 3 1 7 1 9 6 2
1 3 5 8 9 9 3 7 7 3
7 9 4 5 10 7 1 7 2 6
9 4 7 4 6 9 9 1 5 4
4 2 9 8 10 4 1 1 6 2
3 6 7 2 8 7 6 7 5 10
4 8 9 6 10 8 5 8 5 6
10 6 4 9 3 10 3 2 10 9
9 10 4 10 1 7 6 2 9 10
7 9 9 9 4 10 6 9 7 7
5 1 10 6 9 4 1 10 3 3
3 4 8 6 9 3 4 4 7 7
1 7 9 5 8 10 6 9 3 2
1 3 7 8 7 5 9 2 4 8
9 4 8 5 5 2 9 8 3 9
7 7 3 2 10 3 8 1 6 6
2 7 10 9 9 3 6 4 2 3
5 1 7 3 9 6 8 9 9 6
2 3 5 5 6 1 1 1 4 1
4 1 8 5 5 5 9 1 4 4
10 3 8 9 8 4 9 4 1 5
6 4 3 10 7 10 8 4 3 5
1 7 3 6 6 5 6 6 4 5
6 9 10 7 6 4 1 2 1 1
6 7 6 6 6 9 2 4 2 10
5 3 10 8 6 6 5 7 10 8
7 5 4 8 9 8 7 1 7 3
1 1 5 9 7 10 4 6 4 8
5 5 2 10 3 3 9 1 9 6
9 3 7 8 2 7 5 1 10 4
10 6 2 6 10 2 9 3 10 8
9 8 2 9 4 5 5 6 9 7
5 7 1 3 6 10 6 10 9 2
4 9 2 8 8 2 9 5 9 1
7 7 8 8 3 4 7 3 6 9
8 7 5 10 10 10 8 5 1 6
9 5 8 5 9 9 6 2 10 10
6 8 3 8 9 3 2 10 8 9
7 1 5 6 1 1 8 1 8 3
3 4 2 6 3 5 9 7 10 6
6 7 1 4 4 6 7 9 5 2
10 5 4 10 5 7 2 7 1 9
9 7 6 9 10 3 10 6 9 1
8 1 1 10 9 3 6 3 3 6
10 10 3 10 1 9 4 1 6 4
2 1 4 8 1 1 1 6 6 10
8 6 6 9 6 7 3 1 4 3
5 6 1 7 5 3 8 5 7 10
10 1 3 2 1 2 10 10 1 4
3 9 8 10 2 8 6 1 9 5
7 2 2 1 8 6 9 5 5 8
2 6 2 8 3 2 3 7 3 6
7 5 1 10 4 5 2 6 9 8
8 5 7 6 1 3 1 4 7 6
9 1 2 6 4 2 10 6 2 4
6 1 7 7 5 3 7 2 5 5
7 2 5 3 7 1 9 3 8 6
2 4 5 4 8 10 6 2 4 10
1 5 6 7 9 7 10 6 10 1
4 10 1 7 3 1 10 9 8 5
8 5 10 5 3 7 9 4 7 9
1 8 2 8 4 10 6 10 9 10
7 10 5 4 4 9 6 8 3 2
1 8 6 3 5 6 1 4 8 6
3 7 1 6 1 9 1 4 3 1
2 8 10 9 5 8 9 9 8 6
2 3 1 7 6 7 2 5 9 7
4 8 5 1 4 1 5 8 2 4
2 2 9 8 9 9 10 1 9 5
9 7 6 9 8 7 10 7 9 7
8 9 7 6 10 6 9 8 3 2
5 2 7 2 1 10 1 7 2 5
10 2 10 6 8 4 2 8 6 6
2 9 5 6 8 6 1 4 6 9
10 9 2 10 7 4 7 2 10 10
7 5 6 6 2 2 10 5 7 4
8 4 7 3 9 7 7 5 4 8
1 3 4 7 2 2 10 1 6 3
2 6 5 2 1 3 5 9 6 10
4 2 10 4 10 7 7 2 9 8
7 9 7 6 8 6 9 1 3 4
8 4 9 2 6 10 5 9 6 9
NoWait times: 3
2 6 8
