n 100
m 10
cap 50
Processing
63 9 7 46 50 42 88 4 30 68
8 11 5 34 77 51 37 62 59 91
37 6 88 8 67 88 91 19 64 1
100 100 46 47 28 26 24 50 97 54
85 80 20 12 45 74 8 59 95 78
48 85 2 48 5 99 96 27 16 71
99 53 48 12 43 37 77 50 20 73
62 31 64 26 25 57 13 60 80 37
5 55 74 34 67 34 36 55 45 63
96 79 3 91 8 56 85 74 11 70
51 45 8 20 28 2 44 27 60 50
24 24 52 32 82 30 37 46 87 6
92 2 75 4 55 42 95 50 40 10
40 88 37 40 12 35 70 60 48 39
34 19 10 32 37 98 76 51 29 2
30 77 53 50 46 10 18 28 100 50
90 79 30 6 30 83 15 4 84 58
63 73 100 99 84 35 99 8 22 7
53 13 5 84 64 39 67 16 87 39
11 83 71 88 12 100 74 38 55 58
13 28 47 22 85 22 86 39 55 46
8 8 73 79 83 25 83 43 54 53
64 96 88 63 74 21 66 42 72 2
55 14 40 74 27 23 58 63 61 1
70 45 10 41 70 42 2 67 48 75
40 86 67 98 56 95 19 16 34 63
11 36 65 78 26 67 62 64 69 99
88 88 34 10 23 95 84 18 82 54
100 81 28 17 44 2 2 74 68 66
87 31 30 37 24 28 51 81 1 92
64 13 23 82 68 82 49 40 34 88
12 39 88 35 61 7 96 79 14 62
29 83 44 58 38 82 38 40 72 89
46 58 72 63 85 61 20 94 2 3
98 52 83 37 47 21 77 89 71 49
62 62 9 50 31 56 76 52 87 81
65 62 53 79 16 91 26 93 77 33
32 73 60 59 11 64 69 77 14 64
16 70 55 66 3 17 76 81 88 84
63 4 82 88 96 59 28 100 90 78
13 75 93 21 41 7 20 75 98 48
72 92 83 99 44 8 9 24 20 74
10 26 86 51 25 92 24 56 90 40
42 87 4 70 61 97 27 26 59 74
23 69 34 76 56 26 89 67 1 45
10 41 36 52 77 15 58 26 32 8
68 90 9 55 33 69 66 89 29 33
71 59 20 97 69 86 70 81 90 78
77 69 23 78 57 55 85 34 65 47
9 88 99 6 26 87 56 32 53 26
82 56 21 78 88 95 97 24 9 77
86 22 85 46 29 28 54 49 1 71
87 89 88 36 50 62 30 50 96 47
66 31 95 92 97 9 82 1 31 52
46 52 10 41 85 13 54 39 13 87
29 58 85 52 28 26 26 55 82 63
27 85 85 46 64 72 27 13 45 98
60 29 41 42 96 39 19 82 67 99
14 25 53 56 1 37 50 87 68 52
83 96 11 68 35 25 29 7 71 51
3 27 94 33 77 87 26 83 3 95
44 74 41 47 76 94 47 77 64 64
9 12 43 10 24 86 1 70 31 74
90 19 62 63 58 36 24 42 85 80
35 62 76 79 1 3 70 12 78 46
61 12 64 51 59 90 72 1 57 11
86 97 73 26 44 66 14 34 67 79
43 18 13 30 92 75 21 82 30 85
54 56 93 18 18 65 54 1 2 20
28 58 17 51 29 99 24 9 54 2
7 9 100 46 82 12 62 88 51 3
15 77 55 34 2 9 40 1 96 63
30 59 24 82 59 60 16 21 5 48
31 89 85 91 35 23 21 7 34 28
58 74 95 42 4 39 52 71 16 39
2 80 94 16 24 38 28 80 55 43
8 83 60 29 42 54 48 89 61 96
77 98 19 69 76 18 47 99 26 50
37 81 70 71 24 64 95 80 7 8
86 68 29 81 74 6 5 76 54 8
2 45 11 51 6 31 88 95 81 43
40 88 71 38 76 47 30 73 100 23
33 19 66 90 36 99 46 95 36 37
57 66 10 60 85 87 42 11 10 68
59 35 94 49 56 39 46 48 78 42
13 58 16 25 57 53 75 48 6 59
31 79 87 4 47 31 45 80 33 16
14 48 96 80 91 69 21 51 70 60
27 9 56 10 15 2 45 71 51 89
80 22 61 75 53 53 40 60 98 73
23 88 67 99 86 99 86 69 76 59
55 24 46 55 88 1 43 62 16 50
48 60 12 12 24 100 68 8 28 49
9 42 7 100 93 6 35 8 98 71
99 63 28 13 51 31 52 3 13 87
79 19 15 89 7 87 42 76 41 57
43 22 84 13 15 85 97 15 92 91
73 55 6 95 94 12 79 15 39 32
10 85 72 81 31 40 74 14 98 92
20 74 57 15 56 46 62 58 80 67
Size
6 5 4 4 6 2 3 7 5 7
1 1 4 7 10 4 9 2 6 4
4 3 10 6 3 10 3 1 9 1
10 6 1 8 9 1 3 9 5 4
9 1 2 4 9 6 8 9 6 8
10 2 1 3 8 10 7 3 6 1
2 9 4 9 9 8 8 7 3 5
1 3 2 1 6 9 3 10 10 10
7 4 8 10 9 2 6 4 9 4
8 5 1 6 9 6 6 9 10 7
3 8 3 2 3 10 3 6 5 9
9 8 10 3 10 7 4 2 1 2
5 10 3 5 4 5 3 4 6 2
1 10 2 3 10 2 10 4 9 9
3 8 3 7 8 2 6 2 8 7
6 6 7 9 2 5 9 7 7 5
7 1 10 1 3 2 8 2 10 7
1 7 7 7 1 5 8 4 10 1
2 7 6 10 3 6 8 3 10 7
10 3 1 3 10 10 9 5 5 4
3 3 10 7 9 6 9 10 5 1
10 8 6 2 2 1 1 6 5 2
4 7 3 5 3 10 7 6 3 6
3 9 7 6 3 4 7 5 9 2
8 1 2 3 4 7 9 10 10 10
8 6 4 9 7 5 1 7 10 1
6 5 8 9 9 8 3 2 8 3
3 4 5 10 8 6 10 1 1 10
9 7 2 3 8 8 3 2 6 8
7 9 7 3 6 10 8 4 8 7
9 8 5 9 4 3 6 10 2 4
8 5 10 6 1 7 8 2 2 9
6 4 1 1 8 6 4 5 8 1
2 9 8 10 9 7 6 8 8 1
8 1 7 10 5 2 7 8 10 5
2 10 3 4 6 2 10 9 2 1
8 4 8 1 10 8 9 9 5 10
10 3 9 6 3 6 10 6 2 9
6 9 1 5 1 9 3 5 2 4
6 4 6 10 8 4 5 9 7 2
9 7 6 3 7 9 5 9 1 2
1 2 6 9 8 4 4 5 4 3
4 4 4 2 7 2 6 1 2 2
4 1 2 9 3 8 7 5 1 8
7 1 3 5 9 7 2 7 7 4
6 3 7 10 9 4 8 4 3 9
2 10 10 3 5 8 5 3 6 10
9 7 5 1 9 1 5 7 2 1
1 7 10 4 1 5 7 7 5 6
2 1 9 10 4 3 6 8 5 1
3 9 7 3 10 6 3 6 8 6
3 10 6 2 1 9 1 9 6 8
8 6 1 6 6 7 3 2 5 5
5 8 6 1 4 5 4 10 7 3
9 6 5 6 6 6 1 6 4 5
1 2 1 7 2 6 9 8 3 4
7 5 2 4 10 10 5 8 4 7
7 2 8 3 7 9 3 4 3 8
3 5 3 5 10 2 5 2 7 3
3 10 5 9 5 1 6 8 1 4
7 6 4 8 3 2 9 7 8 4
7 6 1 10 2 3 5 3 3 1
6 6 1 2 7 3 8 10 8 7
3 10 7 3 4 10 6 9 6 7
6 2 4 8 4 7 4 2 9 8
2 4 7 5 8 7 6 6 7 3
1 10 10 2 8 4 9 6 1 4
2 5 6 1 2 2 6 7 6 10
9 5 5 3 7 7 6 6 10 7
9 8 2 2 7 4 3 9 6 7
9 2 9 9 7 5 3 8 9 1
9 6 8 4 3 3 6 7 9 1
7 4 8 10 9 1 6 10 1 10
6 8 6 9 8 5 1 3 4 1
4 3 9 7 4 5 8 8 9 8
10 10 1 8 4 8 8 8 7 10
7 1 6 10 4 4 1 1 3 4
4 3 3 7 10 9 7 10 7 6
7 3 6 3 9 3 7 1 9 10
9 1 6 8 10 6 8 9 10 9
8 10 6 4 10 8 5 10 8 4
8 3 2 7 3 1 9 8 6 5
8 2 3 2 4 1 2 1 10 1
9 10 6 8 8 1 4 3 3 10
10 7 9 6 2 6 4 4 2 8
3 6 8 1 2 2 6 1 1 6
9 3 8 2 7 9 9 9 2 1
3 4 7 2 5 7 8 10 4 1
5 7 3 9 1 10 9 10 1 7
10 7 1 2 6 8 5 10 5 8
3 9 6 7 10 7 9 1 8 1
2 3 1 2 10 7 9 3 1 10
7 9 3 8 6 6 8 8 1 10
4 9 8 7 3 3 3 10 1 9
6 4 9 3 7 2 1 7 6 10
10 8 3 6 6 8 6 9 7 8
1 10 1 5 3 9 4 1 8 3
2 3 9 7 9 3 4 8 3 10
8 3 6 5 5 4 3 7 7 4
4 6 2 6 2 4 7 10 1 5
NoWait times: 3
1 3 6
