n 100
m 10
cap 50
Processing
10 84 43 58 53 41 69 41 46 70
95 21 92 57 62 5 9 28 80 31
90 60 93 58 98 63 30 87 52 39
61 67 44 92 70 86 95 33 60 1
51 97 82 70 36 69 18 22 8 47
71 62 97 85 30 28 4 54 79 74
28 1 55 52 99 73 89 41 91 42
19 96 69 92 15 6 77 59 21 21
86 1 68 7 63 92 81 70 50 72
21 24 18 95 17 78 28 84 62 38
93 62 98 22 58 93 27 20 62 84
73 58 21 26 7 64 80 6 77 54
39 32 66 36 81 83 91 34 34 50
83 47 43 84 73 97 31 66 79 19
86 44 38 81 5 37 40 93 92 64
56 99 98 18 91 74 94 37 85 9
24 24 95 29 43 62 52 61 39 39
81 39 45 25 69 32 70 45 22 43
17 92 70 56 20 39 4 84 92 66
73 75 92 5 85 27 52 64 30 10
69 25 26 5 34 62 97 61 64 55
14 38 36 52 49 98 3 10 66 18
38 75 14 95 49 18 20 87 32 97
20 58 59 5 82 14 39 51 31 51
11 80 89 32 60 100 43 73 78 50
94 19 9 53 43 78 84 54 29 34
75 73 38 84 56 95 96 33 80 27
98 16 3 90 47 23 28 33 81 8
14 80 74 54 10 46 61 74 52 91
27 30 89 9 100 50 28 28 28 39
47 63 15 84 7 88 29 8 24 85
7 69 3 61 79 56 51 11 73 24
44 57 91 7 90 91 90 35 54 64
19 64 38 16 15 96 10 14 32 88
47 80 66 23 79 6 51 65 56 78
66 50 59 72 24 19 15 22 48 82
9 66 33 14 84 22 30 22 15 50
13 17 74 10 81 8 31 6 75 22
50 64 21 33 5 31 11 64 85 25
61 86 41 53 35 12 13 42 1 55
38 46 80 27 18 76 25 33 96 27
64 81 42 61 40 63 3 26 44 31
18 46 26 32 99 78 8 91 63 2
46 63 57 80 31 47 79 44 49 63
9 5 66 58 60 42 68 25 19 32
96 36 42 64 6 67 52 74 26 86
41 87 65 29 95 73 39 99 94 34
10 10 2 60 57 3 54 4 67 84
91 10 98 96 100 84 25 79 2 26
62 37 63 46 24 30 81 17 5 70
35 59 98 90 13 15 20 68 39 56
80 12 50 37 10 14 63 72 3 23
2 98 96 33 6 71 67 5 71 28
8 79 69 48 85 37 2 69 23 94
37 38 100 74 16 12 40 80 60 42
57 50 27 50 47 70 41 31 3 40
4 82 56 91 4 49 65 59 28 51
58 52 82 44 59 90 74 31 19 35
96 52 67 84 80 100 26 83 59 92
77 92 10 46 27 45 56 61 33 2
28 67 91 61 29 92 61 43 44 57
96 72 40 54 28 71 1 66 31 76
70 1 44 84 56 3 39 92 89 9
52 51 83 3 30 50 17 45 91 96
89 74 30 70 80 2 29 49 23 72
32 29 65 96 97 51 26 70 78 28
61 54 43 100 93 27 36 23 35 30
29 79 44 42 36 49 45 59 42 57
95 78 1 79 28 64 87 18 14 57
6 95 42 11 41 70 41 43 7 16
85 15 38 88 51 45 49 39 73 34
39 46 79 44 40 57 55 27 8 6
6 12 8 68 99 4 80 60 76 76
33 60 77 4 52 22 8 86 91 34
35 28 15 31 70 72 3 23 27 63
42 88 66 91 20 97 93 67 40 19
94 48 83 75 20 13 70 88 49 41
39 29 61 11 1 58 24 71 27 81
47 11 52 5 72 79 71 48 24 77
95 84 16 14 33 2 90 85 34 22
86 75 80 83 21 64 9 1 27 84
13 63 73 88 53 78 66 72 57 60
94 42 66 21 36 99 95 47 2 49
7 90 8 69 70 48 100 8 29 52
25 5 97 19 48 8 61 32 15 78
71 94 93 21 12 46 10 95 51 72
71 84 25 84 77 92 45 93 88 24
39 41 25 53 95 37 57 57 38 55
4 34 51 22 44 33 21 53 73 58
3 100 83 61 93 11 84 68 66 49
30 85 10 65 38 84 76 19 76 28
73 56 64 73 95 36 48 29 40 63
86 73 98 51 28 65 44 39 80 97
65 97 35 74 100 59 15 72 98 52
81 89 56 70 81 64 39 33 56 18
53 59 89 19 55 38 80 39 28 74
67 53 40 48 30 18 72 10 95 49
61 33 22 33 8 39 32 44 74 40
27 86 12 52 18 47 23 90 11 17
69 97 53 60 10 50 16 57 93 98
Size
8 3 7 10 1 2 5 9 9 1
8 5 1 10 4 9 3 10 1 3
1 1 8 6 8 10 10 7 10 4
4 8 3 10 3 3 7 4 7 9
3 7 10 5 4 3 2 9 10 1
10 3 10 9 1 1 3 7 2 8
7 1 3 6 1 2 4 5 8 3
10 6 1 9 5 6 5 2 6 3
2 4 5 7 2 2 3 2 3 2
1 3 6 2 9 6 8 1 7 3
4 10 4 8 5 6 8 5 8 8
10 2 8 7 3 8 8 4 6 2
2 2 6 6 5 1 5 8 7 4
10 6 5 10 3 9 2 8 9 6
10 5 6 3 4 1 8 10 10 1
6 5 10 7 4 4 2 2 10 4
1 5 5 2 7 1 2 4 10 10
9 3 2 4 7 5 8 8 10 4
3 9 5 4 5 7 7 6 10 10
1 6 6 7 7 6 2 10 9 8
4 9 5 2 1 8 4 2 5 6
9 1 10 9 3 6 9 10 5 3
10 6 2 9 10 8 10 10 6 5
6 10 2 5 1 2 1 3 3 4
6 3 6 8 5 3 4 6 9 2
4 6 7 5 2 6 7 6 10 6
5 6 10 7 9 6 4 5 9 9
6 8 3 10 8 3 2 6 2 3
7 6 9 10 9 6 7 2 8 1
6 6 9 2 8 8 1 6 3 3
4 2 4 3 9 6 9 1 10 7
8 6 1 8 2 1 2 4 1 3
1 7 3 9 3 7 6 4 1 9
4 4 9 5 5 6 4 7 5 6
4 2 10 4 4 10 2 5 1 2
6 9 8 8 9 3 1 5 6 6
3 1 3 4 6 8 4 6 9 1
8 8 2 3 5 7 6 2 4 9
10 6 7 3 2 7 10 10 7 6
4 7 2 5 6 5 5 8 6 8
4 10 8 8 1 7 6 8 1 4
9 7 8 6 6 6 10 1 2 9
5 2 10 2 3 7 7 2 4 3
3 8 7 6 1 9 7 1 9 8
1 4 8 7 1 2 5 4 4 4
9 6 1 5 4 10 9 9 1 3
1 3 2 6 7 5 2 5 5 4
10 4 1 10 1 4 10 8 9 10
5 6 5 2 5 7 10 2 4 6
7 7 5 6 3 2 5 2 10 5
6 10 7 10 1 4 3 8 4 3
3 10 9 10 10 6 4 1 2 8
8 1 9 10 2 5 6 4 3 4
6 1 5 4 8 4 3 3 4 5
5 1 10 2 7 10 7 9 7 9
3 4 9 5 9 9 2 2 5 10
3 10 6 5 7 6 2 9 1 1
6 10 10 3 10 2 5 4 2 8
3 3 5 2 8 8 6 2 1 8
6 9 8 3 10 8 3 9 7 2
10 1 3 2 6 10 2 6 4 6
8 1 6 8 7 2 6 9 9 9
3 5 8 5 7 3 1 6 8 1
7 9 6 2 10 3 9 8 10 2
1 1 3 6 1 3 9 4 2 10
8 7 8 7 9 1 5 6 2 2
3 3 1 5 8 3 1 4 4 8
7 5 7 4 6 9 6 2 7 3
2 9 4 3 7 9 4 6 5 4
4 8 10 8 7 5 9 9 8 1
10 8 7 7 4 6 9 2 10 8
7 6 7 9 7 3 9 6 7 4
10 10 1 3 9 10 9 1 9 4
3 10 3 10 10 1 3 10 6 10
8 8 1 9 7 5 3 10 9 4
8 7 3 7 1 3 5 10 6 3
5 6 4 1 2 2 6 8 8 10
4 3 10 7 10 3 10 8 4 1
10 5 5 1 7 10 6 1 5 3
9 3 4 5 3 2 1 10 8 2
5 2 7 3 8 6 4 7 7 9
8 5 7 4 3 6 5 9 8 7
2 7 9 1 6 9 7 3 8 8
1 7 3 2 2 9 5 8 4 4
1 3 10 3 3 8 10 9 5 8
6 8 3 3 4 10 5 3 2 3
8 10 1 3 7 10 2 5 4 1
6 8 1 6 5 5 2 4 5 6
9 1 4 2 8 9 5 4 9 5
1 3 4 10 2 5 8 6 5 3
5 7 3 1 3 1 3 9 9 4
8 2 3 5 7 2 1 3 1 7
7 8 1 2 7 9 2 10 4 3
5 2 4 7 6 5 1 2 4 5
2 4 10 10 8 1 7 10 3 10
6 5 1 6 5 10 4 8 2 3
9 1 5 3 8 1 10 8 2 5
10 4 7 9 3 1 5 2 6 8
6 3 7 8 9 5 4 9 1 8
8 5 4 7 1 5 9 7 8 4
NoWait times: 3
0 1 2
