n 100
m 10
cap 50
Processing
7 73 77 45 55 70 62 19 47 66
65 44 52 19 12 15 21 74 98 62
56 13 60 94 45 60 65 88 51 70
91 46 47 21 17 19 62 62 99 66
46 78 8 42 39 33 6 73 74 47
49 63 59 94 49 94 50 100 22 9
20 70 57 33 81 66 78 27 37 38
18 94 47 79 26 27 19 39 38 58
82 45 8 54 46 37 72 62 26 45
52 94 25 14 49 59 93 12 67 92
12 74 23 88 91 93 49 60 74 100
26 12 96 50 21 81 100 27 75 93
6 30 59 26 30 40 34 37 51 28
3 79 74 70 99 90 58 22 54 93
7 82 69 87 89 35 56 49 80 3
46 8 54 50 100 67 92 72 2 41
45 70 41 99 92 57 12 14 96 25
97 28 30 91 54 25 77 49 57 81
45 1 25 10 32 99 80 88 63 69
50 81 67 96 26 88 86 17 77 48
90 57 60 82 24 56 21 33 77 44
72 53 55 70 89 72 63 45 41 85
96 5 98 42 90 78 13 3 67 14
15 36 77 71 30 60 63 20 19 27
83 40 61 23 70 50 3 77 60 82
9 78 81 81 13 17 23 48 55 14
1 33 1 12 39 72 94 63 3 51
52 81 37 52 42 76 92 44 73 61
68 99 60 70 15 20 53 60 40 23
90 23 19 47 70 74 27 72 47 78
26 53 1 100 18 59 17 27 83 80
53 15 81 97 1 39 35 16 56 78
46 81 94 1 78 70 79 7 82 71
96 49 42 24 85 31 81 20 71 12
42 31 63 14 58 97 43 19 41 22
40 15 77 65 84 53 42 35 99 91
14 43 50 33 98 80 50 93 50 41
74 32 98 93 21 61 62 13 35 8
5 4 43 19 33 3 33 15 23 52
18 31 95 63 8 53 10 93 42 66
86 87 4 75 18 27 95 48 42 94
73 64 61 97 2 91 39 61 48 87
78 63 74 31 58 3 18 96 17 50
69 34 38 49 62 73 86 75 3 82
93 26 89 86 17 60 71 37 41 10
21 73 43 75 45 17 3 45 6 84
47 36 97 50 34 53 45 29 44 90
16 34 68 95 98 4 57 78 74 33
63 72 68 83 13 12 5 4 68 51
72 4 39 40 3 21 71 17 95 86
89 81 72 58 83 58 90 66 98 3
51 40 90 45 47 47 30 89 97 79
26 16 67 15 76 40 27 46 93 60
37 48 64 72 18 34 77 63 78 86
31 95 88 77 73 77 40 5 87 93
68 79 29 97 10 20 23 6 86 78
18 43 96 14 87 59 42 71 59 76
68 67 94 31 61 48 98 52 6 56
46 38 29 30 48 92 30 48 5 99
94 44 84 70 21 38 2 31 89 68
97 51 84 11 73 20 98 89 31 9
54 23 80 73 6 93 21 85 25 92
76 50 53 79 33 69 80 4 56 86
73 70 53 86 13 100 7 31 26 44
62 60 10 82 11 63 76 35 89 70
67 5 82 24 25 37 7 30 65 85
99 85 9 55 54 44 44 87 20 72
95 40 51 72 59 97 58 81 13 2
14 93 47 28 42 95 11 37 31 8
56 66 11 36 53 15 90 62 37 78
27 34 7 89 1 83 59 85 68 23
66 60 1 10 72 49 21 24 86 79
64 84 9 19 24 22 2 30 54 76
83 76 25 73 31 46 24 13 52 13
71 46 30 9 33 72 8 77 86 50
28 2 90 32 69 91 38 43 78 41
80 20 86 83 39 37 52 45 42 98
59 57 66 90 56 94 78 2 21 22
83 21 81 91 95 5 61 46 88 52
36 60 24 88 90 88 89 39 51 60
83 79 63 49 82 1 56 63 75 48
44 42 72 11 61 71 39 20 33 38
75 30 94 31 21 37 71 26 67 95
58 20 77 24 78 32 24 17 2 86
92 19 17 2 57 99 51 53 81 10
40 42 27 92 1 71 57 12 37 52
68 74 41 34 58 33 16 24 84 34
32 95 92 37 88 27 14 40 1 23
58 96 40 25 77 26 100 43 23 12
41 13 87 44 29 87 32 100 50 61
1 34 45 98 98 2 72 94 100 46
42 17 4 72 96 68 6 17 37 22
47 28 24 32 66 79 6 26 21 8
4 15 34 95 54 8 95 81 90 2
25 95 83 66 26 93 71 27 96 52
45 80 48 94 47 8 16 77 27 8
98 88 93 93 22 48 77 61 10 47
69 76 11 94 86 95 51 4 69 55
88 45 24 57 76 21 65 4 59 86
89 98 92 6 36 32 74 83 54 53
Size
9 4 4 9 4 3 10 10 9 5
10 5 6 9 7 9 7 2 3 6
2 6 8 6 7 9 7 2 3 7
1 2 9 8 5 5 7 7 8 7
7 5 4 8 8 5 9 6 10 10
1 9 3 7 9 1 10 2 9 7
9 1 5 6 7 2 7 3 2 6
5 4 6 3 6 4 6 7 4 10
2 6 7 7 2 9 8 8 5 5
1 7 1 8 6 8 4 8 5 3
1 8 7 10 4 10 1 10 6 9
10 4 10 8 7 6 3 4 8 1
4 1 9 9 8 9 6 10 5 9
1 1 1 4 6 2 10 7 6 7
10 1 10 9 9 3 1 3 10 8
1 8 2 1 7 8 2 6 9 8
8 4 8 9 3 4 5 1 10 6
8 10 1 2 7 3 7 8 10 9
1 3 5 2 9 8 4 3 7 9
10 2 2 9 9 7 4 8 10 8
1 7 7 10 9 5 3 2 5 9
3 4 6 7 8 1 2 2 3 10
6 7 6 3 1 1 1 3 5 10
1 2 5 5 8 7 10 4 1 10
3 8 10 1 6 2 9 1 8 10
6 4 6 8 4 4 2 10 8 2
10 10 2 4 8 2 1 9 10 8
2 3 1 4 10 5 8 3 8 8
4 7 7 6 2 2 6 6 5 10
10 10 8 7 10 8 4 9 5 9
3 10 1 9 1 3 10 3 1 10
10 8 1 6 1 3 6 5 7 2
4 6 2 5 4 10 2 9 6 3
2 9 10 2 8 9 2 4 4 10
2 6 3 3 5 5 10 6 4 9
2 5 5 1 10 3 4 2 3 1
8 4 2 2 9 10 9 5 1 7
2 6 10 7 6 8 7 10 2 4
10 1 2 8 4 7 6 10 6 6
5 10 3 10 5 10 7 3 1 1
10 1 3 4 10 2 8 2 2 8
4 7 8 6 2 4 1 3 4 10
10 8 8 7 3 6 10 9 2 4
3 9 1 3 5 6 6 2 10 2
4 3 6 6 3 10 7 5 1 2
8 9 7 9 1 2 7 9 10 8
7 10 3 1 9 4 6 3 2 7
4 6 1 8 3 8 4 9 3 7
2 3 1 8 2 6 2 4 10 7
3 1 9 7 10 9 7 9 3 1
10 2 8 5 10 6 1 9 3 3
8 7 10 8 5 2 10 3 10 3
5 8 4 4 4 1 8 3 3 2
2 6 6 1 7 3 6 7 2 5
6 4 4 5 1 9 10 2 10 4
10 8 5 4 9 2 9 9 4 4
10 7 7 2 5 9 7 9 4 1
4 4 3 6 3 7 5 2 8 6
4 8 5 8 7 6 3 3 10 5
4 10 9 8 9 5 8 6 3 2
1 10 1 6 2 10 1 4 9 1
10 2 10 1 8 9 2 2 1 8
10 7 7 9 6 5 5 10 9 5
4 9 3 9 1 10 4 2 1 3
1 3 1 2 1 2 7 8 3 4
6 7 1 10 10 4 9 5 1 6
4 4 3 9 4 9 5 5 3 3
10 4 7 7 7 3 3 5 4 2
10 2 9 7 9 4 9 6 2 4
10 8 9 9 2 9 9 7 8 10
10 3 5 4 7 4 5 10 3 2
6 5 7 9 6 10 6 6 6 5
4 2 7 10 7 9 4 5 5 5
8 1 9 5 7 7 5 8 6 7
5 3 10 5 9 2 2 4 8 3
2 6 9 3 7 1 10 7 4 1
8 9 7 2 6 8 4 6 6 4
3 10 5 6 5 5 4 10 1 7
1 5 3 1 7 8 9 3 2 6
10 1 8 7 6 9 6 9 2 7
2 10 8 9 5 3 6 9 4 7
6 9 9 2 1 4 4 4 1 1
7 5 4 4 3 4 4 8 1 5
8 8 7 4 8 7 9 6 8 1
1 6 3 6 9 4 4 7 6 2
2 7 5 4 6 7 6 10 7 10
4 8 5 10 2 1 1 5 10 10
5 9 1 6 2 1 7 6 8 1
9 7 2 8 5 9 6 2 10 5
3 2 1 2 1 2 10 1 1 8
8 5 1 5 5 9 3 6 6 9
1 5 6 1 7 9 6 5 10 6
9 2 6 3 2 10 2 4 4 10
5 2 2 3 6 1 8 4 7 9
2 7 5 1 5 9 1 8 8 5
4 3 5 5 9 10 9 10 3 9
10 2 5 9 5 10 1 2 2 4
6 5 2 10 7 4 6 10 7 7
10 5 9 6 10 6 10 5 3 7
3 1 7 3 2 8 9 7 7 6
NoWait times: 3
0 4 6
