n 100
m 10
cap 50
Processing
22 96 94 85 81 79 64 98 71 28
72 5 100 26 84 79 24 86 52 14
58 45 61 5 46 37 98 18 74 45
68 77 3 31 99 95 61 5 65 63
33 82 74 22 81 78 60 39 30 20
76 15 67 82 18 87 63 57 55 11
91 75 62 23 16 9 63 58 27 74
84 19 5 58 89 13 86 39 83 50
46 91 38 40 17 40 64 57 84 78
39 66 79 38 33 83 27 94 100 64
57 60 52 15 19 64 100 23 51 19
58 80 87 5 74 59 4 99 10 43
4 68 74 51 29 95 52 35 79 61
72 42 75 94 45 41 30 13 61 71
1 95 55 67 16 73 15 54 41 54
5 63 81 56 54 72 26 25 54 7
55 23 41 77 76 56 35 67 52 20
11 16 79 25 32 70 95 75 75 77
87 90 78 39 35 25 15 84 49 80
77 47 26 51 39 98 37 1 71 4
29 3 51 98 25 3 17 61 58 32
99 37 21 79 24 76 84 83 24 39
1 70 53 98 3 90 4 37 68 63
64 79 35 55 34 24 23 28 25 86
9 13 45 79 4 61 82 19 61 40
30 38 21 63 100 90 3 37 56 34
88 25 32 67 31 75 90 69 83 52
63 21 18 7 27 30 32 22 58 90
65 98 12 43 14 59 94 13 44 41
15 61 33 25 22 42 82 40 19 81
70 82 41 81 3 41 92 45 10 11
29 61 14 2 85 44 65 42 65 11
5 76 61 45 31 65 26 73 41 89
47 60 90 15 69 2 37 17 25 51
91 87 72 93 82 36 21 33 54 96
11 53 48 19 39 76 36 16 69 58
27 40 5 27 92 44 3 76 46 41
71 86 59 36 90 35 49 12 66 51
1 98 64 67 27 6 1 14 96 43
5 14 4 3 22 89 60 50 60 66
2 77 58 16 7 42 72 72 17 39
84 83 5 73 10 39 3 81 32 79
6 26 10 39 40 95 54 54 81 52
77 51 89 63 61 93 1 42 79 2
100 22 46 91 9 70 11 66 38 61
52 40 27 39 57 32 55 30 92 86
56 91 57 97 13 12 83 31 90 58
47 44 86 43 73 48 30 12 45 11
39 65 58 30 60 57 68 15 66 35
77 7 79 12 3 83 52 80 82 23
83 33 15 97 71 38 18 88 38 69
10 2 11 29 84 99 96 25 80 52
76 50 91 31 10 49 75 67 5 6
19 46 1 46 14 59 43 22 40 1
47 70 62 26 96 74 64 97 45 75
11 97 14 19 87 49 90 55 55 74
17 79 83 50 52 47 89 98 53 83
26 56 81 99 72 45 44 18 47 51
31 26 36 40 43 3 44 7 10 29
10 25 70 53 80 69 73 70 15 7
30 2 98 93 13 47 19 25 56 15
68 32 76 18 57 51 96 100 86 88
82 53 13 97 79 92 94 12 5 42
13 48 55 61 93 76 33 44 47 51
61 65 17 57 15 3 23 33 49 9
42 55 54 86 19 20 24 57 8 24
98 6 10 8 3 98 63 6 78 2
9 42 42 65 72 15 63 82 94 40
50 19 91 9 21 27 6 42 79 57
28 81 71 11 16 27 27 75 37 64
30 88 55 19 68 52 55 90 69 92
72 23 82 10 84 84 18 4 45 44
25 52 76 5 56 86 29 75 45 15
3 82 96 48 23 38 48 37 57 29
14 80 73 81 63 63 24 89 85 79
23 74 31 27 55 94 69 99 28 68
86 35 35 56 10 99 88 11 96 45
92 50 73 54 76 54 67 14 98 19
83 17 7 52 84 5 53 100 57 32
7 44 81 80 96 26 85 16 16 72
62 62 67 28 42 78 62 83 20 80
70 37 17 60 9 32 66 70 19 29
31 94 23 68 95 38 42 43 42 54
58 92 93 39 65 74 38 56 53 58
5 17 93 65 83 71 18 1 75 33
38 77 1 45 59 62 87 61 48 78
17 10 55 65 56 58 46 1 54 18
98 74 86 100 80 30 8 85 10 83
90 7 95 82 57 9 33 3 63 13
41 5 55 53 64 69 84 84 81 95
22 10 13 30 16 16 26 60 80 18
99 57 53 82 33 89 90 100 65 96
26 86 74 59 14 93 24 47 41 99
93 93 76 68 85 38 85 65 60 28
25 54 75 14 44 48 94 69 90 76
2 19 32 93 45 69 62 29 47 88
60 62 93 91 49 15 65 87 2 80
72 80 15 7 71 44 43 78 73 35
56 55 94 85 64 61 10 81 31 77
16 14 34 68 31 74 97 15 61 99
Size
9 3 8 6 8 7 8 6 2 7
7 5 3 7 2 7 4 9 1 6
3 5 7 2 5 5 2 7 1 4
8 6 6 3 3 8 2 6 9 5
5 9 3 1 6 5 10 8 2 1
6 1 9 7 8 9 9 8 3 7
2 9 1 7 7 4 9 8 6 9
10 4 9 2 4 8 4 7 10 4
5 10 2 6 4 3 2 7 10 9
5 3 10 6 10 2 10 4 5 10
6 2 7 7 4 6 9 8 8 9
5 2 9 9 4 4 1 6 6 5
5 3 9 9 10 7 9 3 10 6
5 3 3 1 3 9 10 6 5 9
4 9 2 8 6 8 4 6 2 1
3 9 4 1 8 4 6 6 3 7
9 9 1 9 7 2 8 9 8 8
9 3 10 1 8 3 3 10 10 5
9 6 5 5 9 8 3 2 3 7
2 3 8 1 2 10 3 7 4 5
9 5 7 9 2 2 2 2 3 5
6 6 9 4 6 8 10 10 7 8
7 5 3 3 9 7 8 1 4 5
8 6 5 7 10 9 8 4 6 4
6 10 5 3 5 3 6 7 1 2
7 6 2 3 5 3 10 1 9 10
2 5 1 1 9 6 10 8 2 10
9 8 7 9 6 2 8 2 2 2
7 4 5 10 5 9 5 3 7 5
5 8 3 10 10 3 7 4 2 4
8 2 7 1 4 4 5 3 1 5
2 10 10 1 3 4 7 9 9 6
4 9 5 7 7 8 6 1 1 5
1 3 6 7 2 1 2 3 5 10
2 4 3 10 4 1 2 10 8 6
6 3 7 1 6 10 2 5 3 4
3 3 1 3 5 2 1 8 5 8
6 10 3 4 8 8 3 6 9 3
10 1 2 10 8 6 4 7 7 10
2 5 1 8 5 9 8 8 9 10
3 3 7 1 9 3 4 8 3 10
3 8 5 4 8 1 5 7 1 9
5 7 1 1 6 2 6 7 2 3
9 5 4 9 9 6 5 7 4 10
6 3 10 7 5 5 7 4 2 8
8 5 4 7 1 6 5 6 4 10
5 8 10 5 8 2 6 4 4 2
2 4 10 9 4 4 10 3 7 5
4 5 10 7 3 7 1 9 2 6
6 10 3 3 10 9 4 7 7 5
7 4 5 4 5 2 5 4 10 3
8 2 2 4 1 8 9 7 2 3
7 5 6 2 3 10 9 8 9 7
2 9 2 3 4 3 8 5 5 3
4 8 7 1 4 3 2 9 1 2
8 3 7 6 3 10 3 4 6 10
4 7 10 8 4 7 3 4 10 8
2 1 8 1 4 3 1 4 5 1
3 5 3 8 4 7 5 9 1 9
7 1 10 10 2 6 6 3 4 2
7 9 3 7 8 9 10 5 3 10
10 7 6 2 7 5 2 10 9 2
8 7 8 4 10 9 9 3 8 9
5 10 7 4 6 7 2 9 1 10
9 4 4 4 2 6 4 6 6 8
5 4 10 1 5 5 6 5 6 7
5 2 9 7 6 10 7 2 4 3
2 6 2 10 7 4 5 2 3 5
5 7 8 9 5 7 6 9 4 5
3 9 3 10 2 4 7 3 5 4
1 5 8 7 5 9 1 2 8 5
3 9 8 1 1 3 6 8 4 8
10 7 10 4 3 2 3 6 1 10
10 2 4 6 7 5 1 5 4 4
7 4 3 9 5 8 9 3 2 3
7 10 8 1 8 3 9 1 10 10
6 1 4 2 1 6 7 3 7 4
1 2 2 7 10 1 4 7 4 9
6 3 3 2 9 10 5 9 2 6
2 8 7 7 8 7 8 7 10 9
10 9 6 10 4 9 9 5 1 3
4 4 8 7 2 4 7 8 8 10
6 7 8 8 1 5 3 8 7 10
1 7 2 8 3 2 5 3 10 1
3 10 8 10 10 5 4 5 4 1
5 5 6 4 4 6 1 8 6 3
9 9 8 8 5 2 3 8 6 9
7 3 7 5 7 10 2 3 10 4
7 2 6 4 1 4 9 3 7 10
2 10 7 8 7 10 6 2 9 8
6 3 1 1 9 2 8 10 1 4
5 5 10 3 5 4 10 9 2 6
6 7 3 8 9 2 7 6 2 7
2 2 6 6 9 5 10 9 3 6
7 9 6 4 7 2 4 1 2 7
9 7 3 8 9 3 9 10 7 1
3 6 4 4 9 6 5 6 2 4
9 10 10 2 7 8 10 2 10 2
6 3 4 10 2 6 7 3 8 9
9 10 1 6 8 8 3 8 8 2
NoWait times: 3
1 4 6
