n 100
m 10
cap 50
Processing
71 14 11 17 42 19 8 77 97 67
97 66 43 69 89 59 60 31 51 50
12 75 34 43 15 16 21 94 47 35
80 1 56 13 77 81 90 28 91 72
93 97 53 4 54 28 95 15 53 32
59 45 43 95 1 29 81 25 54 58
75 88 12 12 29 65 49 93 74 48
38 24 50 49 14 43 3 10 10 34
32 91 16 61 3 34 92 31 24 31
79 19 40 41 51 50 63 89 1 30
90 89 61 96 6 2 79 28 47 78
21 29 44 85 66 10 5 76 27 38
52 29 48 90 89 22 8 36 30 64
16 64 50 31 13 63 56 38 38 73
80 17 11 56 4 39 15 59 6 95
81 19 1 49 88 49 92 63 15 17
10 80 88 69 98 39 37 92 92 39
46 10 54 35 76 4 44 76 36 17
63 71 72 52 15 70 95 82 61 65
5 99 57 84 40 44 95 38 69 41
87 48 17 49 52 67 72 36 18 43
24 91 64 44 53 84 51 22 54 10
59 94 9 12 40 33 59 29 30 20
56 9 55 4 14 93 19 27 46 54
97 77 68 39 79 77 67 28 98 55
9 31 72 3 22 94 2 48 27 32
98 28 25 89 81 83 90 47 98 7
10 24 91 43 45 56 16 35 14 70
35 73 22 18 17 97 20 34 74 86
76 94 33 36 64 66 54 90 14 81
61 55 71 83 46 11 4 45 55 66
39 58 9 73 15 96 24 5 79 14
14 45 38 28 31 69 70 51 77 60
13 2 27 14 51 52 25 2 18 91
6 48 44 78 1 68 10 81 32 65
70 68 79 30 100 9 25 67 81 81
2 74 54 100 6 44 45 2 29 44
6 24 38 25 21 85 71 78 25 31
14 39 84 49 47 56 75 54 42 88
40 56 73 11 12 29 58 65 38 72
58 5 27 44 50 10 52 86 8 9
14 24 96 95 33 20 98 95 25 85
57 98 58 69 76 39 68 14 32 63
51 4 2 45 73 79 35 13 45 63
90 34 54 23 51 85 78 59 28 47
13 40 87 78 43 84 100 5 97 7
8 61 40 87 16 97 11 39 42 75
30 49 70 62 17 93 48 85 61 19
46 27 67 53 80 6 21 90 15 67
83 31 5 66 66 17 53 48 63 3
32 87 44 47 70 24 30 60 92 99
92 55 63 69 75 51 35 26 66 36
20 87 24 25 22 79 57 76 55 68
30 45 63 83 63 91 93 87 34 89
59 33 21 80 56 30 83 91 19 57
18 50 49 19 24 61 37 69 28 9
46 91 38 67 43 34 26 61 50 49
50 70 68 67 16 75 37 56 15 81
45 79 58 46 71 23 39 95 71 52
9 74 75 91 34 16 41 30 79 43
70 60 35 9 24 60 94 18 80 28
32 24 32 62 61 20 14 17 36 54
84 94 55 70 71 6 1 45 65 14
100 59 81 11 52 11 30 58 74 33
60 27 49 34 46 54 23 73 14 23
1 41 9 23 51 67 99 25 12 8
36 80 47 49 69 69 75 11 15 87
63 67 87 28 81 4 96 11 81 87
59 24 44 9 44 2 45 21 36 83
89 23 75 20 50 33 94 77 92 97
20 87 51 58 79 12 78 4 17 38
84 55 21 7 18 74 23 16 70 55
44 48 27 78 78 62 29 35 83 4
72 56 19 75 8 49 29 57 92 77
77 56 52 92 53 13 78 87 54 61
42 38 5 80 31 85 83 53 11 19
99 43 8 100 45 31 73 71 71 85
21 37 60 7 30 72 64 20 97 72
83 47 53 84 59 90 31 88 58 15
30 1 40 92 35 25 7 26 85 80
100 26 71 88 16 25 51 19 82 87
88 35 74 13 79 15 28 44 22 94
90 48 33 96 95 44 43 10 5 16
97 95 68 62 32 33 61 54 17 71
32 65 75 67 54 5 58 25 70 49
56 71 53 95 58 87 58 92 21 32
5 74 67 53 39 72 60 20 76 100
74 14 88 21 17 2 93 24 24 78
59 67 90 31 41 71 89 99 75 30
30 31 89 44 94 6 71 93 61 8
3 27 15 78 56 91 30 22 87 74
14 25 26 64 22 6 87 5 45 7
16 73 63 22 19 56 99 20 47 94
82 57 46 60 3 42 40 29 75 79
24 64 19 11 38 32 87 48 66 5
26 2 4 49 91 70 10 68 24 39
69 67 9 13 83 82 80 68 50 71
100 86 89 36 65 71 40 13 15 39
42 80 10 67 93 8 44 36 59 62
2 99 90 94 51 8 80 38 76 29
Size
8 6 8 9 5 10 7 1 5 6
4 4 2 4 6 4 4 1 10 1
1 2 3 9 6 4 4 8 6 10
1 9 10 10 4 1 7 3 2 2
5 6 2 8 7 2 9 7 8 9
3 3 5 6 8 1 3 3 2 3
4 4 6 7 6 9 4 2 7 4
7 1 3 1 3 3 4 8 6 3
2 7 9 5 4 6 2 7 7 6
7 10 5 1 10 2 8 8 9 10
6 6 4 8 3 5 7 8 8 3
6 9 3 3 6 3 10 9 1 9
3 6 5 2 9 7 5 8 2 9
1 9 2 2 8 2 9 7 6 2
3 6 9 5 7 9 8 10 3 8
6 1 1 2 1 5 4 5 1 6
8 4 8 6 10 1 4 8 9 2
4 1 10 5 10 10 2 3 8 2
9 7 9 8 6 6 10 5 10 10
1 5 2 7 6 3 10 5 10 5
2 5 10 4 4 1 6 3 9 4
10 7 5 1 4 5 7 3 5 1
1 6 2 4 1 10 3 1 7 10
3 2 9 5 10 1 1 5 8 6
10 5 6 4 4 9 10 8 5 8
1 1 8 1 7 6 5 8 8 10
4 6 9 7 7 2 8 8 8 7
3 2 9 5 3 9 10 3 10 4
10 5 7 10 7 9 2 6 4 6
7 5 6 8 7 1 1 6 10 9
10 3 9 3 6 3 1 10 9 8
5 8 9 6 3 9 9 10 1 4
10 3 9 8 2 6 10 7 7 6
10 7 3 2 1 8 3 3 5 5
4 5 5 5 4 5 10 5 3 9
3 2 9 9 1 4 7 3 4 10
5 10 9 6 8 6 4 9 4 5
6 8 8 5 7 7 9 9 1 6
8 5 7 9 2 6 8 10 5 6
7 6 6 8 4 7 4 5 10 8
9 7 6 10 6 4 6 8 2 9
8 1 6 9 5 3 2 2 10 8
2 7 1 1 1 5 2 1 8 1
4 8 2 1 6 8 10 1 9 1
4 1 2 10 4 5 9 9 7 10
3 10 6 5 8 5 10 4 7 4
10 4 3 5 1 5 7 9 7 9
2 4 6 10 2 6 9 5 8 7
4 6 10 4 7 5 2 8 2 10
9 8 5 1 6 4 6 7 1 3
3 7 2 9 2 8 6 9 10 4
8 8 3 3 8 6 4 7 3 4
10 4 8 3 5 4 1 1 9 5
4 5 10 2 7 3 1 10 2 10
7 3 4 3 8 7 9 2 9 2
8 5 3 3 1 2 4 10 4 5
4 5 7 2 9 7 9 1 10 10
3 10 1 9 9 6 7 4 4 6
9 1 4 6 9 7 9 8 6 1
3 1 10 10 10 1 3 4 10 4
7 8 8 1 4 10 10 7 3 10
8 10 7 9 6 3 8 5 1 8
9 9 1 7 9 4 3 6 1 9
9 5 2 9 6 4 5 10 4 7
7 8 2 7 6 2 7 3 1 6
6 9 4 5 6 10 4 5 3 3
5 9 5 3 8 5 5 1 6 4
4 7 3 9 3 4 7 9 8 4
7 7 9 3 9 2 10 4 5 5
4 4 8 9 4 7 9 5 7 7
8 10 1 3 7 8 1 10 4 5
8 1 1 8 5 8 9 7 4 7
10 4 10 6 4 4 1 7 2 3
9 9 6 10 8 7 6 3 5 3
10 6 5 3 3 3 9 3 7 4
6 4 10 8 10 9 3 5 4 10
4 2 6 9 10 8 4 5 5 2
4 10 10 8 2 3 6 5 4 8
3 5 5 8 2 10 9 6 10 9
5 4 1 7 7 5 6 5 9 7
3 7 6 10 8 6 1 4 6 6
8 9 1 8 4 2 8 6 4 6
3 2 4 3 1 8 1 3 4 4
6 1 7 9 7 3 7 2 1 3
5 2 2 4 5 6 1 9 10 10
1 4 6 9 1 2 7 9 2 9
10 2 10 10 3 1 2 7 1 2
3 3 3 1 4 1 3 4 1 10
9 8 8 10 3 10 3 5 1 2
1 3 3 3 10 8 3 6 1 10
2 2 2 6 2 1 7 8 9 4
6 8 4 9 10 10 3 4 8 3
2 10 5 6 6 10 8 4 8 4
9 9 10 4 1 8 1 8 10 3
4 9 9 10 6 10 9 3 5 9
7 5 4 1 9 7 7 1 10 10
5 6 1 8 2 10 7 8 3 8
7 9 10 8 4 7 2 10 3 5
8 2 10 9 10 2 4 9 5 1
6 10 4 4 9 1 3 1 3 9
NoWait times: 3
2 3 5
