n 100
m 10
cap 50
Processing
100 85 68 53 5 47 37 100 43 21
89 19 14 1 13 92 23 8 72 89
73 8 79 41 46 5 91 93 45 69
28 36 18 41 35 3 17 88 3 18
51 27 87 99 72 84 97 65 89 28
5 94 96 65 61 67 67 80 62 40
34 9 29 58 20 55 6 17 48 98
23 23 31 56 60 42 66 50 92 27
95 68 51 2 83 20 46 99 5 100
33 40 51 46 88 42 78 55 16 82
11 29 99 47 38 11 52 54 35 91
66 16 31 55 72 40 36 23 53 25
32 47 72 92 10 94 71 28 81 65
10 30 3 15 75 93 28 95 17 65
67 44 5 89 90 9 83 27 42 59
16 25 24 62 10 19 51 78 24 18
17 18 5 15 6 43 90 19 4 49
64 2 38 80 38 40 68 30 19 9
75 36 60 57 53 8 87 96 100 5
7 53 12 51 75 79 42 90 5 58
23 65 85 76 85 25 66 72 48 21
97 8 94 95 71 32 40 12 44 28
73 48 22 56 92 65 84 18 13 15
10 54 76 88 59 11 2 59 49 52
98 86 90 36 9 21 82 71 32 71
53 65 24 90 62 12 65 64 98 48
75 49 48 99 89 5 97 61 68 21
55 85 16 93 58 63 41 90 42 85
61 71 32 21 71 59 57 85 10 90
31 89 54 18 71 32 45 35 85 20
63 93 21 85 67 62 51 88 5 17
8 73 92 92 13 92 2 16 62 42
58 14 34 15 35 57 8 74 80 100
7 65 32 95 2 27 16 20 12 95
5 45 9 17 70 30 52 94 63 23
18 9 87 1 89 82 14 18 81 60
100 61 69 96 18 78 3 36 77 92
57 25 27 42 48 98 64 26 2 72
53 65 47 42 60 8 56 45 1 23
47 55 88 52 98 47 8 47 46 58
81 53 45 50 29 93 52 42 5 71
64 14 79 73 77 40 46 19 30 6
45 14 58 74 12 69 97 29 69 51
97 64 73 3 85 7 26 53 35 15
17 26 45 66 59 39 8 34 5 59
98 50 40 47 61 41 94 8 37 60
19 70 98 82 3 13 77 38 77 35
64 31 23 91 53 81 52 63 63 96
73 70 62 25 39 19 54 96 86 72
85 95 86 59 67 75 86 70 97 24
76 38 37 73 49 2 48 29 91 20
10 48 10 87 92 45 13 24 11 68
42 61 85 8 89 34 42 36 68 35
14 13 68 64 57 32 9 36 14 56
30 53 50 92 95 33 4 5 5 31
63 39 63 32 57 59 41 32 44 2
14 71 40 28 70 29 62 72 61 26
55 63 70 6 97 10 29 41 93 30
100 99 76 75 52 98 40 22 41 30
28 63 94 93 75 34 75 66 10 91
64 9 37 100 32 62 64 18 95 60
54 82 90 72 35 96 36 10 92 84
54 73 95 48 83 90 43 88 89 90
31 87 87 31 72 27 98 84 95 67
83 3 73 65 35 84 11 52 4 77
87 46 72 16 51 37 14 35 7 3
1 86 12 85 21 52 40 4 62 55
27 95 56 18 21 96 26 14 82 83
48 56 58 99 80 26 76 15 67 17
59 87 70 33 37 20 24 24 78 34
22 9 71 94 99 42 36 27 18 57
93 82 21 53 18 16 57 20 33 49
27 45 51 71 67 63 100 91 35 94
79 59 4 80 11 28 22 73 4 76
49 12 57 84 63 68 43 61 42 4
76 30 87 95 29 89 1 74 41 85
3 22 94 90 91 50 89 9 16 74
29 17 90 98 30 27 92 4 33 59
22 29 83 89 10 53 97 16 26 42
98 46 77 6 37 81 11 22 61 11
77 4 63 3 71 27 91 59 83 88
53 35 27 30 54 1 23 41 77 87
60 2 8 46 1 64 96 13 97 41
26 9 9 49 32 82 88 48 25 32
12 19 9 82 61 33 52 39 14 11
98 44 59 93 9 89 85 43 39 75
96 39 24 73 67 79 94 41 18 29
57 52 29 18 50 98 17 79 96 24
54 17 25 91 14 93 63 18 5 12
44 57 23 51 37 24 50 60 83 51
42 29 93 48 10 93 17 7 28 42
40 75 32 3 13 96 27 33 38 73
36 59 26 23 8 8 16 56 47 46
46 11 73 66 36 52 78 21 55 55
90 74 63 43 40 57 45 86 4 67
46 7 95 33 64 2 85 91 78 20
6 18 35 67 92 12 58 92 56 9
98 94 17 65 8 32 25 21 27 37
36 39 74 41 16 74 47 25 33 76
29 91 60 93 51 36 47 15 54 76
Size
2 7 2 9 6 9 8 9 2 5
4 3 7 4 10 7 5 1 2 3
2 4 7 5 2 4 8 7 5 6
6 5 5 8 9 6 8 10 6 3
6 1 6 1 5 1 5 9 2 6
1 10 5 2 3 8 4 10 5 9
6 5 10 8 2 5 3 8 5 2
3 9 6 5 10 4 5 5 8 6
9 1 3 7 8 7 6 6 5 10
10 8 4 7 4 4 5 6 2 7
6 5 8 4 2 5 10 10 10 2
8 2 10 8 10 2 10 2 1 10
7 4 9 9 2 4 2 3 9 9
10 6 4 6 6 3 9 6 9 5
2 8 10 1 2 7 10 5 7 7
9 3 4 8 3 3 7 10 7 4
3 9 5 9 8 7 10 1 3 9
8 2 6 1 5 9 1 10 7 1
7 7 6 7 4 4 10 1 4 6
2 8 5 5 10 8 5 7 9 1
7 6 1 6 3 8 3 9 8 1
5 3 5 7 4 4 4 5 10 7
7 1 3 2 9 4 8 3 1 1
9 10 4 9 1 3 8 2 6 7
3 3 8 5 7 1 3 7 10 5
2 5 9 2 7 9 3 8 3 2
2 1 5 9 3 2 3 3 6 2
2 7 9 7 3 6 8 10 9 8
6 1 5 6 8 9 5 3 6 7
10 8 5 2 2 6 8 3 3 10
8 6 7 10 8 2 2 2 6 6
6 10 9 1 8 1 1 9 7 9
6 10 9 10 2 4 4 7 1 4
6 3 10 8 9 2 1 3 4 10
3 7 10 3 3 8 2 6 7 7
9 2 3 3 9 8 8 1 4 1
2 4 9 3 1 2 3 4 9 4
5 6 5 8 4 3 7 6 9 3
7 9 1 6 10 3 3 5 7 8
4 6 8 8 7 2 10 4 9 10
8 1 5 4 4 8 8 10 2 10
5 1 1 7 2 4 8 8 9 4
10 1 4 5 4 1 5 1 3 2
5 7 2 8 10 2 7 3 4 10
5 8 5 7 7 5 2 10 3 4
4 6 4 5 5 7 6 1 2 7
4 7 5 7 2 9 2 5 9 6
7 9 6 8 8 7 6 2 9 5
6 5 6 7 10 8 1 4 9 8
4 8 4 8 2 6 7 6 5 8
1 5 6 7 4 8 1 5 7 9
8 10 10 2 8 6 6 8 10 2
6 1 7 10 9 4 8 8 9 4
4 5 9 10 10 2 3 8 7 3
6 2 7 8 9 3 5 3 7 9
5 6 2 1 3 7 10 2 3 3
3 7 4 9 2 10 9 10 2 2
3 8 6 6 1 10 4 2 6 5
5 6 4 6 2 1 5 5 10 7
9 6 9 6 6 8 4 7 6 1
6 4 10 6 1 4 7 4 10 7
8 10 2 3 10 9 7 2 9 8
2 7 7 9 6 10 1 9 10 10
2 7 8 1 4 1 3 5 4 6
3 5 2 6 4 5 7 6 9 6
4 2 4 7 3 7 9 6 1 8
7 3 2 6 10 6 7 8 10 10
4 6 4 6 8 9 1 9 5 3
9 2 5 4 9 2 9 4 6 3
2 9 6 7 1 9 6 3 3 3
10 4 2 6 9 5 9 2 7 5
4 7 9 6 4 2 4 4 10 5
2 8 8 3 3 4 8 4 3 5
7 5 5 4 1 6 5 10 4 4
9 1 7 3 9 7 3 10 5 10
10 2 6 1 6 9 8 4 8 5
10 3 3 10 9 5 9 9 6 2
4 2 5 6 5 7 9 4 10 6
5 5 9 1 4 4 5 2 3 9
8 8 4 3 5 3 2 4 8 3
1 6 4 5 1 5 10 7 9 6
8 4 2 10 6 7 10 2 7 7
8 4 1 8 7 1 7 4 8 5
10 10 10 9 4 5 8 8 5 7
1 2 1 1 2 7 1 10 7 8
10 10 8 4 10 3 1 9 5 2
7 1 3 1 1 3 7 3 2 1
9 4 7 5 6 3 1 2 3 1
7 5 9 8 1 1 3 1 5 5
1 7 9 5 7 9 8 7 6 8
5 6 1 1 5 2 10 7 5 1
6 10 5 7 7 3 9 5 5 6
7 4 9 5 3 8 3 7 2 6
2 8 4 3 6 4 7 8 2 1
2 7 5 10 1 4 1 8 1 9
3 3 3 4 2 1 8 9 2 2
1 4 4 7 6 3 4 7 6 9
9 5 8 8 10 2 9 1 4 7
1 8 8 7 7 1 5 10 3 7
4 3 5 10 9 4 3 10 7 2
NoWait times: 3
0 3 8
