n 20
m 5
cap 10
Processing
41 24 59 81 70
21 5 85 57 67
52 72 16 50 44
81 28 56 97 54
11 66 98 38 38
60 87 66 14 52
1 34 77 86 14
76 19 31 12 17
37 99 60 44 96
14 11 60 68 43
21 73 67 74 58
76 88 90 94 49
59 70 20 82 92
67 45 96 80 66
75 87 73 94 62
20 85 20 100 2
25 16 53 11 32
60 92 79 19 27
25 33 21 69 71
33 72 62 63 47
Size
3 5 1 6 6
2 2 9 7 10
4 1 1 6 1
2 1 1 5 3
2 4 4 9 6
5 7 4 6 4
5 10 9 4 5
3 2 5 2 9
4 8 3 4 5
9 8 9 2 2
9 9 10 3 2
8 3 8 1 4
8 6 7 9 4
5 10 1 7 1
10 3 5 1 6
10 5 4 4 9
1 1 5 3 2
5 3 10 3 2
10 9 5 10 6
1 10 9 10 3
NoWait times: 2
1 2
