n 100
m 10
cap 50
Processing
10 78 95 72 7 94 70 73 59 24
45 27 33 67 60 46 34 91 29 8
68 69 14 38 57 84 75 88 54 39
28 78 33 81 81 84 12 67 34 32
71 16 12 41 92 1 96 66 65 78
97 76 53 60 24 28 52 8 9 6
34 47 27 79 45 47 13 20 60 13
76 8 84 10 40 88 85 27 60 12
59 99 88 3 73 14 6 23 92 19
40 6 48 88 94 93 36 83 59 10
24 63 73 29 22 88 28 16 56 80
63 48 13 51 62 89 84 85 13 47
47 27 9 11 40 95 1 51 77 19
18 93 61 41 53 22 27 50 33 12
88 12 77 1 52 4 12 81 97 82
71 16 36 100 35 20 57 17 13 70
69 70 80 54 99 81 33 8 54 53
49 84 36 87 67 57 41 12 94 40
36 58 15 53 58 53 61 91 30 28
60 39 50 78 59 54 74 67 32 70
81 88 60 16 93 90 87 37 38 8
7 74 89 46 81 43 27 5 76 14
34 19 3 71 22 27 60 23 87 61
22 90 98 36 5 63 61 33 39 53
20 24 8 46 41 12 53 2 63 80
100 28 100 64 23 69 67 69 23 77
66 37 86 98 20 24 49 74 7 73
49 59 89 34 39 90 30 81 3 82
21 92 16 58 92 97 82 84 91 74
63 30 12 45 98 68 7 3 2 88
98 80 98 95 42 23 12 49 64 72
58 54 68 9 1 8 87 3 44 61
4 32 52 73 30 84 48 17 13 93
33 65 58 84 99 40 14 61 8 60
40 63 59 91 31 2 56 2 42 11
58 35 48 56 2 59 39 7 39 27
60 22 3 50 6 45 14 97 8 98
33 54 62 90 41 48 69 33 56 84
24 1 12 58 91 1 71 61 5 10
12 89 74 57 92 56 64 31 57 42
41 57 77 77 63 62 30 42 54 12
93 57 82 21 97 25 8 23 46 15
94 98 75 64 39 94 55 63 69 64
27 39 93 49 15 39 96 97 44 64
31 27 23 35 36 23 32 70 65 52
46 98 98 13 56 46 41 35 34 5
94 52 39 49 37 41 5 85 62 70
66 81 66 40 18 89 94 22 40 15
46 2 48 29 36 81 75 22 41 95
55 50 25 81 5 48 93 90 67 91
97 30 61 44 94 2 10 51 71 11
100 76 12 1 16 70 60 29 42 35
69 86 69 93 45 2 34 28 3 60
5 80 100 10 76 63 2 71 52 22
20 16 13 32 5 77 55 18 7 63
83 92 64 22 62 87 46 26 35 26
48 98 95 72 21 8 52 60 79 23
100 27 38 37 16 21 28 37 61 7
22 90 55 30 26 59 23 52 21 59
83 92 30 98 80 36 90 57 51 77
82 71 20 37 61 4 40 51 33 79
80 12 61 30 34 62 93 50 11 1
61 70 84 65 14 54 49 91 100 79
82 82 99 100 68 6 87 67 62 94
49 45 85 2 10 40 54 14 98 8
88 47 27 99 68 20 44 6 60 31
70 51 60 83 69 17 91 59 33 59
23 98 34 41 25 35 63 72 98 70
65 1 59 10 50 6 18 88 5 68
75 66 71 67 4 95 55 2 81 35
76 9 76 21 9 15 32 59 17 57
13 58 70 83 33 47 4 44 36 25
59 97 66 96 45 86 64 53 19 8
50 10 91 7 45 84 79 70 72 79
69 96 67 37 96 86 85 63 36 82
26 20 61 83 14 36 1 18 98 31
75 68 69 91 35 59 22 55 8 86
88 3 91 51 24 32 49 46 40 55
54 70 60 33 1 16 7 93 17 81
54 36 83 43 36 55 24 23 94 99
33 85 18 80 85 82 27 92 18 63
59 40 59 40 79 7 84 20 84 36
44 90 9 10 100 97 50 58 61 68
47 37 49 66 83 11 62 7 50 57
42 70 1 41 70 86 92 91 80 51
1 84 96 49 78 57 17 63 7 61
20 86 40 72 8 74 92 15 37 77
10 33 77 9 38 75 74 31 54 88
60 51 98 4 88 71 11 10 25 92
90 45 39 65 81 87 64 47 72 38
100 23 77 51 16 36 28 23 53 25
81 28 53 62 89 3 70 17 69 5
80 71 100 68 15 91 66 59 61 83
81 25 18 91 75 42 9 70 100 19
91 21 80 26 29 46 87 77 81 99
25 63 54 27 86 56 36 44 47 64
73 57 98 62 24 75 12 10 56 34
12 56 70 92 84 74 26 66 42 55
45 85 83 66 78 84 44 62 48 52
77 100 94 74 60 9 79 17 1 69
Size
1 5 1 5 2 5 7 1 3 8
1 7 2 7 3 10 7 1 2 1
6 2 3 7 2 4 6 5 10 1
5 8 10 4 3 2 3 4 1 3
10 4 9 10 3 5 1 5 8 6
2 9 7 6 4 4 10 8 5 4
5 4 6 2 10 5 1 5 9 10
10 8 10 2 2 4 5 5 7 2
8 6 10 6 8 1 10 9 1 10
4 6 4 7 2 9 10 3 6 2
8 6 9 5 5 5 7 3 7 3
3 4 7 6 8 3 8 1 10 9
5 7 1 10 4 2 2 2 8 7
8 9 3 7 7 10 1 3 7 1
9 7 1 3 9 7 3 5 10 4
1 10 4 2 8 9 9 9 8 10
4 9 1 1 5 3 6 4 7 4
8 2 10 4 1 10 1 8 7 4
6 3 5 7 4 7 6 5 5 9
8 8 9 9 3 1 3 6 9 4
8 6 4 4 9 5 2 6 8 3
5 1 4 7 5 9 8 5 1 9
1 2 5 4 7 8 5 3 8 4
5 8 8 5 8 6 7 8 1 6
7 7 1 6 1 7 9 9 8 1
10 1 3 2 1 6 3 5 4 10
9 9 3 2 8 2 6 9 7 5
1 8 10 1 10 9 10 2 9 10
1 4 3 5 1 1 7 3 9 2
2 2 3 3 6 1 6 2 6 4
5 7 7 4 3 10 10 6 9 6
3 9 1 9 2 7 7 4 8 8
4 9 7 6 9 1 2 7 4 2
4 2 9 4 5 3 2 5 2 8
6 4 1 3 7 6 2 4 8 7
10 2 1 3 7 1 1 4 1 7
3 1 6 5 8 3 5 4 4 2
4 8 4 2 10 3 9 3 2 2
8 7 5 1 3 5 3 6 9 3
7 8 4 5 5 7 9 5 6 2
8 5 7 7 6 4 2 4 5 1
5 7 6 2 6 6 10 2 5 10
8 6 6 8 6 3 9 9 10 3
6 5 8 10 4 10 9 8 6 7
4 9 4 4 4 9 4 5 1 10
2 2 4 8 9 5 5 8 1 3
1 2 1 9 8 10 4 4 3 8
7 4 9 2 6 10 6 10 3 2
9 8 6 1 10 9 4 9 8 7
1 8 1 7 10 5 5 9 8 6
7 6 9 8 5 3 2 3 7 4
9 7 4 3 6 3 1 1 8 4
4 7 9 8 4 7 1 7 10 4
4 1 2 8 1 1 7 3 8 3
6 9 7 5 7 8 5 6 2 8
3 4 3 7 3 1 4 9 6 7
2 8 9 10 6 10 3 8 1 3
8 1 7 5 8 9 10 3 4 9
9 4 6 7 8 3 5 10 1 8
10 3 6 6 2 7 5 10 4 1
2 7 5 1 2 10 4 6 10 10
10 9 5 3 9 5 8 8 5 3
4 7 7 6 3 2 7 7 2 6
2 3 2 8 7 2 5 3 7 5
6 2 6 10 9 5 10 4 8 2
8 9 7 2 6 6 9 9 7 7
7 1 9 3 7 10 2 7 9 9
5 1 2 5 7 2 6 8 6 7
3 3 8 3 4 4 3 8 9 2
3 5 10 6 4 8 4 5 2 9
8 3 4 3 5 4 9 2 8 10
2 9 2 9 9 10 1 2 1 5
4 4 9 2 4 7 2 3 7 9
5 4 2 5 6 8 10 7 3 5
5 6 2 10 2 8 2 10 10 2
9 9 2 8 10 9 8 6 10 3
8 8 8 2 2 4 1 4 6 5
1 6 10 1 1 10 9 1 2 5
1 5 10 6 7 4 2 2 7 5
4 10 5 10 10 5 7 7 5 6
7 2 2 2 6 3 5 1 3 1
3 1 4 5 10 3 4 2 10 9
10 9 10 6 5 10 7 6 3 9
6 10 7 6 9 1 4 5 2 6
9 9 5 1 4 5 4 2 3 3
9 6 6 3 10 3 1 6 10 6
7 10 6 10 2 10 6 6 6 9
2 2 5 8 2 1 4 1 6 3
2 6 9 10 7 2 1 3 10 8
6 9 10 1 4 8 1 8 3 6
3 2 2 8 4 6 5 6 7 9
3 4 4 6 6 1 9 5 1 4
1 2 9 9 10 7 4 8 8 1
4 1 5 5 9 4 6 3 9 8
1 8 5 3 9 10 3 5 6 8
8 2 6 2 1 7 6 6 8 3
10 10 2 4 10 7 4 10 2 10
7 9 8 8 9 9 4 3 9 10
1 3 10 7 3 6 3 9 2 4
6 4 5 6 9 4 4 4 2 3
NoWait times: 3
1 2 5
