n 20
m 5
cap 10
Processing
20 19 47 40 62
99 31 68 48 31
36 20 100 21 88
46 84 33 33 55
34 15 39 93 27
21 56 31 65 78
17 98 34 3 61
6 24 44 85 47
83 40 53 88 2
71 27 71 96 41
43 62 1 64 52
28 6 5 29 97
47 99 12 36 91
82 7 65 70 46
97 74 25 28 44
58 29 29 40 99
48 34 84 78 34
94 13 82 81 56
59 18 50 81 2
81 74 25 74 72
Size
8 5 1 8 10
4 7 1 4 6
10 6 10 1 1
7 7 2 5 1
5 10 8 1 3
9 8 5 7 10
3 8 2 10 9
7 7 6 3 5
2 2 7 9 7
10 5 4 3 7
2 6 1 9 3
8 6 3 1 8
7 5 10 1 3
6 2 2 9 8
6 10 3 1 7
2 10 9 9 7
8 4 6 6 10
3 3 10 7 1
9 7 6 5 5
1 4 5 9 9
NoWait times: 2
2 3
