n 20
m 5
cap 10
Processing
57 44 100 1 61
27 57 22 78 58
74 50 11 85 93
60 79 59 15 49
96 63 11 30 92
31 21 35 47 64
5 22 40 10 41
71 76 79 95 92
94 85 5 18 22
94 1 32 45 43
15 48 60 68 58
86 69 3 40 4
38 88 96 55 63
53 26 57 13 17
95 41 59 28 99
80 60 92 98 63
3 75 45 17 5
47 36 38 47 14
17 68 87 32 59
72 83 93 36 83
Size
6 1 9 10 7
2 5 2 10 10
6 7 4 1 7
7 6 10 6 8
10 8 10 3 1
1 7 10 2 7
1 4 4 2 7
1 5 3 9 1
4 9 4 1 4
9 9 1 3 10
3 2 3 7 7
1 8 6 7 7
4 10 9 1 1
9 2 1 9 3
10 2 8 7 6
6 4 7 5 6
6 4 6 6 3
10 6 4 1 4
5 2 2 7 6
5 2 4 4 2
NoWait times: 2
0 3
