n 20
m 5
cap 10
Processing
13 33 9 29 28
82 9 38 85 68
45 35 25 94 61
25 90 39 30 73
27 86 74 96 82
3 44 45 73 19
68 6 74 48 84
45 94 6 37 60
4 22 47 96 72
49 10 59 72 44
41 4 96 15 95
90 50 64 63 55
64 68 84 68 41
88 47 82 76 27
87 9 70 25 96
100 26 59 94 64
35 38 50 7 74
53 45 30 1 43
50 34 52 82 72
71 80 50 35 83
Size
9 9 9 5 1
6 9 5 4 4
10 5 1 7 6
7 9 6 6 7
2 4 6 8 10
7 7 8 7 8
3 6 3 1 8
2 7 2 9 7
8 5 9 1 6
9 7 10 10 8
7 8 4 8 7
3 8 8 4 10
8 10 7 4 3
7 10 3 9 5
1 10 8 9 1
10 6 4 5 9
6 6 7 6 10
9 5 6 3 5
8 7 5 7 7
3 7 9 3 5
NoWait times: 2
1 2
