n 20
m 5
cap 20
Processing
69 19 19 28 82
96 56 12 81 47
35 40 90 100 81
57 73 42 70 59
77 70 20 58 5
68 57 22 32 35
3 67 31 43 23
10 77 70 64 7
8 86 76 22 19
47 73 45 20 48
75 45 52 95 93
24 35 16 82 26
71 82 86 69 70
90 38 15 45 85
4 7 80 14 100
63 9 84 91 17
97 54 49 77 41
85 33 44 49 43
1 77 43 18 55
50 4 43 29 82
Size
3 6 6 3 4
7 9 2 8 2
1 10 1 2 2
8 6 4 7 4
4 8 1 7 9
5 8 3 3 3
6 2 7 4 5
5 2 6 8 9
5 10 10 9 6
4 4 2 10 4
3 3 8 3 2
10 4 10 4 7
7 2 6 9 7
5 10 9 8 1
7 1 3 4 2
10 3 10 8 3
9 7 8 3 4
4 7 2 6 4
4 5 2 1 5
8 4 3 9 7
NoWait times: 2
0 2
