n 20
m 5
cap 20
Processing
21 98 23 5 25
10 37 96 70 9
17 29 42 19 78
99 11 2 78 46
68 89 17 25 8
57 60 41 14 67
23 72 18 92 43
42 89 74 41 25
34 12 1 70 3
50 94 87 5 1
74 76 76 43 6
17 67 4 57 97
46 3 84 22 93
27 79 28 23 79
49 86 99 87 68
97 10 30 14 7
80 78 94 50 61
12 53 74 7 61
19 43 79 21 4
5 27 77 13 100
Size
10 8 1 4 8
10 8 6 3 6
3 8 9 3 6
4 7 7 5 7
1 5 4 4 1
6 9 2 5 8
3 1 10 10 5
10 9 10 10 10
10 6 6 1 7
9 1 8 10 4
2 5 3 10 8
2 6 4 2 3
6 1 9 1 9
1 6 1 8 1
6 2 3 5 6
7 10 5 5 3
9 3 9 10 9
3 8 7 4 6
8 1 6 3 5
8 5 4 9 5
NoWait times: 2
1 3
