n 20
m 5
cap 20
Processing
33 41 20 80 75
91 81 91 69 33
60 98 91 5 44
41 86 46 25 61
85 98 14 82 34
24 32 92 66 33
50 43 22 2 21
67 92 98 16 91
52 50 32 85 1
70 26 30 80 84
13 53 39 79 27
33 80 26 18 77
90 99 21 40 16
84 80 14 75 45
77 20 7 36 94
37 17 77 60 20
100 56 91 70 94
46 78 32 16 20
8 80 69 80 31
74 49 67 71 90
Size
5 3 3 5 3
6 4 4 9 2
8 4 1 6 7
4 1 7 7 1
5 9 1 10 5
9 5 3 3 1
3 5 9 4 5
10 5 6 1 9
5 6 2 4 7
7 7 10 4 5
1 1 4 1 5
7 3 6 9 5
6 4 6 8 9
5 4 8 8 3
6 8 4 10 5
7 5 8 7 4
2 8 2 8 5
1 10 6 5 2
8 3 9 5 7
1 2 7 8 7
NoWait times: 2
0 2
