n 20
m 5
cap 20
Processing
33 17 34 84 86
8 70 71 96 18
70 5 14 38 48
72 29 14 20 91
58 24 35 5 30
25 46 61 76 62
32 3 41 66 48
26 12 21 7 18
58 44 37 11 31
13 58 56 49 12
44 98 75 68 21
65 96 52 7 30
50 7 63 65 65
38 39 41 28 38
14 61 11 83 29
39 54 39 51 85
45 72 37 20 7
37 22 40 80 74
69 22 63 29 24
12 37 15 19 92
Size
8 3 4 3 10
1 5 6 8 4
10 6 10 4 6
2 8 5 9 3
5 1 2 1 10
5 4 8 5 7
4 9 4 1 3
7 1 6 10 4
1 5 1 9 5
7 1 6 5 2
10 1 1 7 8
8 7 1 6 3
7 6 1 6 2
2 2 10 1 7
3 9 9 4 4
2 4 7 4 9
6 9 5 6 1
6 5 1 4 2
5 2 3 9 7
1 1 4 4 5
NoWait times: 2
0 2
