n 20
m 5
cap 20
Processing
7 94 94 47 60
71 81 33 51 64
80 96 81 29 90
87 5 67 82 72
3 71 64 63 68
3 15 5 55 19
1 78 61 8 32
57 95 28 45 13
59 39 73 89 15
19 71 69 9 20
78 72 81 44 56
58 58 75 27 92
35 84 70 97 27
1 21 73 90 36
72 84 95 76 39
84 73 63 2 91
3 7 97 5 38
67 60 65 27 16
41 6 42 94 14
19 87 84 84 12
Size
2 5 6 8 4
2 7 1 2 3
8 3 6 6 4
5 7 6 4 5
7 4 5 1 3
8 3 10 7 10
2 8 2 5 6
3 8 3 8 9
9 2 10 1 2
6 5 1 4 10
6 5 2 5 8
8 3 7 10 10
6 4 1 8 4
1 3 9 9 3
6 8 3 3 3
1 4 7 3 1
9 1 9 10 4
4 3 9 3 3
7 6 9 5 3
1 1 4 5 6
NoWait times: 2
1 2
