n 20
m 5
cap 20
Processing
39 35 74 58 15
35 21 100 26 9
33 47 76 60 50
98 5 2 26 78
38 36 61 91 17
11 11 21 100 4
1 77 28 25 80
6 56 59 41 5
43 56 56 22 86
27 40 61 41 3
74 29 29 62 38
64 47 95 25 76
51 82 24 88 42
21 88 14 67 13
70 12 35 47 48
83 20 96 19 47
43 41 88 41 80
3 61 81 97 88
97 67 49 57 43
61 96 71 40 100
Size
7 6 2 2 1
6 7 4 9 2
9 9 10 5 9
1 2 3 2 9
7 3 6 7 5
8 10 10 3 9
8 8 9 10 9
6 5 7 8 6
8 4 9 8 5
10 7 8 10 9
10 4 5 7 10
5 5 6 4 8
4 2 4 3 6
3 7 7 1 2
10 6 6 7 9
9 8 6 2 3
6 10 6 1 6
3 10 1 1 5
1 4 8 1 8
9 2 8 2 8
NoWait times: 2
0 3
