n 20
m 5
cap 20
Processing
13 99 44 62 69
38 25 53 5 60
73 62 83 8 17
21 55 78 5 60
76 61 80 20 6
32 3 83 51 9
33 96 96 51 73
25 8 44 1 65
16 94 38 67 3
38 84 64 39 36
34 15 65 44 93
81 54 71 1 63
40 70 67 52 88
33 42 12 95 89
16 56 54 46 30
1 20 68 61 98
87 13 16 78 12
18 72 66 69 52
4 86 25 15 91
29 49 26 38 33
Size
7 7 7 3 1
10 7 10 10 9
1 9 2 5 4
7 1 6 6 5
3 7 3 8 9
2 2 1 3 2
4 10 4 1 4
10 2 2 4 8
7 6 6 2 2
5 3 7 7 3
9 4 4 10 6
6 3 2 9 9
6 9 8 5 2
5 9 8 1 7
4 10 10 5 10
6 5 6 9 7
3 7 5 4 3
6 1 1 2 4
4 6 6 1 10
10 5 1 3 1
NoWait times: 2
1 3
