n 20
m 5
cap 20
Processing
54 62 82 55 68
38 85 25 64 40
95 92 23 11 62
40 57 1 72 82
44 31 62 41 83
40 81 41 6 13
20 28 80 9 44
45 3 18 2 84
38 89 82 87 71
43 78 43 23 62
34 11 38 34 29
37 80 86 16 100
74 44 98 22 41
63 69 6 23 13
62 100 69 89 5
54 62 21 61 98
65 56 51 71 36
20 80 57 40 39
15 33 86 86 96
20 45 82 33 89
Size
2 9 2 6 4
8 8 2 10 3
4 5 4 1 3
9 8 7 9 6
4 4 5 7 1
4 4 4 4 2
8 1 8 6 1
2 1 9 9 4
7 7 4 10 1
5 6 1 1 9
2 7 2 3 1
6 6 8 10 10
1 1 9 7 1
7 5 9 2 7
5 10 1 9 4
7 8 9 2 6
3 5 4 6 3
6 4 3 9 10
4 3 7 4 8
3 1 1 4 2
NoWait times: 2
1 2
