n 20
m 5
cap 20
Processing
37 73 59 97 83
14 19 47 65 72
22 99 100 20 44
85 5 71 87 16
2 50 47 69 20
14 67 85 81 94
70 22 1 48 99
93 48 58 98 54
78 79 78 28 21
92 84 51 87 14
90 24 70 61 64
28 23 63 16 94
86 94 66 87 57
85 70 75 90 2
20 84 47 95 2
80 62 55 68 53
54 100 84 16 9
8 26 30 24 13
9 69 48 37 54
78 42 8 40 91
Size
1 9 4 9 3
2 1 6 6 5
4 3 10 7 8
8 9 1 3 6
2 3 9 4 7
3 9 1 3 1
7 7 6 10 3
6 1 5 7 10
2 1 3 2 1
9 6 7 9 6
6 7 8 3 3
2 3 8 9 10
9 2 7 1 10
10 5 5 1 9
10 1 9 9 1
5 2 1 8 6
2 8 10 9 5
2 8 8 1 8
1 7 7 5 3
5 10 4 5 2
NoWait times: 2
0 3
