n 20
m 5
cap 20
Processing
98 54 61 93 78
19 3 50 37 49
33 72 16 60 97
26 18 99 12 49
93 79 25 52 33
73 60 89 88 52
39 67 18 40 81
49 64 81 42 47
89 95 71 54 32
74 55 9 73 56
35 31 61 55 98
7 94 46 32 94
71 90 100 53 21
10 66 30 62 32
46 30 14 2 84
100 37 24 16 86
10 81 10 20 43
45 46 96 15 62
76 30 42 35 6
24 96 40 55 59
Size
3 2 6 5 10
9 4 3 5 6
3 10 10 3 3
9 1 2 7 4
8 2 10 4 8
4 6 4 4 1
2 4 7 9 7
6 8 1 9 1
5 1 6 4 7
8 3 2 6 5
8 10 3 8 2
3 6 1 9 1
3 1 4 3 9
2 8 8 7 2
1 8 8 6 3
5 1 1 6 2
2 10 5 3 10
1 8 9 6 6
2 4 1 3 9
5 8 7 4 5
NoWait times: 2
1 3
