n 20
m 5
cap 30
Processing
90 38 37 73 23
80 88 74 13 29
32 76 96 44 46
1 11 83 32 78
56 51 1 36 43
29 95 97 69 48
88 16 85 60 61
38 88 96 39 23
9 54 92 34 20
95 81 30 25 11
5 13 13 13 16
36 77 84 71 10
92 76 91 12 96
29 85 38 47 54
97 12 12 51 99
86 19 89 27 93
6 71 51 50 88
63 29 62 22 99
9 88 67 51 37
63 82 34 31 17
Size
8 6 2 9 5
4 8 8 7 6
5 7 4 10 3
9 2 4 5 5
3 7 8 7 2
4 1 5 8 5
7 1 3 8 2
3 10 2 4 2
6 9 9 5 2
5 3 1 6 10
4 9 9 1 5
7 1 1 10 8
6 6 10 4 4
5 6 1 8 5
10 9 3 2 9
10 4 6 8 3
8 5 1 6 1
2 5 3 9 10
5 6 7 1 1
3 10 7 4 9
NoWait times: 2
0 3
