n 20
m 5
cap 30
Processing
97 76 33 67 93
25 85 72 98 80
27 51 51 13 52
69 54 97 25 9
56 21 4 96 48
76 29 100 25 92
19 73 27 39 16
28 67 17 89 64
88 92 33 80 74
81 94 23 35 13
70 66 76 94 58
37 62 25 24 84
3 10 25 19 62
61 60 56 74 31
91 72 23 54 100
78 70 61 54 45
64 75 3 84 63
47 15 10 80 98
77 93 7 89 56
99 56 97 24 82
Size
5 7 4 9 3
6 9 4 4 7
8 9 9 1 2
2 10 9 3 2
3 6 4 10 1
7 6 10 3 10
3 10 9 2 8
3 10 8 2 5
7 8 1 10 10
2 6 1 4 7
1 9 2 3 3
6 2 4 6 4
1 9 5 7 9
6 9 5 10 10
5 4 9 4 8
10 2 3 10 3
4 7 8 7 8
8 8 7 2 5
7 2 8 4 8
3 9 2 8 2
NoWait times: 2
1 2
