n 20
m 5
cap 30
Processing
61 64 34 33 77
96 60 78 60 40
65 2 90 3 15
11 47 69 28 44
46 60 67 26 23
49 47 12 53 2
70 51 41 84 17
51 3 75 57 74
82 39 91 56 84
30 18 72 16 88
75 63 3 71 21
80 40 76 31 37
65 47 90 54 33
79 18 13 93 34
55 80 29 44 27
93 10 9 5 80
14 10 15 84 55
57 33 76 29 36
90 83 2 95 97
9 50 3 63 51
Size
6 6 7 3 9
2 3 8 4 8
7 5 4 6 4
9 10 1 3 6
4 2 3 3 1
5 9 3 6 8
2 1 6 2 9
3 10 8 8 8
2 8 4 1 5
3 10 2 10 2
4 2 5 3 10
10 5 2 1 7
5 6 1 2 9
7 5 1 3 10
8 2 3 4 10
1 3 3 5 2
6 8 3 4 4
1 10 5 5 4
4 7 4 1 6
4 9 7 5 5
NoWait times: 2
0 2
