n 20
m 5
cap 30
Processing
72 97 17 91 88
42 67 16 62 81
10 59 54 76 98
53 90 57 96 36
65 59 14 11 76
4 80 48 48 15
87 69 22 61 26
86 47 29 64 16
60 31 82 57 43
59 68 2 48 49
25 76 46 88 61
5 98 83 50 71
99 20 85 2 100
79 24 94 5 86
76 15 36 49 82
23 67 28 10 56
39 45 59 31 67
93 10 78 38 92
41 87 49 46 60
48 26 57 90 27
Size
9 3 2 10 4
8 4 7 1 10
10 8 2 6 7
4 4 3 8 9
8 8 10 4 3
4 6 6 6 3
5 8 6 10 7
10 4 5 3 9
7 5 1 1 7
7 6 4 2 6
4 9 10 5 1
10 9 3 1 3
2 1 1 4 10
8 1 10 2 1
1 8 7 5 2
4 5 9 1 7
7 3 2 6 5
6 7 7 5 8
1 7 8 9 7
7 4 8 10 7
NoWait times: 2
0 3
