n 20
m 5
cap 30
Processing
10 85 30 4 58
81 45 96 10 37
97 86 39 19 31
21 35 90 23 32
66 6 15 78 74
87 94 27 31 58
57 73 71 41 69
80 2 65 2 39
56 57 15 38 56
93 85 11 85 79
94 56 58 19 16
61 9 3 92 13
73 19 62 93 39
70 4 52 23 34
15 7 61 83 31
2 15 45 85 9
95 86 37 72 48
41 43 60 16 47
57 27 11 49 45
65 85 85 47 53
Size
1 10 10 6 1
8 10 5 9 1
5 2 1 8 3
7 9 5 3 4
6 4 4 4 10
3 8 7 3 3
8 8 9 4 8
5 1 4 9 8
9 6 3 5 9
4 4 1 4 3
2 4 1 7 10
2 5 9 7 6
4 10 3 2 8
7 5 3 2 8
6 2 9 8 9
4 7 4 10 3
2 7 8 1 2
2 10 6 3 7
9 2 1 3 6
6 10 8 10 8
NoWait times: 2
0 1
