n 20
m 5
cap 30
Processing
49 14 14 20 58
77 99 52 99 58
24 89 92 17 10
24 16 4 59 19
40 32 49 12 49
16 69 51 33 47
96 39 39 68 20
28 84 41 62 48
3 48 29 24 12
18 67 3 98 3
66 80 95 31 90
45 37 29 35 52
47 66 20 16 24
98 73 75 6 56
55 80 75 94 92
41 82 82 6 16
36 69 94 38 15
27 51 43 77 95
33 27 1 33 76
73 49 53 50 79
Size
10 2 6 4 4
9 6 9 8 1
6 5 8 9 4
10 1 9 6 3
4 3 6 9 4
4 7 8 6 1
9 3 1 10 7
4 9 5 2 4
4 8 10 10 2
8 9 1 2 5
2 10 3 6 5
3 8 6 5 2
10 2 9 6 7
1 8 5 2 5
6 10 4 9 7
8 2 1 4 7
1 4 7 6 6
8 9 10 4 5
8 9 8 6 3
3 2 7 8 9
NoWait times: 2
0 1
