n 20
m 5
cap 30
Processing
23 91 15 48 20
22 34 55 15 93
88 67 50 31 86
23 79 34 76 44
1 40 33 17 63
17 41 83 81 83
99 63 35 28 49
75 4 16 99 99
7 30 42 97 62
35 80 74 83 6
55 91 77 75 42
2 12 4 88 36
54 98 37 4 93
29 95 33 68 13
86 16 35 65 25
72 28 86 4 84
83 41 59 92 27
96 13 37 75 59
68 12 62 42 51
89 85 91 96 70
Size
2 10 5 8 6
4 2 1 2 3
3 2 9 4 6
4 6 3 6 4
8 10 7 1 4
5 4 3 8 2
1 10 4 2 5
5 7 9 10 7
8 4 6 1 3
6 9 7 7 6
4 9 3 9 1
4 4 10 3 10
8 6 2 6 5
9 5 4 2 6
3 2 5 5 3
2 10 3 5 4
1 7 9 4 6
1 2 4 5 1
7 8 1 6 5
1 1 1 4 7
NoWait times: 2
0 2
