n 20
m 5
cap 30
Processing
27 68 11 76 34
41 72 4 17 11
18 15 5 80 34
92 31 35 47 59
66 98 88 16 15
37 32 75 34 21
79 28 10 15 39
75 68 78 74 89
1 90 21 42 35
36 39 100 8 69
46 100 94 41 32
88 49 34 33 97
28 14 90 48 62
50 92 78 70 62
99 50 43 68 100
83 41 88 82 11
85 38 62 67 58
58 71 2 31 42
87 73 6 82 69
16 55 48 76 91
Size
9 4 9 1 2
3 6 1 1 5
8 2 4 6 10
8 9 2 2 7
10 1 3 5 8
1 3 4 8 2
2 8 2 2 8
7 1 4 5 9
1 3 4 6 7
5 3 2 6 4
9 9 9 5 8
2 2 1 10 6
1 4 7 10 4
4 9 9 5 6
8 4 4 2 3
4 9 9 6 7
4 6 10 8 5
8 8 2 1 1
1 2 7 5 10
10 3 10 9 1
NoWait times: 2
1 3
