n 20
m 5
cap 30
Processing
5 42 85 4 82
48 22 100 42 92
52 85 26 64 39
87 33 49 53 57
32 37 38 62 56
84 40 39 47 24
88 38 36 16 4
32 65 16 5 69
1 86 91 34 66
81 59 70 40 81
38 2 93 65 57
70 94 90 90 61
77 62 77 30 58
59 68 74 70 7
30 53 72 90 9
78 95 73 93 47
96 75 60 36 18
6 66 85 64 70
56 69 7 65 77
19 61 76 62 41
Size
5 9 3 10 2
9 8 7 4 4
7 2 1 10 7
1 6 9 10 7
8 10 5 8 9
5 10 9 9 6
3 3 1 10 9
1 7 5 3 7
8 4 9 4 7
3 10 7 7 3
8 8 1 8 2
7 4 6 7 7
7 7 3 2 8
6 10 10 9 6
10 3 9 10 9
5 7 6 2 8
3 2 8 4 8
3 8 10 1 3
2 7 7 9 6
8 6 7 9 6
NoWait times: 2
1 3
