n 20
m 5
cap 30
Processing
90 79 82 65 27
100 77 65 14 61
52 71 28 11 13
67 26 49 38 63
83 38 28 100 46
54 19 4 44 57
97 54 12 78 7
53 66 77 88 96
45 73 23 15 60
98 51 33 42 34
94 23 21 85 94
85 51 99 5 44
79 72 73 79 38
63 37 67 92 30
55 94 56 70 85
94 40 25 21 24
21 88 17 24 57
45 84 20 11 93
63 9 1 95 85
47 100 63 19 80
Size
3 5 4 8 1
8 9 4 2 3
8 5 1 10 10
4 7 6 8 10
6 9 2 2 10
5 5 10 2 4
1 1 4 2 1
8 9 2 4 6
8 9 2 8 2
9 1 10 2 9
9 7 10 6 9
1 1 8 5 10
3 4 1 8 5
5 8 8 9 4
7 4 3 9 6
6 1 1 2 4
7 5 3 5 9
3 4 5 5 2
9 3 2 9 10
7 2 8 5 4
NoWait times: 2
1 2
