n 20
m 5
cap 50
Processing
61 87 28 65 58
64 55 54 59 8
91 22 65 60 6
39 24 47 88 57
67 99 82 22 2
72 72 49 6 80
88 27 18 37 8
71 83 60 50 44
62 37 12 55 48
65 62 32 8 81
10 30 35 65 92
78 100 40 1 89
33 31 49 14 91
37 34 84 80 77
25 15 74 72 75
68 82 6 28 37
15 38 8 31 90
48 17 13 44 70
10 79 19 3 20
42 48 85 59 30
Size
1 8 9 2 8
1 3 3 5 7
5 10 8 4 1
6 1 2 4 9
8 2 8 3 7
8 5 5 7 4
1 1 10 9 5
9 3 2 3 1
1 10 7 2 1
5 9 8 4 5
5 6 1 3 10
8 8 8 6 3
3 1 1 1 6
7 8 3 5 3
3 1 9 7 7
2 8 10 8 8
3 7 6 10 7
8 6 7 6 8
6 7 10 6 7
10 2 9 10 2
NoWait times: 2
0 3
