n 20
m 5
cap 50
Processing
11 21 3 27 3
21 16 50 29 76
67 58 62 33 85
11 32 79 65 8
22 94 49 80 6
30 91 38 55 99
69 31 33 65 10
98 14 55 97 20
28 37 100 22 29
2 11 21 18 98
80 86 18 53 86
48 74 44 73 24
76 77 14 61 50
95 74 5 9 45
74 4 20 84 42
14 83 91 80 40
37 39 89 50 52
59 63 94 72 2
51 94 40 75 2
78 35 53 62 10
Size
8 7 8 3 3
9 5 10 8 4
10 4 6 10 5
8 9 6 6 9
6 6 6 7 9
1 7 4 3 9
6 1 4 9 10
7 6 3 1 10
2 5 8 6 3
5 4 3 5 2
5 10 3 9 2
3 9 5 3 7
7 10 2 8 9
8 2 7 4 3
9 1 1 1 6
6 4 8 5 6
8 5 8 5 8
7 5 2 10 2
4 2 4 8 4
9 6 6 10 1
NoWait times: 2
0 2
