n 20
m 5
cap 50
Processing
2 5 98 97 2
20 45 59 45 30
99 33 40 5 56
84 41 60 7 74
20 17 13 85 37
99 92 91 42 9
97 45 65 57 23
11 76 27 69 37
84 18 51 91 87
48 65 28 59 44
48 3 10 45 38
82 86 72 19 79
91 61 20 19 54
23 56 83 17 83
11 72 17 46 87
60 95 86 87 25
73 55 90 49 58
96 22 52 54 16
65 47 1 95 61
3 76 36 63 48
Size
7 1 1 2 10
7 10 6 3 2
5 8 8 3 2
10 7 9 1 3
10 3 3 3 5
8 2 4 9 7
8 6 6 6 6
2 7 8 9 10
3 4 4 6 3
3 2 7 7 10
3 7 5 1 9
10 5 1 8 6
2 5 1 4 4
1 1 10 8 10
7 3 1 2 8
4 4 1 9 5
10 4 6 6 7
4 8 6 1 4
7 1 9 1 7
7 3 7 2 5
NoWait times: 2
0 2
