n 20
m 5
cap 50
Processing
95 29 79 31 67
45 78 4 15 58
86 5 14 96 61
66 64 80 68 34
38 6 77 36 57
31 65 71 65 71
100 82 72 16 78
28 97 28 89 40
70 42 22 13 10
69 57 47 82 55
13 66 90 31 31
74 5 56 7 28
34 29 85 34 32
20 24 81 59 7
80 18 31 5 36
27 46 86 61 60
64 28 66 90 4
93 2 17 6 92
48 69 42 13 34
71 28 74 54 64
Size
4 4 1 2 7
8 8 10 9 2
3 7 5 1 1
8 1 4 9 2
8 5 1 9 1
6 6 1 1 6
3 10 8 4 5
1 10 2 8 3
9 5 5 6 9
1 5 5 8 7
7 5 8 9 6
8 1 5 4 2
6 7 1 8 5
4 6 2 9 5
4 8 7 9 2
4 9 6 8 5
8 1 3 2 5
10 3 1 9 2
2 8 10 10 3
7 3 7 6 7
NoWait times: 2
0 2
