n 20
m 5
cap 50
Processing
39 23 41 49 17
76 52 86 68 1
38 29 85 47 12
37 75 92 90 21
98 18 68 70 51
93 75 64 80 59
25 86 83 56 64
94 41 2 81 29
74 75 4 13 63
16 39 19 98 46
25 50 9 96 14
49 71 3 80 27
29 36 66 31 57
28 54 58 85 3
68 66 94 5 55
16 36 39 47 81
45 56 23 19 34
13 22 98 94 74
38 33 86 68 12
75 44 70 76 4
Size
10 5 2 3 3
3 7 3 4 6
6 4 5 8 5
2 3 8 6 4
1 10 9 6 9
2 8 3 8 8
1 4 4 4 6
9 3 8 1 6
7 4 1 9 5
4 5 7 6 9
1 3 9 3 3
10 6 9 9 2
8 6 1 6 6
10 6 8 1 4
2 6 7 1 6
5 10 7 2 7
1 1 9 7 5
9 8 1 8 7
1 2 5 2 1
10 7 8 4 4
NoWait times: 2
2 3
