n 20
m 5
cap 50
Processing
26 81 30 51 72
62 70 49 92 70
37 5 80 32 6
64 72 19 72 52
80 93 98 82 72
73 36 63 94 14
3 38 85 66 77
18 65 89 26 65
55 30 36 74 35
24 30 64 22 86
54 22 74 98 53
100 41 10 85 64
75 2 26 96 48
16 63 38 83 91
40 78 49 11 94
48 99 13 65 37
34 53 51 2 12
99 85 58 19 19
61 3 22 29 45
75 47 38 6 22
Size
8 10 1 1 8
8 10 7 7 8
3 5 10 3 7
2 10 1 7 2
10 6 3 4 5
4 3 10 8 1
2 9 5 8 7
2 9 2 2 4
10 5 9 9 2
5 3 8 4 4
7 6 9 9 3
8 6 4 7 8
6 9 1 4 3
10 2 6 8 3
8 10 3 10 2
3 4 7 9 6
7 7 1 10 5
6 8 4 7 1
10 6 4 9 6
1 1 10 6 2
NoWait times: 2
1 2
