n 20
m 5
cap 50
Processing
88 93 71 82 15
6 46 27 46 58
46 34 89 56 46
9 90 3 74 32
65 30 68 15 74
14 14 96 54 31
46 55 26 27 50
45 57 4 60 99
74 2 71 36 57
36 92 61 76 13
11 54 28 44 6
78 94 9 33 15
91 15 53 38 63
51 7 7 63 89
76 97 19 87 27
59 53 19 91 24
6 32 63 19 76
25 14 55 90 31
37 57 78 66 49
84 31 33 12 78
Size
7 2 9 7 10
5 8 7 4 9
5 4 9 10 8
4 10 10 4 3
6 2 5 6 6
1 8 1 7 4
10 2 5 9 3
4 8 3 7 8
9 2 7 4 9
7 8 3 2 10
5 9 10 10 7
4 8 3 3 4
3 9 8 10 4
1 10 9 5 1
6 2 5 4 8
6 5 5 9 7
1 4 5 3 7
3 5 9 9 9
5 1 3 5 4
3 5 8 2 7
NoWait times: 2
1 3
