n 20
m 5
cap 50
Processing
5 13 84 84 94
83 85 8 49 11
12 12 77 52 61
96 58 92 92 60
60 12 32 66 7
25 30 22 62 50
8 78 89 51 1
13 87 45 29 83
77 51 75 31 53
45 41 64 92 60
27 17 28 19 29
4 55 11 84 38
50 26 36 39 60
67 39 2 89 56
41 82 93 78 82
29 24 35 31 31
31 60 95 75 1
78 57 39 27 23
95 68 93 96 44
43 84 55 58 98
Size
7 6 8 9 6
8 2 1 4 9
2 1 5 7 2
2 1 7 10 2
6 3 3 7 7
4 6 2 3 8
9 3 8 10 1
9 9 8 10 10
3 10 8 4 7
4 6 2 8 4
1 9 9 6 4
7 6 8 4 9
10 2 8 5 10
10 3 2 2 2
4 5 3 6 4
6 3 6 1 3
9 4 8 7 8
10 3 8 1 1
3 5 3 2 10
10 7 8 5 4
NoWait times: 2
1 3
