n 20
m 5
cap 50
Processing
84 52 19 72 86
83 87 34 33 53
26 36 87 50 37
75 72 50 30 61
8 7 12 69 78
86 87 90 80 55
81 44 44 18 59
16 71 70 90 90
39 27 21 70 10
18 13 15 34 20
70 69 24 85 36
5 90 4 3 28
15 68 88 86 53
15 86 52 89 63
9 56 63 5 64
37 39 94 53 28
20 14 9 28 7
40 23 84 82 85
23 73 73 28 98
66 6 70 73 85
Size
4 6 7 1 4
8 1 3 9 9
10 4 6 7 10
4 7 6 4 5
4 3 3 1 6
7 2 8 5 10
9 6 3 5 9
4 3 7 3 2
4 1 2 2 4
4 2 6 3 7
7 7 4 1 3
5 7 4 8 3
10 7 2 5 6
9 6 8 7 3
1 10 8 7 2
10 4 5 9 8
9 5 9 8 2
2 3 8 4 4
6 5 6 1 5
6 2 7 9 1
NoWait times: 2
0 3
