n 20
m 5
cap 50
Processing
51 26 49 95 98
29 5 44 90 98
54 96 48 75 4
86 88 53 28 68
67 74 44 6 80
96 23 36 73 47
3 97 30 9 28
92 8 76 23 16
46 28 85 64 77
42 29 83 13 59
70 69 51 10 40
73 66 62 53 68
43 12 18 74 82
37 68 48 92 47
42 10 23 94 25
80 47 47 75 100
87 90 93 18 98
56 35 57 14 46
50 30 86 1 21
68 81 84 47 67
Size
5 4 4 1 3
1 2 4 7 2
10 10 6 10 1
8 9 10 5 9
4 6 2 2 10
5 6 6 2 6
7 9 8 5 9
1 3 3 8 4
5 5 9 6 3
6 10 4 1 4
2 1 8 2 6
5 10 8 6 9
3 8 1 6 10
5 5 1 6 3
1 4 8 2 8
10 10 3 1 5
5 7 7 7 6
1 8 8 7 2
2 9 4 3 4
5 8 2 10 6
NoWait times: 2
0 2
