n 20
m 10
cap 10
Processing
99 96 29 58 89 1 16 26 97 68
33 13 89 68 81 84 100 41 6 16
77 97 35 9 74 11 13 19 10 71
78 73 58 43 50 44 25 5 77 56
2 31 68 66 37 1 45 38 10 9
50 18 27 61 95 22 82 14 35 13
21 83 19 97 57 80 80 45 37 22
7 100 79 3 68 82 26 45 1 54
89 96 3 62 88 89 13 41 56 7
87 58 39 43 2 77 5 97 94 61
34 38 99 6 21 3 6 71 10 98
20 65 43 88 4 47 2 78 83 42
23 20 31 83 8 50 12 43 33 76
80 44 70 99 80 18 56 100 92 3
82 8 78 78 39 5 50 71 2 63
91 62 31 61 43 45 95 11 29 98
59 100 1 75 34 84 66 17 66 59
5 82 76 96 31 14 60 13 72 94
35 49 28 39 46 51 76 89 46 23
68 41 28 3 87 32 85 44 76 70
Size
7 3 7 1 9 3 1 2 3 6
10 2 5 2 9 5 9 7 5 7
7 6 1 8 9 2 3 10 9 8
6 4 2 7 1 6 6 1 10 4
6 1 4 2 8 4 10 1 9 2
7 9 7 6 3 5 6 1 10 8
2 3 3 10 8 8 9 6 6 4
9 2 10 9 3 10 1 10 5 5
10 9 3 2 5 10 8 4 6 10
4 7 1 4 4 8 3 1 10 8
7 7 6 10 5 6 10 4 8 5
10 1 5 3 5 7 10 3 10 8
2 10 7 2 5 10 8 8 4 9
6 6 9 8 4 10 3 2 4 4
4 1 4 2 10 6 9 2 7 3
4 5 5 6 6 2 4 10 3 2
3 4 2 9 3 5 5 10 1 10
2 3 2 2 5 6 2 6 9 7
10 9 7 5 8 9 2 3 8 5
3 7 6 1 4 6 8 4 3 7
NoWait times: 3
3 5 7
