n 20
m 10
cap 10
Processing
83 10 70 39 72 69 18 1 7 34
72 51 13 81 78 43 68 20 63 8
96 15 36 30 61 84 51 74 59 90
97 39 72 73 59 43 62 40 7 93
76 68 72 44 31 4 98 34 82 18
53 75 36 43 15 96 94 1 37 33
75 25 50 42 36 27 11 59 72 2
97 66 8 19 97 52 25 69 18 62
30 61 85 96 56 85 36 41 34 91
7 6 16 12 66 78 76 4 99 48
41 27 54 44 37 76 54 96 22 91
60 16 89 88 6 63 44 67 7 44
47 2 36 50 49 41 79 49 42 53
82 68 86 57 8 93 97 87 19 79
34 100 32 7 28 40 73 37 71 45
73 74 80 28 84 27 46 79 82 28
68 38 62 58 19 79 23 34 60 62
13 67 48 47 37 66 7 32 77 9
45 43 4 99 8 89 34 23 51 11
36 36 43 70 15 42 60 30 4 88
Size
8 2 5 10 1 4 2 6 8 4
3 10 8 5 8 6 8 10 10 8
4 5 8 9 10 6 10 3 1 5
4 10 5 6 8 2 3 7 8 5
8 2 5 6 6 4 4 3 9 10
2 5 9 5 5 10 7 4 6 8
2 6 3 1 2 6 2 2 7 4
10 5 10 7 2 9 3 7 5 4
5 10 5 1 4 10 1 6 9 6
7 1 1 10 10 3 6 4 4 10
5 8 1 4 2 2 8 5 1 1
9 8 9 3 1 8 2 5 8 8
6 4 3 8 10 10 6 4 1 5
4 5 8 10 2 8 5 7 4 8
2 5 9 1 3 5 3 4 8 6
7 3 2 5 10 6 5 8 6 9
4 5 5 8 2 4 7 2 8 3
3 5 1 3 2 4 10 2 10 5
7 1 1 5 2 4 9 7 4 5
7 4 2 9 1 2 5 7 6 10
NoWait times: 3
1 2 3
