n 20
m 10
cap 10
Processing
3 27 77 64 85 18 62 93 77 16
63 66 25 30 13 99 21 40 34 37
60 12 96 51 99 71 53 58 23 37
10 65 97 87 7 23 55 23 98 12
64 77 66 14 64 68 13 82 52 81
34 86 2 97 12 35 4 95 31 23
4 4 93 59 58 86 37 15 69 8
75 37 54 82 97 85 3 58 14 53
25 3 62 54 74 36 58 1 38 61
74 28 16 52 52 96 67 1 38 72
65 52 29 15 86 35 9 58 14 66
58 31 13 38 3 63 52 7 80 67
76 80 59 69 93 71 69 99 73 24
96 96 28 39 19 36 84 74 7 86
42 66 23 65 94 23 96 83 76 34
82 74 52 41 70 90 9 91 43 38
89 90 83 40 32 91 42 4 63 14
67 93 25 14 31 45 18 43 99 71
57 99 21 97 72 42 75 46 74 57
55 11 93 48 27 3 97 11 46 58
Size
3 6 4 3 3 5 8 4 9 2
4 2 3 10 1 3 1 4 5 9
6 10 1 2 6 5 7 9 7 2
4 3 10 1 4 5 10 9 5 6
7 8 6 6 8 7 3 6 6 10
7 1 3 6 1 8 1 6 10 7
3 4 8 4 1 10 2 4 10 1
7 4 7 7 8 5 10 2 1 6
1 10 10 4 5 8 5 2 1 10
5 4 8 9 10 8 1 4 2 7
2 10 6 8 5 3 6 9 5 6
4 6 7 5 9 9 3 6 5 3
2 2 4 5 5 10 7 4 9 5
10 9 5 1 7 1 4 1 1 1
4 10 5 1 9 8 6 2 2 1
7 2 2 4 2 5 6 5 2 9
7 2 2 10 6 8 6 10 9 5
7 2 4 9 9 1 1 3 5 3
7 3 4 1 3 1 9 2 8 7
2 9 9 9 10 3 7 7 3 9
NoWait times: 3
1 3 4
