n 20
m 10
cap 10
Processing
76 3 49 89 49 18 15 90 87 92
15 49 59 35 97 85 52 61 100 26
6 50 44 41 7 31 63 68 65 98
80 53 100 62 24 13 90 66 51 76
37 42 10 63 33 99 23 31 93 61
65 98 69 58 49 29 78 68 3 65
4 39 59 30 82 57 54 10 65 80
67 74 6 27 3 22 5 39 52 20
63 9 43 92 69 75 28 49 56 99
28 84 47 97 15 90 78 52 96 47
8 22 76 63 21 37 49 25 74 78
5 63 8 46 31 57 27 8 49 84
97 17 22 9 70 62 89 9 2 7
26 68 60 80 50 70 24 98 4 35
94 77 76 1 24 98 16 83 2 65
75 81 41 36 98 70 44 47 68 86
20 31 92 40 60 60 74 51 11 24
19 41 74 28 18 52 44 65 29 88
77 87 25 51 13 14 18 21 60 57
8 63 2 2 26 35 71 45 29 88
Size
3 7 10 7 8 10 6 1 2 8
4 2 5 5 7 6 3 4 1 2
6 9 1 1 8 5 10 2 6 10
8 4 6 7 8 2 3 5 8 7
9 6 8 10 2 2 7 10 3 6
2 8 5 8 6 1 10 3 6 9
1 2 6 3 5 3 9 8 9 8
3 7 5 7 8 5 7 5 1 7
1 8 1 2 9 1 7 5 10 5
5 6 2 9 2 5 6 4 3 8
4 8 1 1 10 7 9 9 1 4
8 1 4 9 2 7 2 4 4 7
5 7 3 2 8 5 2 2 8 4
3 10 7 8 8 8 10 2 8 3
6 4 5 2 6 5 6 7 1 3
7 5 10 2 4 7 9 2 8 3
2 8 10 10 5 8 7 8 7 9
10 8 6 4 5 9 9 5 9 8
3 3 10 9 10 9 9 3 5 5
8 3 6 8 3 2 3 10 7 3
NoWait times: 3
0 1 8
