n 20
m 10
cap 10
Processing
34 75 36 46 39 29 96 17 3 64
20 99 58 84 13 14 53 27 26 23
71 78 61 45 82 98 72 24 63 64
94 13 16 76 90 29 88 27 34 7
68 7 69 30 97 1 59 20 19 12
98 44 10 32 55 5 27 34 8 73
80 95 15 73 13 69 80 9 84 35
11 62 84 89 80 59 30 47 20 37
1 87 80 87 88 67 50 19 63 13
98 85 95 70 5 56 84 70 30 87
20 54 67 41 43 26 47 54 56 91
45 97 64 71 13 56 100 48 72 44
67 85 32 25 48 43 35 24 5 28
62 26 77 47 100 95 57 80 89 17
40 28 72 43 45 61 20 98 68 73
63 80 30 58 94 97 10 69 10 96
46 81 41 10 7 8 78 82 90 20
97 61 46 60 48 21 21 12 66 79
36 20 14 99 30 77 90 77 6 35
93 92 2 69 44 58 41 75 23 54
Size
9 7 6 2 4 6 4 5 9 2
2 2 9 3 3 9 9 1 8 3
3 7 3 7 5 7 10 5 5 8
6 6 7 4 2 10 9 3 2 3
8 1 7 4 8 1 8 4 1 4
6 1 10 9 7 7 6 4 10 2
3 8 2 7 2 6 8 6 5 3
10 4 7 3 1 6 5 7 5 1
4 10 9 7 7 6 7 10 6 5
7 6 1 10 10 5 1 7 4 5
5 4 9 7 4 3 10 6 5 7
6 7 1 6 6 1 8 9 10 2
1 6 1 1 1 2 1 1 5 6
1 1 10 6 7 1 10 8 3 10
2 8 3 5 2 5 6 8 3 5
7 7 2 5 7 5 1 6 6 2
8 5 7 5 6 8 5 2 3 8
4 1 2 10 5 5 7 7 8 6
8 4 6 8 9 2 6 1 4 1
1 4 4 9 2 10 4 2 1 8
NoWait times: 3
1 2 7
