n 20
m 10
cap 10
Processing
51 19 17 26 82 59 64 32 87 18
27 61 3 77 1 64 91 89 37 15
68 34 86 96 57 25 60 9 20 44
57 66 40 89 59 7 65 43 26 78
20 91 58 59 26 64 25 21 97 58
48 35 95 79 47 83 11 68 48 15
31 38 69 35 38 92 11 95 56 62
60 85 1 22 77 58 60 68 14 90
32 80 2 50 18 91 99 29 42 91
32 3 95 5 96 29 63 69 5 7
50 15 68 54 46 77 5 58 58 86
90 67 81 27 73 53 51 38 47 34
99 23 83 60 50 86 23 68 44 37
94 20 94 100 86 39 2 51 10 77
64 45 46 75 27 71 21 72 76 53
19 7 26 65 29 35 61 81 59 20
68 68 56 55 57 53 72 24 62 44
49 96 81 76 53 24 57 69 19 18
60 36 67 86 39 74 33 59 66 25
95 23 50 1 41 100 75 54 21 10
Size
6 3 1 9 7 8 5 5 5 7
10 5 1 2 1 1 7 6 7 7
8 4 3 4 4 9 1 9 1 8
8 6 7 1 6 5 6 3 6 6
8 9 9 5 1 2 9 3 4 6
1 1 5 7 7 4 6 10 7 8
3 1 8 8 1 9 8 2 7 3
10 9 8 2 1 5 2 2 10 10
3 2 9 10 9 3 7 8 2 7
3 4 1 7 7 3 1 6 9 3
10 5 9 3 10 8 4 2 10 4
8 10 2 1 9 5 3 6 5 5
6 1 2 7 9 7 1 9 9 9
6 7 6 6 10 6 9 3 9 9
3 6 9 2 6 3 5 8 5 5
1 4 4 1 4 2 5 7 6 7
3 4 9 3 7 8 4 10 2 3
8 2 3 5 2 2 9 8 2 9
3 10 6 5 5 6 10 7 2 2
7 10 4 1 10 3 5 8 5 9
NoWait times: 3
0 4 8
