n 20
m 10
cap 10
Processing
52 86 48 45 94 88 79 55 26 53
32 8 93 98 42 89 63 85 90 83
16 4 51 51 82 20 3 49 78 33
33 30 53 53 84 88 13 67 9 83
94 13 84 40 48 42 30 27 4 89
64 14 99 96 91 41 21 88 86 60
58 97 93 59 97 52 15 70 91 32
20 68 70 57 22 44 32 53 65 83
8 79 33 24 28 13 96 57 34 44
31 95 36 70 61 46 57 1 82 76
15 18 79 67 8 68 97 58 13 26
81 42 38 21 18 44 79 85 12 7
64 86 29 59 44 100 54 34 93 64
16 60 91 73 57 94 64 58 19 40
7 83 69 81 49 10 36 76 74 1
70 11 87 51 13 25 23 59 33 43
27 98 17 94 52 19 69 24 73 30
30 57 8 16 99 97 34 66 88 64
70 54 76 42 31 15 98 36 91 12
78 8 36 15 29 75 49 70 23 67
Size
6 8 7 1 8 9 7 5 4 1
10 5 5 3 7 9 1 2 4 9
8 5 6 8 7 3 6 2 1 1
4 3 8 8 1 1 1 4 8 2
7 2 10 5 6 3 10 6 6 5
10 3 9 1 10 10 3 7 4 7
4 3 4 4 2 7 6 2 2 7
6 4 5 2 1 7 2 9 8 3
8 5 1 7 1 6 1 7 6 5
7 4 1 6 3 4 4 8 10 6
8 5 5 6 2 1 8 4 7 4
8 3 3 6 8 5 1 4 4 5
4 3 8 5 2 4 4 7 5 6
6 10 9 8 6 2 2 4 3 1
1 1 10 6 3 8 9 7 6 10
1 4 1 1 6 4 7 3 8 8
5 5 9 4 1 5 7 3 1 10
2 5 7 7 6 8 6 3 5 9
6 7 3 10 5 2 4 2 6 9
5 1 5 6 8 10 2 1 10 5
NoWait times: 3
0 2 5
