n 20
m 10
cap 10
Processing
38 59 52 98 83 41 33 6 51 78
54 74 61 19 90 66 6 14 86 67
72 37 60 27 30 59 65 36 54 26
54 86 52 36 62 41 86 38 52 35
53 88 60 43 39 40 91 13 59 54
40 83 84 6 16 77 86 18 69 80
78 85 3 81 90 97 20 45 37 94
28 62 97 8 31 32 55 74 87 62
19 100 2 79 18 93 36 52 35 18
14 68 17 36 69 57 91 12 77 45
17 5 48 29 8 82 47 29 48 43
91 19 61 61 99 83 89 34 28 72
27 67 61 95 18 94 26 54 47 36
25 15 41 53 29 26 79 76 85 36
29 9 96 58 16 6 25 10 57 30
10 5 83 18 50 54 22 96 49 27
56 57 45 10 90 49 70 29 38 27
12 51 72 39 67 60 38 70 96 77
75 29 34 29 80 3 30 41 54 85
53 9 100 77 5 68 90 62 46 38
Size
8 4 5 5 4 5 6 6 9 3
6 4 1 8 9 2 2 10 10 2
4 9 9 5 7 4 8 4 7 7
4 7 7 4 7 4 10 7 8 3
6 10 4 8 6 7 4 5 9 2
2 4 5 2 2 6 1 8 7 8
3 8 1 2 2 8 5 5 1 2
9 6 10 4 9 2 6 5 4 6
7 10 4 1 1 3 4 6 10 1
10 7 8 10 4 9 8 9 7 6
4 8 4 3 1 4 8 4 1 6
8 7 10 6 10 8 10 1 10 6
7 2 2 3 8 2 7 8 7 9
1 7 2 8 8 1 5 2 2 6
1 9 6 10 10 2 7 4 10 9
10 5 3 10 6 3 7 6 8 6
1 8 9 1 2 8 4 3 9 5
8 1 1 10 6 2 8 3 4 10
7 10 1 2 1 9 8 6 7 8
9 5 5 10 9 3 1 1 7 10
NoWait times: 3
0 5 6
