n 20
m 10
cap 10
Processing
74 90 86 11 34 16 85 99 3 9
85 1 87 94 29 5 28 9 55 27
14 51 50 74 44 75 20 19 59 49
17 62 76 68 5 5 50 1 19 76
3 67 40 81 81 29 21 52 68 52
91 79 13 95 11 35 46 5 61 68
16 61 58 10 6 97 25 8 68 22
10 26 54 77 79 26 26 2 38 17
84 63 70 50 85 46 38 5 6 55
100 44 72 94 37 12 64 23 87 63
40 46 83 93 27 42 19 48 58 49
33 83 19 46 10 57 90 29 95 94
8 61 75 25 51 88 18 10 16 20
16 7 17 49 68 30 48 47 44 31
52 60 54 41 41 60 12 89 52 83
73 12 57 45 70 23 76 11 3 73
29 36 61 34 13 85 49 56 91 4
38 80 38 92 43 89 85 39 72 45
11 94 51 64 59 91 83 49 88 87
53 49 87 6 22 47 91 40 45 41
Size
6 8 3 4 3 8 1 10 7 6
5 7 6 9 7 4 3 10 2 5
1 8 6 1 10 10 5 7 4 6
2 9 1 9 4 7 8 2 1 1
7 7 2 8 6 5 6 2 7 4
4 4 3 10 9 1 5 8 4 7
10 8 6 6 9 6 9 8 9 8
3 8 4 3 3 10 9 1 4 10
8 1 7 1 5 9 7 8 7 8
10 5 3 8 9 5 10 5 8 5
5 3 2 4 3 5 3 3 1 5
7 2 7 6 1 3 3 1 7 3
7 7 3 10 2 8 10 9 9 4
6 9 1 7 10 4 6 1 10 3
8 8 6 6 3 6 1 5 6 2
7 3 5 9 3 3 1 4 2 4
2 6 6 9 6 10 5 6 9 1
7 3 10 1 8 1 6 6 8 6
7 5 8 3 10 1 7 3 10 9
6 2 5 9 9 7 3 4 10 5
NoWait times: 3
1 4 8
