n 20
m 10
cap 10
Processing
91 10 100 85 32 20 34 91 46 59
31 37 86 83 57 72 63 6 85 30
43 20 99 26 49 51 84 28 86 46
91 81 44 97 79 76 82 79 31 8
6 68 50 42 87 89 3 90 95 59
52 70 51 11 39 26 28 45 58 30
15 61 28 3 49 53 67 32 6 65
47 78 69 48 24 50 72 70 74 53
67 23 5 87 10 77 81 75 22 37
70 8 69 23 24 91 76 8 63 2
65 29 53 2 60 92 32 77 17 5
69 98 69 24 22 29 63 65 9 94
19 37 21 25 15 16 54 22 91 17
53 49 24 65 85 30 75 79 70 62
94 40 91 23 30 31 50 59 46 74
14 21 89 98 95 48 56 96 61 27
97 82 7 45 94 70 10 63 54 60
66 81 46 83 36 27 5 5 49 1
41 16 47 55 71 7 45 87 38 42
4 76 83 13 11 9 63 53 66 22
Size
6 4 5 5 3 8 9 6 3 4
4 9 7 1 8 1 7 4 6 1
5 4 3 2 2 2 2 6 1 4
6 7 10 5 3 10 2 5 5 10
7 3 3 2 8 8 3 9 5 3
3 8 10 2 9 3 7 6 10 1
9 5 9 1 6 8 5 6 9 3
2 10 8 2 4 5 1 6 7 5
4 4 6 4 6 9 4 7 4 9
6 5 6 2 10 2 10 9 3 2
1 8 10 4 9 1 7 5 4 7
8 5 9 10 6 3 6 7 3 3
1 7 5 1 3 3 7 6 10 10
6 2 2 2 2 4 4 2 2 7
8 9 9 7 6 6 2 5 9 3
3 8 3 3 3 10 2 10 4 4
9 6 3 2 7 7 3 8 9 8
3 3 4 3 2 6 4 3 10 9
7 9 5 10 2 9 3 5 1 1
6 10 3 10 6 9 8 1 4 1
NoWait times: 3
0 2 5
