n 20
m 10
cap 20
Processing
9 94 89 92 59 35 64 82 33 43
5 48 26 77 14 14 23 12 55 36
54 91 75 80 59 30 33 9 70 62
11 16 24 16 68 37 50 83 66 62
86 14 77 80 51 82 16 40 25 31
21 89 14 18 56 32 50 6 78 59
22 75 38 15 59 58 64 18 91 63
95 41 41 7 51 100 74 2 47 38
90 65 84 23 76 16 74 17 84 19
14 9 88 90 30 19 34 78 44 64
61 65 9 76 19 87 26 49 12 23
17 7 45 67 98 10 92 29 98 65
100 89 76 46 80 23 44 38 84 10
6 58 83 10 2 52 69 63 67 57
6 33 40 48 40 43 66 30 23 83
65 83 56 78 86 56 67 33 66 66
40 91 67 61 50 66 22 18 8 77
84 52 14 54 10 88 62 67 43 11
65 4 70 49 23 57 100 84 20 27
1 17 47 91 97 62 13 87 68 30
Size
9 6 7 3 10 6 10 9 4 10
6 1 3 3 4 7 2 4 10 9
6 1 5 7 10 4 1 10 10 4
5 6 10 5 3 2 8 5 6 6
9 5 7 3 8 5 7 2 8 9
2 5 9 10 4 1 9 2 10 9
10 6 3 6 10 2 3 3 1 5
9 7 10 8 9 1 1 1 4 7
3 6 5 7 8 9 1 7 6 1
10 2 2 4 4 1 5 3 8 2
9 8 9 1 6 2 8 5 5 3
8 9 2 5 6 1 2 10 6 2
4 5 5 8 10 6 2 8 10 8
8 1 8 1 8 9 4 1 8 10
1 4 1 6 10 4 8 2 10 7
7 3 9 4 2 5 2 3 5 8
4 10 8 6 9 1 5 10 9 9
3 8 6 7 6 5 9 4 10 1
8 9 3 5 6 1 5 6 9 1
3 6 7 3 9 9 6 4 3 2
NoWait times: 3
0 4 8
