n 20
m 10
cap 20
Processing
45 91 98 1 87 60 2 41 88 83
47 95 85 26 28 2 95 45 97 98
29 18 11 55 77 10 20 47 90 71
54 5 37 1 72 88 83 40 6 69
82 53 92 3 93 94 41 75 52 57
34 87 8 24 31 11 100 20 84 69
35 51 2 64 34 97 18 93 69 51
81 30 94 69 8 17 8 88 62 57
80 69 49 53 16 23 84 52 87 1
26 59 10 58 29 21 25 50 47 62
27 95 18 66 87 33 39 59 98 93
11 69 9 40 1 93 97 11 24 45
23 86 49 18 62 35 24 36 74 41
30 57 1 14 40 1 68 61 86 64
60 61 93 35 61 19 55 44 15 77
83 97 65 82 63 81 18 79 64 7
24 72 77 69 72 77 96 76 72 17
91 23 59 21 17 38 85 37 56 81
31 94 7 22 53 80 92 34 57 17
57 34 99 59 73 83 72 35 4 83
Size
9 9 8 6 9 5 10 2 5 10
4 4 3 2 1 8 7 3 7 1
3 1 9 8 10 4 5 6 9 1
5 1 2 1 5 9 4 4 3 10
6 7 10 1 5 6 6 6 9 7
3 5 6 1 10 5 7 1 9 10
3 9 6 9 8 8 10 1 4 4
8 4 2 8 4 5 1 8 9 9
5 7 7 8 3 4 4 5 2 9
1 9 8 7 4 10 8 4 10 10
4 9 4 6 2 7 7 6 3 3
4 8 3 2 3 5 2 10 3 7
6 9 6 9 8 4 10 1 10 3
10 2 7 7 1 1 4 6 4 5
5 2 3 3 10 3 7 5 7 8
7 4 3 9 6 7 7 8 5 3
9 3 7 9 3 5 10 5 10 5
5 10 6 1 2 10 6 3 7 7
8 3 5 8 8 1 10 6 3 4
3 10 7 6 3 4 3 8 10 1
NoWait times: 3
0 4 6
