n 20
m 10
cap 20
Processing
48 50 18 7 29 81 74 74 61 13
87 61 7 27 38 5 95 89 59 29
9 53 10 96 76 8 94 43 86 65
81 10 42 65 67 10 5 44 4 75
54 89 29 76 78 90 61 35 92 78
88 15 89 52 87 88 81 24 2 72
37 63 70 7 71 19 21 100 39 40
6 33 20 1 64 83 40 39 70 71
31 27 78 89 69 64 92 31 7 12
31 61 48 34 66 100 47 12 22 26
41 13 68 8 48 31 67 47 16 88
92 50 8 15 4 44 89 8 83 7
80 64 45 21 34 67 33 48 23 33
20 17 8 44 44 56 2 51 75 83
27 2 47 58 84 46 62 85 33 90
3 4 65 28 35 17 19 2 19 21
11 22 14 79 81 51 17 17 68 65
87 56 10 48 93 48 71 86 95 29
38 94 30 55 48 96 41 14 65 10
58 48 65 35 63 94 95 82 12 56
Size
1 10 2 1 5 4 2 7 8 8
8 1 9 2 8 10 3 1 8 6
3 6 2 4 5 7 9 7 4 8
6 8 6 6 5 5 9 10 3 5
4 1 10 6 3 1 7 2 6 1
4 1 1 10 2 8 3 8 8 1
9 10 1 10 7 3 7 10 1 5
5 4 1 2 6 4 3 7 5 4
5 2 10 6 3 2 4 8 4 10
10 4 3 2 9 5 3 5 4 9
5 4 1 7 3 9 4 10 5 5
5 6 5 6 9 3 5 9 10 10
3 3 1 1 8 6 10 10 6 7
2 4 9 2 10 4 8 6 4 5
3 3 9 7 7 2 1 3 3 10
1 6 3 8 4 5 3 8 7 7
9 10 3 3 3 6 2 5 3 10
1 1 4 7 5 6 9 9 2 3
7 3 9 1 10 10 5 9 6 3
9 6 4 9 10 6 2 5 2 2
NoWait times: 3
0 3 4
