n 20
m 10
cap 20
Processing
43 86 71 29 18 57 67 98 33 80
56 64 65 64 9 27 37 99 97 20
96 85 74 17 76 86 56 38 9 72
7 35 97 21 49 35 21 35 82 16
37 56 11 94 80 37 2 93 55 78
52 69 54 4 33 46 6 68 36 81
23 98 24 76 62 11 48 26 80 83
94 4 54 100 93 23 5 32 59 6
30 21 31 86 12 21 54 99 50 71
10 78 24 78 91 74 37 94 25 100
62 44 50 62 98 82 62 9 58 82
5 77 97 92 88 66 59 45 13 53
86 55 23 70 23 88 94 77 1 100
7 95 21 81 62 80 93 16 46 12
73 28 28 61 15 80 44 8 32 54
60 28 42 97 54 3 9 74 63 50
72 59 49 54 100 54 32 38 92 26
72 99 31 91 65 43 98 96 9 81
22 65 78 95 40 4 71 5 96 19
54 28 83 37 99 63 52 21 91 4
Size
9 8 5 8 2 8 10 5 1 6
4 8 8 5 4 10 9 4 4 4
10 2 4 1 8 10 2 7 4 3
7 1 6 4 9 1 2 3 9 10
5 7 5 2 9 9 3 8 8 10
7 1 5 5 3 1 9 1 7 7
4 7 8 1 2 1 6 6 9 9
5 2 7 1 3 3 6 10 2 5
10 7 10 7 2 7 2 8 1 8
10 1 5 2 7 7 8 8 10 2
2 5 7 9 5 8 6 9 9 10
8 3 2 9 4 7 2 3 5 7
7 8 7 7 1 10 3 1 3 3
2 7 4 9 5 3 4 7 10 10
3 6 10 5 7 2 1 5 6 6
5 6 2 8 10 4 8 10 2 7
4 4 3 8 6 9 9 2 7 6
2 9 9 2 10 9 7 2 6 6
8 2 1 4 10 3 8 7 8 6
6 7 3 9 3 4 5 7 7 9
NoWait times: 3
5 6 7
