n 20
m 10
cap 20
Processing
91 91 16 81 44 97 97 70 99 8
5 93 36 33 5 5 2 52 59 14
32 70 54 86 65 93 56 23 37 4
56 30 27 49 17 74 57 55 16 25
89 10 22 72 48 22 61 41 44 95
3 45 73 70 33 82 86 36 58 29
50 42 55 49 70 41 17 25 96 98
86 57 45 14 63 15 5 31 63 99
91 85 66 84 19 38 73 30 4 14
19 35 58 65 76 88 70 50 76 10
71 75 81 20 75 78 87 29 60 13
1 54 79 49 86 15 76 25 2 65
16 43 21 95 30 36 5 15 86 89
21 93 19 32 48 90 78 37 14 36
74 11 43 57 46 36 2 55 13 62
86 51 87 45 34 69 48 10 37 3
5 97 5 49 86 58 77 87 67 98
45 78 41 25 13 13 37 89 65 17
61 100 43 6 25 100 34 78 72 44
21 65 46 98 18 23 10 9 21 19
Size
10 9 3 6 8 4 1 4 5 9
10 4 2 7 10 5 4 6 3 9
7 9 7 9 3 1 3 1 2 4
5 3 10 9 2 1 5 4 3 6
7 9 7 2 2 10 1 6 7 6
2 4 2 6 1 9 8 2 1 7
4 1 10 5 7 10 6 7 5 6
6 3 6 1 8 8 4 8 10 6
8 2 8 4 9 4 2 3 6 7
2 8 3 9 5 6 6 1 7 6
5 8 1 6 10 2 4 6 10 10
1 2 6 5 9 1 2 3 6 5
8 3 7 3 10 10 6 3 5 6
10 3 2 3 4 6 6 5 2 3
10 8 9 2 5 10 2 4 2 5
3 3 6 8 8 8 9 1 4 4
3 7 10 6 1 5 10 8 8 7
7 9 3 5 2 8 9 3 4 5
6 2 5 9 9 1 6 4 9 3
4 8 1 3 7 10 5 9 3 5
NoWait times: 3
0 3 8
