n 20
m 10
cap 20
Processing
67 65 69 4 47 65 5 78 68 53
99 49 48 41 90 89 75 28 26 49
81 32 84 10 40 20 12 24 89 27
38 9 55 55 77 73 70 19 4 38
11 43 97 88 83 79 33 56 89 95
95 79 55 94 96 48 49 99 78 88
18 93 63 75 28 41 47 32 43 25
53 85 40 80 25 7 16 80 42 95
51 95 83 7 56 42 65 20 66 83
88 63 22 37 63 28 85 31 31 7
56 43 33 47 29 19 34 80 96 37
93 24 60 18 89 30 79 85 30 88
1 93 94 60 32 23 13 77 76 2
32 67 79 86 88 79 69 85 15 55
15 13 61 79 84 27 43 33 89 73
86 84 12 82 59 30 85 22 85 77
54 42 92 6 3 7 46 63 57 9
33 82 41 91 53 24 36 97 68 93
97 71 50 47 34 9 99 27 84 26
89 85 98 82 25 49 57 38 32 54
Size
8 2 9 7 7 5 2 4 9 1
8 7 2 2 8 4 5 6 3 5
10 7 4 5 5 7 1 3 5 6
6 5 2 1 3 4 7 8 5 3
10 10 6 3 7 4 5 10 1 3
8 6 8 8 10 1 6 4 6 8
9 9 5 5 7 8 2 7 10 10
4 4 9 5 10 7 3 1 9 9
5 10 9 3 3 4 8 5 4 7
6 10 1 1 1 6 3 7 5 8
1 4 9 7 10 10 9 10 1 10
2 1 1 7 2 8 5 5 6 3
10 7 7 8 4 3 8 5 5 8
4 8 8 2 10 5 6 1 8 10
5 1 5 1 8 6 2 5 7 8
3 4 8 8 7 3 6 9 9 4
9 10 6 9 5 8 5 7 6 10
10 10 10 8 7 6 10 2 1 10
1 9 7 4 6 9 4 5 10 1
10 7 4 1 6 2 8 4 3 9
NoWait times: 3
0 2 4
