n 20
m 10
cap 20
Processing
89 19 91 41 48 80 41 3 44 99
74 9 33 77 83 69 91 17 45 32
70 50 44 10 88 65 89 23 16 46
18 80 52 38 56 13 38 19 54 57
56 99 30 58 63 92 4 95 77 81
32 35 54 41 43 67 72 66 67 62
17 8 65 53 64 50 9 2 71 6
54 92 43 97 70 6 49 81 24 77
71 98 69 100 64 85 44 30 82 38
22 88 18 38 100 75 97 84 63 21
67 7 100 83 15 96 75 10 18 34
11 44 6 63 24 48 15 18 13 97
8 16 4 24 80 49 10 95 84 44
83 18 53 54 25 11 87 49 1 41
16 81 100 83 97 33 63 46 92 12
64 48 89 45 38 58 35 48 89 7
48 66 11 56 97 75 1 51 33 85
47 21 50 69 68 48 14 48 79 3
53 97 37 46 52 97 19 72 49 47
61 2 98 98 3 21 60 17 96 59
Size
10 2 9 9 10 1 8 4 4 6
10 2 3 1 7 3 6 10 6 7
4 7 8 1 1 8 4 4 3 5
2 8 2 3 8 10 3 7 9 6
6 2 2 3 3 5 5 3 8 4
8 1 4 7 3 5 8 10 1 3
8 8 1 5 4 5 3 1 6 2
1 7 9 8 4 6 1 8 8 5
3 3 6 8 6 2 4 1 8 2
10 3 5 5 1 3 8 5 3 5
7 4 4 8 1 4 8 6 3 3
7 6 8 10 2 1 4 6 7 10
4 8 6 3 10 10 4 5 1 6
5 5 8 9 9 1 2 3 1 10
2 9 7 9 4 9 1 10 8 3
6 10 9 8 5 5 4 1 3 7
4 4 5 3 9 7 10 8 4 7
8 1 3 4 7 3 7 5 1 9
6 6 6 7 9 6 4 4 9 7
3 9 8 7 6 4 10 2 10 3
NoWait times: 3
2 3 5
