n 20
m 10
cap 20
Processing
98 88 91 88 13 54 30 73 31 96
36 55 20 55 3 70 49 32 85 22
60 18 95 47 36 23 90 9 38 40
70 30 70 100 97 94 19 47 14 80
68 15 57 63 35 35 88 85 9 32
4 49 66 31 50 52 94 54 87 57
6 97 10 59 6 57 22 16 25 88
49 29 97 31 85 67 6 67 3 34
90 80 38 40 36 80 87 26 9 13
99 99 59 75 98 57 87 51 80 10
50 91 52 99 54 1 21 35 3 62
57 39 31 93 47 13 15 61 77 8
96 42 69 4 42 63 81 21 84 10
82 98 42 81 19 32 83 47 79 94
72 34 3 31 96 76 18 52 92 67
46 28 53 76 42 6 36 88 63 53
90 31 78 71 29 23 39 87 79 98
8 74 70 22 53 50 98 11 93 56
86 69 45 71 30 33 46 53 7 53
78 13 29 48 57 10 21 94 86 55
Size
6 6 7 9 8 6 10 7 1 5
2 5 5 2 1 2 3 8 4 6
7 9 5 4 10 10 4 7 3 8
4 10 3 4 4 3 8 5 7 2
7 1 2 10 8 8 4 9 10 9
8 3 9 5 7 9 1 5 6 3
3 5 9 8 2 9 8 1 10 5
3 1 4 3 8 3 6 9 9 3
9 4 8 5 8 9 2 8 1 9
2 1 3 8 7 9 3 10 2 4
9 8 2 1 1 10 8 7 5 8
1 2 7 9 5 8 9 5 8 9
1 4 9 1 9 4 3 5 6 7
4 5 8 3 9 5 6 9 2 1
9 5 2 6 7 2 9 9 10 1
10 8 8 9 4 1 8 1 2 4
7 9 7 10 4 5 5 3 7 4
8 1 3 3 8 5 2 6 8 8
3 6 5 8 3 10 3 8 1 7
6 6 10 7 3 7 6 2 4 8
NoWait times: 3
1 3 8
