n 20
m 10
cap 20
Processing
38 31 8 74 48 53 72 53 6 79
70 66 2 26 22 24 64 29 56 55
75 87 64 40 16 78 4 79 7 78
77 82 64 38 76 1 60 88 33 58
34 94 88 55 26 44 69 67 66 32
19 66 49 100 65 100 69 36 61 64
43 25 53 44 39 25 35 89 47 88
57 32 92 63 26 13 43 63 28 96
97 1 91 26 54 66 28 44 8 43
73 97 14 93 41 56 64 30 91 73
73 28 8 50 100 47 57 9 14 36
49 61 92 80 59 75 46 63 53 56
90 88 67 77 35 23 34 52 34 63
48 1 14 90 73 8 74 96 96 56
76 38 89 31 23 27 34 59 45 13
69 10 8 6 50 85 38 39 65 45
37 31 86 36 34 30 57 22 66 76
52 16 37 40 33 54 2 44 56 80
4 9 93 84 90 61 30 41 94 57
83 45 80 69 69 94 31 38 45 5
Size
8 5 9 10 6 5 4 6 7 9
2 4 1 6 7 9 9 5 8 7
3 1 3 1 7 10 1 9 1 7
9 3 7 6 3 10 10 2 7 5
5 7 4 9 3 5 9 3 2 10
2 4 3 7 7 6 9 1 3 8
1 2 5 4 4 4 9 3 1 1
10 3 8 8 7 3 7 1 7 6
7 4 6 6 1 5 3 4 5 9
2 1 9 8 5 3 6 10 4 7
5 5 9 10 6 4 4 7 10 8
2 2 10 5 2 10 7 8 10 5
4 8 9 5 1 10 5 6 2 5
9 8 2 5 3 2 5 7 10 1
7 6 2 6 4 8 4 1 7 6
7 1 3 10 8 4 10 6 1 1
5 10 4 10 2 1 1 8 6 2
8 7 4 7 5 7 4 1 8 10
6 6 9 5 1 3 3 10 3 2
4 6 7 10 1 7 7 9 2 5
NoWait times: 3
0 5 6
